GEOID20,District
190019601001000,3
190019601001001,3
190019601001002,3
190019601001003,3
190019601001004,3
190019601001007,3
190019601001032,3
190019601001056,3
190019601001057,3
190019601001069,3
190019601001070,3
190019601001071,3
190019601001072,3
190019601001073,3
190019601001074,3
190019601001075,3
190019601001076,3
190019601001078,3
190019601001079,3
190019601001081,3
190019601001084,3
190019601001085,3
190019601001099,3
190019601001100,3
190019601001101,3
190019601001102,3
190019601001103,3
190019601001104,3
190019601001110,3
190019601001111,3
190019601001115,3
190019601001116,3
190019601001117,3
190019601001118,3
190019601001119,3
190019601001120,3
190019601001121,3
190019601001122,3
190019601001123,3
190019601001124,3
190019601001125,3
190019601001126,3
190019601001127,3
190019601001128,3
190019601001129,3
190019601001130,3
190019601001131,3
190019601001132,3
190019601001133,3
190019601001134,3
190019601001135,3
190019601001136,3
190019601001137,3
190019601001138,3
190019601001139,3
190019601001140,3
190019601001141,3
190019601001142,3
190019601001143,3
190019601001144,3
190019601001145,3
190019601001160,3
190019601001161,3
190019601001234,3
190019601001235,3
190019601001236,3
190019601001237,3
190019601001260,3
190019601001005,3
190019601001006,3
190019601001008,3
190019601001009,3
190019601001010,3
190019601001011,3
190019601001012,3
190019601001013,3
190019601001014,3
190019601001015,3
190019601001016,3
190019601001017,3
190019601001018,3
190019601001019,3
190019601001020,3
190019601001021,3
190019601001022,3
190019601001023,3
190019601001024,3
190019601001025,3
190019601001026,3
190019601001027,3
190019601001028,3
190019601001029,3
190019601001030,3
190019601001031,3
190019601001036,3
190019601001037,3
190019601001038,3
190019601001039,3
190019601001040,3
190019601001041,3
190019601001042,3
190019601001043,3
190019601001044,3
190019601001045,3
190019601001046,3
190019601001047,3
190019601001048,3
190019601001049,3
190019601001050,3
190019601001051,3
190019601001052,3
190019601001053,3
190019601001054,3
190019601001055,3
190019601001058,3
190019601001059,3
190019601001060,3
190019601001061,3
190019601001062,3
190019601001063,3
190019601001064,3
190019601001065,3
190019601001068,3
190019601001077,3
190019601001080,3
190019601001259,3
190019601001033,3
190019601001034,3
190019601001035,3
190019601001066,3
190019601001067,3
190019601001082,3
190019601001083,3
190019601001086,3
190019601001087,3
190019601001088,3
190019601001089,3
190019601001090,3
190019601001091,3
190019601001092,3
190019601001093,3
190019601001094,3
190019601001095,3
190019601001096,3
190019601001097,3
190019601001098,3
190019601001105,3
190019601001106,3
190019601001107,3
190019601001108,3
190019601001109,3
190019601001112,3
190019601001113,3
190019601001114,3
190019601001152,3
190019601001153,3
190019601001154,3
190019601001155,3
190019601001263,3
190019601002000,3
190019601002001,3
190019601002008,3
190019601002019,3
190019601002020,3
190019601002115,3
190019601002116,3
190019601002117,3
190019601002118,3
190019601002119,3
190019601002120,3
190019601002121,3
190019601002122,3
190019601002129,3
190019601002130,3
190019601002131,3
190019601002132,3
190019601002133,3
190019601002134,3
190019601002135,3
190019601002136,3
190019601002137,3
190019601002138,3
190019601002139,3
190019601002140,3
190019601002141,3
190019601002144,3
190019601002145,3
190019601002149,3
190019601002150,3
190019601002153,3
190019601002154,3
190019601002155,3
190019601002157,3
190019601002158,3
190019601002159,3
190019601002160,3
190019601001146,3
190019601001147,3
190019601001156,3
190019601001157,3
190019601001158,3
190019601001159,3
190019601001162,3
190019601001163,3
190019601001164,3
190019601001165,3
190019601001166,3
190019601001173,3
190019601001174,3
190019601001208,3
190019601001209,3
190019601001210,3
190019601001226,3
190019601001227,3
190019601001228,3
190019601001229,3
190019601001230,3
190019601001231,3
190019601001232,3
190019601001233,3
190019601001238,3
190019601001239,3
190019601001240,3
190019601001241,3
190019601001242,3
190019601001243,3
190019601001244,3
190019601001245,3
190019601001246,3
190019601001253,3
190019601001254,3
190019601001255,3
190019601001256,3
190019601001257,3
190019602001000,3
190019602001001,3
190019602001002,3
190019602001003,3
190019602001004,3
190019602001005,3
190019602001006,3
190019602001007,3
190019601001148,3
190019601001149,3
190019601001150,3
190019601001151,3
190019601001167,3
190019601001168,3
190019601001169,3
190019601001170,3
190019601001171,3
190019601001172,3
190019601001175,3
190019601001176,3
190019601001177,3
190019601001178,3
190019601001179,3
190019601001180,3
190019601001181,3
190019601001182,3
190019601001190,3
190019601001191,3
190019601001192,3
190019601001193,3
190019601001194,3
190019601001195,3
190019601001199,3
190019601001200,3
190019601001201,3
190019601001202,3
190019601001203,3
190019601001204,3
190019601001205,3
190019601001206,3
190019601001207,3
190019601001211,3
190019601001212,3
190019601001213,3
190019601001214,3
190019601001258,3
190019601001261,3
190019601002151,3
190019601002152,3
190019601002156,3
190019601002161,3
190019601002162,3
190019601002163,3
190019601002164,3
190019601002165,3
190019601002166,3
190019602001008,3
190019602001009,3
190019602001010,3
190019602001011,3
190019602001012,3
190019603002000,3
190019603002001,3
190019603002002,3
190019601001183,3
190019601001184,3
190019601001185,3
190019601001186,3
190019601001187,3
190019601001188,3
190019601001189,3
190019601001196,3
190019601001197,3
190019601001198,3
190019601001215,3
190019601001216,3
190019601001217,3
190019601001218,3
190019601001219,3
190019601001220,3
190019601001221,3
190019601001222,3
190019601001223,3
190019601001224,3
190019601001225,3
190019601001247,3
190019601001248,3
190019601001249,3
190019601001250,3
190019601001251,3
190019601001252,3
190019601001262,3
190019601002103,3
190019601002104,3
190019601002105,3
190019601002142,3
190019601002143,3
190019601002146,3
190019601002167,3
190019601002175,3
190019601002182,3
190019601002183,3
190019601002190,3
190019601002213,3
190019601002214,3
190019601002002,3
190019601002003,3
190019601002006,3
190019601002009,3
190019601002010,3
190019601002011,3
190019601002012,3
190019601002013,3
190019601002018,3
190019601002021,3
190019601002022,3
190019601002023,3
190019601002024,3
190019601002025,3
190019601002026,3
190019601002027,3
190019601002057,3
190019601002058,3
190019601002059,3
190019601002060,3
190019601002061,3
190019601002062,3
190019601002063,3
190019601002064,3
190019601002085,3
190019601002086,3
190019601002087,3
190019601002088,3
190019601002089,3
190019601002090,3
190019601002091,3
190019601002092,3
190019601002093,3
190019601002106,3
190019601002107,3
190019601002108,3
190019601002109,3
190019601002110,3
190019601002111,3
190019601002112,3
190019601002113,3
190019601002114,3
190019601002123,3
190019601002124,3
190019601002125,3
190019601002126,3
190019601002127,3
190019601002128,3
190019601002147,3
190019601002148,3
190019601002004,3
190019601002005,3
190019601002007,3
190019601002016,3
190019601002017,3
190019601002014,3
190019601002015,3
190019601002028,3
190019601002029,3
190019601002030,3
190019601002031,3
190019601002032,3
190019601002033,3
190019601002034,3
190019601002035,3
190019601002036,3
190019601002037,3
190019601002038,3
190019601002039,3
190019601002040,3
190019601002041,3
190019601002042,3
190019601002043,3
190019601002044,3
190019601002045,3
190019601002046,3
190019601002047,3
190019601002048,3
190019601002049,3
190019601002050,3
190019601002051,3
190019601002052,3
190019601002053,3
190019601002054,3
190019601002055,3
190019601002056,3
190019601002065,3
190019601002066,3
190019601002067,3
190019601002068,3
190019601002069,3
190019601002070,3
190019601002071,3
190019601002072,3
190019601002073,3
190019601002074,3
190019601002075,3
190019601002076,3
190019601002077,3
190019601002078,3
190019601002079,3
190019601002080,3
190019601002081,3
190019601002082,3
190019601002083,3
190019601002084,3
190019601002094,3
190019601002095,3
190019601002096,3
190019601002174,3
190019601003000,3
190019601003001,3
190019601003014,3
190019601003015,3
190019601003066,3
190019601003067,3
190019601003072,3
190019601003073,3
190019601003074,3
190019601003075,3
190019601002097,3
190019601002098,3
190019601002099,3
190019601002100,3
190019601002101,3
190019601002102,3
190019601002168,3
190019601002169,3
190019601002170,3
190019601002171,3
190019601002172,3
190019601002173,3
190019601002176,3
190019601002177,3
190019601002178,3
190019601002179,3
190019601002180,3
190019601002181,3
190019601002184,3
190019601002185,3
190019601002186,3
190019601002187,3
190019601002188,3
190019601002189,3
190019601002191,3
190019601002192,3
190019601002193,3
190019601002194,3
190019601002195,3
190019601002196,3
190019601002197,3
190019601002198,3
190019601002199,3
190019601002200,3
190019601002201,3
190019601002202,3
190019601002203,3
190019601002204,3
190019601002205,3
190019601002206,3
190019601002207,3
190019601002208,3
190019601002209,3
190019601002210,3
190019601002211,3
190019601002212,3
190019601002215,3
190019601002216,3
190019601002217,3
190019601002218,3
190019601002219,3
190019601002220,3
190019602002014,3
190019602002015,3
190019602002016,3
190019602002017,3
190019602002018,3
190019602002019,3
190019602002020,3
190019602002021,3
190019602002022,3
190019602002023,3
190019602002026,3
190019602002027,3
190019602002028,3
190019602002029,3
190019602002030,3
190019602002031,3
190019602002032,3
190019602002033,3
190019602002034,3
190019602002035,3
190019602002036,3
190019602002037,3
190019602002038,3
190019602002039,3
190019602002040,3
190019602002041,3
190019602002042,3
190019602002043,3
190019602002044,3
190019602002045,3
190019602002046,3
190019602002047,3
190019602002048,3
190019602002049,3
190019602002050,3
190019602002051,3
190019602002052,3
190019602002053,3
190019602002054,3
190019602002055,3
190019602002056,3
190019602002058,3
190019602002059,3
190019602002060,3
190019602002063,3
190019602002064,3
190019602002065,3
190019602002066,3
190019602002076,3
190019602002235,3
190019602002237,3
190019602002238,3
190019602002239,3
190019602002242,3
190019602002243,3
190019601003002,3
190019601003003,3
190019601003004,3
190019601003005,3
190019601003006,3
190019601003007,3
190019601003008,3
190019601003009,3
190019601003010,3
190019601003011,3
190019601003012,3
190019601003013,3
190019601003016,3
190019601003017,3
190019601003018,3
190019601003019,3
190019601003020,3
190019601003021,3
190019601003022,3
190019601003023,3
190019601003024,3
190019601003025,3
190019601003026,3
190019601003027,3
190019601003028,3
190019601003029,3
190019601003030,3
190019601003031,3
190019601003032,3
190019601003033,3
190019601003034,3
190019601003035,3
190019601003036,3
190019601003037,3
190019601003038,3
190019601003039,3
190019601003040,3
190019601003041,3
190019601003042,3
190019601003043,3
190019601003044,3
190019601003045,3
190019601003046,3
190019601003047,3
190019601003048,3
190019601003049,3
190019601003050,3
190019601003051,3
190019601003052,3
190019601003053,3
190019601003054,3
190019601003055,3
190019601003056,3
190019601003057,3
190019601003058,3
190019601003059,3
190019601003060,3
190019601003061,3
190019601003062,3
190019601003063,3
190019601003064,3
190019601003065,3
190019601003068,3
190019601003069,3
190019601003070,3
190019601003071,3
190019601003076,3
190019601003077,3
190019602001013,3
190019602001014,3
190019602001015,3
190019602001036,3
190019602001037,3
190019602001038,3
190019602001039,3
190019602001040,3
190019602001041,3
190019602001042,3
190019602001043,3
190019602001044,3
190019602001045,3
190019602001046,3
190019602001047,3
190019602001048,3
190019602001050,3
190019602001051,3
190019602001052,3
190019602001053,3
190019602001054,3
190019602001055,3
190019602001056,3
190019602001057,3
190019602001058,3
190019602001086,3
190019602001087,3
190019602001088,3
190019602001089,3
190019602001169,3
190019602001171,3
190019602002000,3
190019602002001,3
190019602002002,3
190019602002003,3
190019602002004,3
190019602002005,3
190019602002098,3
190019602002099,3
190019602002100,3
190019602002101,3
190019603001000,3
190019603002003,3
190019603002004,3
190019603004095,3
190019602001016,3
190019602001017,3
190019602001018,3
190019602001019,3
190019602001020,3
190019602001021,3
190019602001022,3
190019602001023,3
190019602001024,3
190019602001025,3
190019602001026,3
190019602001027,3
190019602001028,3
190019602001029,3
190019602001030,3
190019602001031,3
190019602001032,3
190019602001033,3
190019602001034,3
190019602001035,3
190019602001059,3
190019602001060,3
190019602001061,3
190019602001062,3
190019602001063,3
190019602001064,3
190019602001065,3
190019602001066,3
190019602001067,3
190019602001068,3
190019602001069,3
190019602001070,3
190019602001071,3
190019602001072,3
190019602001073,3
190019602001074,3
190019602001075,3
190019602001076,3
190019602001077,3
190019602001078,3
190019602001079,3
190019602001080,3
190019602001081,3
190019602001082,3
190019602001083,3
190019602001084,3
190019602001085,3
190019602001090,3
190019602001091,3
190019602001092,3
190019602001093,3
190019602001094,3
190019602001095,3
190019602001096,3
190019602001097,3
190019602001098,3
190019602001101,3
190019602001102,3
190019602001109,3
190019602001172,3
190019602001049,3
190019603002015,3
190019603002062,3
190019603002063,3
190019603003000,3
190019603003038,3
190019603004082,3
190019603004083,3
190019603004084,3
190019603004085,3
190019603004086,3
190019602001099,3
190019602001100,3
190019602001114,3
190019602001115,3
190019602001117,3
190019602001118,3
190019602001119,3
190019602001124,3
190019602001125,3
190019602001156,3
190019602001157,3
190019602001158,3
190019602001159,3
190019602001160,3
190019602001161,3
190019602001162,3
190019602001163,3
190019602001164,3
190019602001165,3
190019602001166,3
190019602002096,3
190019602002097,3
190019602002102,3
190019602002103,3
190019602002104,3
190019602002105,3
190019602002106,3
190019602002107,3
190019602002108,3
190019602002109,3
190019602002110,3
190019602002111,3
190019602002112,3
190019602002113,3
190019602002114,3
190019602002115,3
190019602002116,3
190019602002117,3
190019602002169,3
190019602002170,3
190019602002171,3
190019602002172,3
190019602002173,3
190019602002198,3
190019602002199,3
190019602002200,3
190019602002201,3
190019602002202,3
190019602002203,3
190019602002204,3
190019602002205,3
190019602002206,3
190019602002207,3
190019602002208,3
190019602002209,3
190019602002210,3
190019602002211,3
190019602002212,3
190019602002213,3
190019602002214,3
190019602002215,3
190019602002216,3
190019602002217,3
190019602002218,3
190019602002219,3
190019602002220,3
190019602002221,3
190019602002222,3
190019602002223,3
190019602002224,3
190019602002225,3
190019602002226,3
190019602002227,3
190019602002228,3
190019602002229,3
190019602002236,3
190019602002240,3
190019602001103,3
190019602001104,3
190019602001105,3
190019602001106,3
190019602001107,3
190019602001108,3
190019602001110,3
190019602001111,3
190019602001112,3
190019602001113,3
190019602001116,3
190019602001120,3
190019602001121,3
190019602001122,3
190019602001123,3
190019602001126,3
190019602001127,3
190019602001128,3
190019602001129,3
190019602001130,3
190019602001131,3
190019602001132,3
190019602001133,3
190019602001134,3
190019602001135,3
190019602001136,3
190019602001137,3
190019602001138,3
190019602001139,3
190019602001140,3
190019602001141,3
190019602001142,3
190019602001143,3
190019602001144,3
190019602001145,3
190019602001146,3
190019602001147,3
190019602001148,3
190019602001149,3
190019602001150,3
190019602001151,3
190019602001152,3
190019602001153,3
190019602001154,3
190019602001155,3
190019602001167,3
190019602001168,3
190019602001170,3
190019602002006,3
190019602002007,3
190019602002008,3
190019602002009,3
190019602002010,3
190019602002011,3
190019602002012,3
190019602002013,3
190019602002024,3
190019602002025,3
190019602002089,3
190019603004000,3
190019603004001,3
190019603004002,3
190019603004003,3
190019603004004,3
190019603004005,3
190019603004006,3
190019603004007,3
190019603004008,3
190019603004009,3
190019603004010,3
190019603004011,3
190019603004012,3
190019603004013,3
190019603004014,3
190019603004015,3
190019603004016,3
190019603004017,3
190019603004018,3
190019603004019,3
190019603004020,3
190019603004021,3
190019603004022,3
190019603004023,3
190019603004024,3
190019603004025,3
190019603004026,3
190019603004027,3
190019603004028,3
190019603004029,3
190019603004030,3
190019603004031,3
190019603004032,3
190019603004033,3
190019603004034,3
190019603004035,3
190019603004036,3
190019603004037,3
190019603004038,3
190019603004039,3
190019603004040,3
190019603004041,3
190019603004042,3
190019603004043,3
190019603004044,3
190019603004045,3
190019603004046,3
190019603004047,3
190019603004048,3
190019603004049,3
190019603004050,3
190019603004051,3
190019603004052,3
190019603004053,3
190019603004054,3
190019603004055,3
190019603004056,3
190019603004057,3
190019603004058,3
190019603004059,3
190019603004060,3
190019603004061,3
190019603004062,3
190019603004063,3
190019603004064,3
190019603004065,3
190019603004066,3
190019603004067,3
190019603004068,3
190019603004069,3
190019603004070,3
190019603004071,3
190019603004072,3
190019603004073,3
190019603004074,3
190019603004075,3
190019603004076,3
190019603004077,3
190019603004078,3
190019603004079,3
190019603004080,3
190019603004081,3
190019603004087,3
190019603004088,3
190019603004089,3
190019603004090,3
190019603004091,3
190019603004092,3
190019603004093,3
190019603004094,3
190019603004096,3
190019603004097,3
190019603004098,3
190019603004099,3
190019603004100,3
190019603004101,3
190019602002057,3
190019602002074,3
190019602002081,3
190019602002082,3
190019602002084,3
190019602002085,3
190019602002129,3
190019602002130,3
190019602002131,3
190019602002132,3
190019602002133,3
190019602002134,3
190019602002135,3
190019602002136,3
190019602002137,3
190019602002138,3
190019602002139,3
190019602002140,3
190019602002141,3
190019602002142,3
190019602002143,3
190019602002144,3
190019602002145,3
190019602002146,3
190019602002147,3
190019602002148,3
190019602002149,3
190019602002150,3
190019602002151,3
190019602002152,3
190019602002153,3
190019602002154,3
190019602002155,3
190019602002156,3
190019602002157,3
190019602002180,3
190019602002181,3
190019602002182,3
190019602002183,3
190019602002184,3
190019602002185,3
190019602002186,3
190019602002187,3
190019602002233,3
190019602002241,3
190019602002061,3
190019602002062,3
190019602002067,3
190019602002068,3
190019602002069,3
190019602002070,3
190019602002071,3
190019602002072,3
190019602002073,3
190019602002075,3
190019602002077,3
190019602002078,3
190019602002079,3
190019602002080,3
190019602002083,3
190019602002086,3
190019602002087,3
190019602002088,3
190019602002090,3
190019602002091,3
190019602002092,3
190019602002093,3
190019602002094,3
190019602002095,3
190019602002118,3
190019602002119,3
190019602002120,3
190019602002121,3
190019602002122,3
190019602002123,3
190019602002124,3
190019602002125,3
190019602002126,3
190019602002127,3
190019602002128,3
190019602002158,3
190019602002159,3
190019602002160,3
190019602002161,3
190019602002162,3
190019602002163,3
190019602002164,3
190019602002165,3
190019602002166,3
190019602002167,3
190019602002168,3
190019602002174,3
190019602002175,3
190019602002176,3
190019602002177,3
190019602002178,3
190019602002179,3
190019602002188,3
190019602002189,3
190019602002190,3
190019602002191,3
190019602002192,3
190019602002193,3
190019602002194,3
190019602002195,3
190019602002196,3
190019602002197,3
190019602002230,3
190019602002231,3
190019602002232,3
190019602002234,3
190019603001001,3
190019603001002,3
190019603001003,3
190019603001004,3
190019603001005,3
190019603001006,3
190019603001007,3
190019603001008,3
190019603001009,3
190019603001010,3
190019603001011,3
190019603001012,3
190019603001013,3
190019603001014,3
190019603001015,3
190019603001016,3
190019603001017,3
190019603001018,3
190019603001019,3
190019603001020,3
190019603001021,3
190019603001022,3
190019603001023,3
190019603001024,3
190019603001025,3
190019603001026,3
190019603001027,3
190019603001028,3
190019603001029,3
190019603001030,3
190019603001031,3
190019603001032,3
190019603001033,3
190019603001034,3
190019603001035,3
190019603001036,3
190019603001037,3
190019603001038,3
190019603001039,3
190019603001040,3
190019603001041,3
190019603001042,3
190019603001043,3
190019603001044,3
190019603001045,3
190019603001046,3
190019603001047,3
190019603001048,3
190019603001049,3
190019603001050,3
190019603001051,3
190019603002005,3
190019603002006,3
190019603002007,3
190019603002008,3
190019603002009,3
190019603002010,3
190019603002011,3
190019603002012,3
190019603002013,3
190019603002014,3
190019603002016,3
190019603002017,3
190019603002018,3
190019603002019,3
190019603002020,3
190019603002021,3
190019603002022,3
190019603002023,3
190019603002024,3
190019603002025,3
190019603002026,3
190019603002027,3
190019603002028,3
190019603002029,3
190019603002030,3
190019603002031,3
190019603002032,3
190019603002033,3
190019603002034,3
190019603002035,3
190019603002036,3
190019603002037,3
190019603002038,3
190019603002039,3
190019603002040,3
190019603002041,3
190019603002042,3
190019603002043,3
190019603002044,3
190019603002045,3
190019603002046,3
190019603002047,3
190019603002048,3
190019603002049,3
190019603002050,3
190019603002051,3
190019603002052,3
190019603002053,3
190019603002054,3
190019603002055,3
190019603002056,3
190019603002057,3
190019603002058,3
190019603002059,3
190019603002060,3
190019603002061,3
190019603002064,3
190019603003001,3
190019603003002,3
190019603003003,3
190019603003004,3
190019603003005,3
190019603003006,3
190019603003007,3
190019603003008,3
190019603003009,3
190019603003010,3
190019603003011,3
190019603003012,3
190019603003013,3
190019603003014,3
190019603003015,3
190019603003016,3
190019603003017,3
190019603003018,3
190019603003019,3
190019603003020,3
190019603003021,3
190019603003022,3
190019603003023,3
190019603003024,3
190019603003025,3
190019603003026,3
190019603003027,3
190019603003028,3
190019603003029,3
190019603003030,3
190019603003031,3
190019603003032,3
190019603003033,3
190019603003034,3
190019603003035,3
190019603003036,3
190019603003037,3
190039501001000,3
190039501001001,3
190039501001002,3
190039501001003,3
190039501001004,3
190039501001005,3
190039501001006,3
190039501001007,3
190039501001008,3
190039501001033,3
190039501001034,3
190039501001077,3
190039501001078,3
190039501001079,3
190039501001080,3
190039501001081,3
190039501001082,3
190039501001083,3
190039501001084,3
190039501001085,3
190039501001086,3
190039501001087,3
190039501001088,3
190039501001089,3
190039501001090,3
190039501001091,3
190039501001092,3
190039501001093,3
190039501001094,3
190039501001095,3
190039501001096,3
190039501001097,3
190039501001098,3
190039501001099,3
190039501001100,3
190039501001101,3
190039501001106,3
190039501001107,3
190039501001108,3
190039501001109,3
190039501001110,3
190039501001129,3
190039501002010,3
190039501002011,3
190039501002012,3
190039501002040,3
190039501002041,3
190039501002042,3
190039501002054,3
190039501001009,3
190039501001010,3
190039501001011,3
190039501001012,3
190039501001013,3
190039501001014,3
190039501001015,3
190039501001016,3
190039501001021,3
190039501001022,3
190039501001028,3
190039501001029,3
190039501001030,3
190039501001031,3
190039501001032,3
190039501001035,3
190039501001036,3
190039501001037,3
190039501001038,3
190039501001039,3
190039501001040,3
190039501001041,3
190039501001042,3
190039501001055,3
190039501001056,3
190039501001070,3
190039501001071,3
190039501001072,3
190039501001073,3
190039501001074,3
190039501001075,3
190039501001076,3
190039501001102,3
190039501001103,3
190039501001104,3
190039501001105,3
190039501001117,3
190039501001118,3
190039501001119,3
190039501001120,3
190039501001121,3
190039501001291,3
190039501001301,3
190039501001302,3
190039501001017,3
190039501001018,3
190039501001019,3
190039501001020,3
190039501001023,3
190039501001024,3
190039501001025,3
190039501001026,3
190039501001027,3
190039501001043,3
190039501001044,3
190039501001045,3
190039501001046,3
190039501001047,3
190039501001048,3
190039501001049,3
190039501001050,3
190039501001051,3
190039501001052,3
190039501001053,3
190039501001054,3
190039501001057,3
190039501001058,3
190039501001059,3
190039501001060,3
190039501001061,3
190039501001062,3
190039501001063,3
190039501001064,3
190039501001065,3
190039501001066,3
190039501001067,3
190039501001068,3
190039501001069,3
190039501001134,3
190039501001135,3
190039501001111,3
190039501001112,3
190039501001113,3
190039501001114,3
190039501001115,3
190039501001127,3
190039501001128,3
190039501001205,3
190039501001212,3
190039501001213,3
190039501001214,3
190039501001215,3
190039501001216,3
190039501001217,3
190039501001218,3
190039501001219,3
190039501001220,3
190039501001221,3
190039501001222,3
190039501001223,3
190039501001225,3
190039501001226,3
190039501001230,3
190039501001231,3
190039501001232,3
190039501001233,3
190039501001234,3
190039501001235,3
190039501001236,3
190039501001237,3
190039501001238,3
190039501001239,3
190039501001240,3
190039501001241,3
190039501001242,3
190039501001243,3
190039501001244,3
190039501001245,3
190039501001246,3
190039501001247,3
190039501001248,3
190039501001249,3
190039501001250,3
190039501001251,3
190039501001252,3
190039501001253,3
190039501001254,3
190039501001255,3
190039501001256,3
190039501001257,3
190039501001258,3
190039501001259,3
190039501001260,3
190039501001261,3
190039501001262,3
190039501001263,3
190039501001264,3
190039501001265,3
190039501001266,3
190039501001267,3
190039501001268,3
190039501001269,3
190039501001270,3
190039501001271,3
190039501001272,3
190039501001273,3
190039501001274,3
190039501001275,3
190039501001276,3
190039501001277,3
190039501001278,3
190039501001279,3
190039501001280,3
190039501001281,3
190039501001282,3
190039501001283,3
190039501001284,3
190039501001285,3
190039501001286,3
190039501001287,3
190039501001290,3
190039501001292,3
190039501001293,3
190039501001294,3
190039501001295,3
190039501001296,3
190039501002055,3
190039501002060,3
190039501002061,3
190039501002062,3
190039501002063,3
190039501002089,3
190039502002015,3
190039502002016,3
190039501001116,3
190039501001122,3
190039501001123,3
190039501001124,3
190039501001125,3
190039501001126,3
190039501001130,3
190039501001131,3
190039501001132,3
190039501001177,3
190039501001178,3
190039501001179,3
190039501001183,3
190039501001184,3
190039501001185,3
190039501001187,3
190039501001188,3
190039501001190,3
190039501001191,3
190039501001192,3
190039501001206,3
190039501001207,3
190039501001208,3
190039501001209,3
190039501001210,3
190039501001211,3
190039501001224,3
190039501001227,3
190039501001228,3
190039501001229,3
190039502001000,3
190039502001002,3
190039502001003,3
190039502001004,3
190039502001006,3
190039502002000,3
190039502002012,3
190039502002013,3
190039502002014,3
190039502002037,3
190039502002038,3
190039502002039,3
190039502002040,3
190039502002243,3
190039501001133,3
190039501001136,3
190039501001137,3
190039501001138,3
190039501001139,3
190039501001140,3
190039501001141,3
190039501001142,3
190039501001143,3
190039501001144,3
190039501001148,3
190039501001161,3
190039501001162,3
190039501001163,3
190039501001164,3
190039501001165,3
190039501001166,3
190039501001167,3
190039501001168,3
190039501001169,3
190039501001170,3
190039501001171,3
190039501001172,3
190039501001173,3
190039501001174,3
190039501001175,3
190039501001176,3
190039501001180,3
190039501001181,3
190039501001182,3
190039501001186,3
190039501001189,3
190039501001193,3
190039501001194,3
190039501001195,3
190039501001196,3
190039501001197,3
190039501001198,3
190039501001199,3
190039501001200,3
190039501001201,3
190039501001202,3
190039501001203,3
190039501001204,3
190039502002061,3
190039501001145,3
190039501001146,3
190039501001147,3
190039501001149,3
190039501001150,3
190039501001151,3
190039501001152,3
190039501001153,3
190039501001154,3
190039501001155,3
190039501001156,3
190039501001157,3
190039501001158,3
190039501001159,3
190039501001160,3
190039501001304,3
190039501001288,3
190039501001289,3
190039501001297,3
190039501001298,3
190039501001299,3
190039501001300,3
190039501001303,3
190039501002153,3
190039501002154,3
190039501002155,3
190039501002156,3
190039501002157,3
190039501002158,3
190039501002159,3
190039501002160,3
190039501002161,3
190039501002162,3
190039501002163,3
190039501002164,3
190039501002165,3
190039501002166,3
190039501002167,3
190039501002168,3
190039501002169,3
190039501002170,3
190039501002171,3
190039501002172,3
190039501002173,3
190039501002174,3
190039501002175,3
190039501002176,3
190039501002177,3
190039501002178,3
190039501002179,3
190039501002180,3
190039501002181,3
190039501002182,3
190039501002183,3
190039501002184,3
190039501002185,3
190039501002186,3
190039501002187,3
190039501002188,3
190039501002189,3
190039501002190,3
190039501002191,3
190039501002192,3
190039501002193,3
190039501002194,3
190039501002195,3
190039501002196,3
190039501002197,3
190039501002198,3
190039501002199,3
190039501002200,3
190039501002201,3
190039501002202,3
190039501002203,3
190039501002204,3
190039501002205,3
190039501002206,3
190039501002207,3
190039501002208,3
190039501002209,3
190039501002210,3
190039501002211,3
190039501002212,3
190039501002213,3
190039501002214,3
190039501002215,3
190039501002216,3
190039501002217,3
190039501002218,3
190039501002289,3
190039501002290,3
190039501002291,3
190039501002292,3
190039501002293,3
190039501002299,3
190039501002300,3
190039501002301,3
190039501002302,3
190039501002315,3
190039501002316,3
190039501002317,3
190039501002318,3
190039501002319,3
190039501002320,3
190039501002321,3
190039501002322,3
190039501002323,3
190039501002324,3
190039501002325,3
190039501002326,3
190039501002327,3
190039501002328,3
190039501002329,3
190039501002330,3
190039501002331,3
190039501002332,3
190039501002334,3
190039501002335,3
190039501002336,3
190039501002342,3
190039501002343,3
190039501002347,3
190039501002348,3
190039502002017,3
190039501002000,3
190039501002001,3
190039501002002,3
190039501002003,3
190039501002004,3
190039501002005,3
190039501002006,3
190039501002007,3
190039501002008,3
190039501002009,3
190039501002013,3
190039501002014,3
190039501002015,3
190039501002016,3
190039501002017,3
190039501002018,3
190039501002019,3
190039501002020,3
190039501002021,3
190039501002022,3
190039501002023,3
190039501002024,3
190039501002025,3
190039501002026,3
190039501002027,3
190039501002028,3
190039501002029,3
190039501002030,3
190039501002031,3
190039501002032,3
190039501002033,3
190039501002034,3
190039501002035,3
190039501002036,3
190039501002037,3
190039501002038,3
190039501002039,3
190039501002043,3
190039501002044,3
190039501002045,3
190039501002046,3
190039501002047,3
190039501002048,3
190039501002049,3
190039501002050,3
190039501002051,3
190039501002052,3
190039501002053,3
190039501002057,3
190039501002058,3
190039501002071,3
190039501002072,3
190039501002073,3
190039501002074,3
190039501002056,3
190039501002059,3
190039501002064,3
190039501002065,3
190039501002066,3
190039501002067,3
190039501002068,3
190039501002069,3
190039501002070,3
190039501002075,3
190039501002076,3
190039501002077,3
190039501002078,3
190039501002079,3
190039501002080,3
190039501002081,3
190039501002082,3
190039501002083,3
190039501002084,3
190039501002085,3
190039501002086,3
190039501002087,3
190039501002088,3
190039501002090,3
190039501002091,3
190039501002092,3
190039501002093,3
190039501002094,3
190039501002095,3
190039501002096,3
190039501002097,3
190039501002098,3
190039501002099,3
190039501002100,3
190039501002101,3
190039501002102,3
190039501002103,3
190039501002104,3
190039501002105,3
190039501002106,3
190039501002107,3
190039501002108,3
190039501002109,3
190039501002110,3
190039501002111,3
190039501002112,3
190039501002113,3
190039501002114,3
190039501002115,3
190039501002116,3
190039501002117,3
190039501002118,3
190039501002119,3
190039501002120,3
190039501002121,3
190039501002122,3
190039501002123,3
190039501002124,3
190039501002125,3
190039501002126,3
190039501002127,3
190039501002128,3
190039501002129,3
190039501002130,3
190039501002131,3
190039501002132,3
190039501002133,3
190039501002134,3
190039501002137,3
190039501002138,3
190039501002141,3
190039501002142,3
190039501002143,3
190039501002148,3
190039501002149,3
190039501002344,3
190039501002345,3
190039501002346,3
190039501002135,3
190039501002136,3
190039501002139,3
190039501002140,3
190039501002144,3
190039501002145,3
190039501002146,3
190039501002147,3
190039501002150,3
190039501002151,3
190039501002152,3
190039501002219,3
190039501002220,3
190039501002221,3
190039501002222,3
190039501002223,3
190039501002224,3
190039501002225,3
190039501002226,3
190039501002227,3
190039501002228,3
190039501002229,3
190039501002230,3
190039501002231,3
190039501002232,3
190039501002233,3
190039501002234,3
190039501002235,3
190039501002236,3
190039501002237,3
190039501002238,3
190039501002239,3
190039501002240,3
190039501002241,3
190039501002242,3
190039501002243,3
190039501002244,3
190039501002245,3
190039501002246,3
190039501002247,3
190039501002248,3
190039501002249,3
190039501002250,3
190039501002251,3
190039501002252,3
190039501002253,3
190039501002254,3
190039501002255,3
190039501002256,3
190039501002257,3
190039501002258,3
190039501002259,3
190039501002260,3
190039501002261,3
190039501002262,3
190039501002263,3
190039501002264,3
190039501002265,3
190039501002266,3
190039501002267,3
190039501002268,3
190039501002269,3
190039501002270,3
190039501002271,3
190039501002272,3
190039501002273,3
190039501002274,3
190039501002275,3
190039501002276,3
190039501002277,3
190039501002278,3
190039501002279,3
190039501002280,3
190039501002281,3
190039501002282,3
190039501002283,3
190039501002284,3
190039501002285,3
190039501002286,3
190039501002287,3
190039501002288,3
190039501002294,3
190039501002295,3
190039501002296,3
190039501002297,3
190039501002298,3
190039501002303,3
190039501002304,3
190039501002305,3
190039501002306,3
190039501002307,3
190039501002308,3
190039501002309,3
190039501002311,3
190039501002312,3
190039501002313,3
190039501002314,3
190039501002333,3
190039501002337,3
190039501002338,3
190039501002339,3
190039501002340,3
190039501002341,3
190039501002349,3
190039501002310,3
190039502001001,3
190039502001005,3
190039502001007,3
190039502001008,3
190039502001009,3
190039502001010,3
190039502001011,3
190039502001012,3
190039502001013,3
190039502001014,3
190039502001015,3
190039502001016,3
190039502001017,3
190039502001018,3
190039502001019,3
190039502001020,3
190039502001021,3
190039502001022,3
190039502001023,3
190039502001024,3
190039502001025,3
190039502001026,3
190039502001027,3
190039502001028,3
190039502001029,3
190039502001030,3
190039502001031,3
190039502001032,3
190039502001033,3
190039502001034,3
190039502001035,3
190039502001036,3
190039502001037,3
190039502001038,3
190039502001039,3
190039502001040,3
190039502001041,3
190039502001042,3
190039502001043,3
190039502001044,3
190039502001045,3
190039502001046,3
190039502001047,3
190039502001048,3
190039502001049,3
190039502001050,3
190039502001051,3
190039502001052,3
190039502001053,3
190039502001054,3
190039502001055,3
190039502001056,3
190039502001057,3
190039502001058,3
190039502001059,3
190039502001060,3
190039502001061,3
190039502001062,3
190039502001063,3
190039502001064,3
190039502001065,3
190039502001066,3
190039502001067,3
190039502001068,3
190039502001069,3
190039502001070,3
190039502001071,3
190039502001072,3
190039502001073,3
190039502001074,3
190039502001075,3
190039502001076,3
190039502001077,3
190039502001078,3
190039502001079,3
190039502001080,3
190039502001081,3
190039502001082,3
190039502001083,3
190039502001084,3
190039502001085,3
190039502001086,3
190039502001087,3
190039502001088,3
190039502001089,3
190039502001090,3
190039502001091,3
190039502001092,3
190039502001093,3
190039502001094,3
190039502001095,3
190039502001096,3
190039502001097,3
190039502001098,3
190039502001099,3
190039502001100,3
190039502001101,3
190039502002001,3
190039502002002,3
190039502002003,3
190039502002004,3
190039502002005,3
190039502002006,3
190039502002007,3
190039502002008,3
190039502002009,3
190039502002010,3
190039502002011,3
190039502002021,3
190039502002022,3
190039502002027,3
190039502002028,3
190039502002029,3
190039502002030,3
190039502002032,3
190039502002034,3
190039502002035,3
190039502002036,3
190039502002041,3
190039502002042,3
190039502002043,3
190039502002044,3
190039502002045,3
190039502002046,3
190039502002047,3
190039502002048,3
190039502002049,3
190039502002050,3
190039502002051,3
190039502002096,3
190039502002097,3
190039502002098,3
190039502002099,3
190039502002110,3
190039502002239,3
190039502002240,3
190039502002252,3
190039502002253,3
190039502002254,3
190039502002255,3
190039502002256,3
190039502002257,3
190039502002258,3
190039502002018,3
190039502002019,3
190039502002020,3
190039502002023,3
190039502002024,3
190039502002025,3
190039502002026,3
190039502002031,3
190039502002033,3
190039502002052,3
190039502002053,3
190039502002091,3
190039502002092,3
190039502002093,3
190039502002094,3
190039502002095,3
190039502002100,3
190039502002101,3
190039502002102,3
190039502002103,3
190039502002104,3
190039502002105,3
190039502002106,3
190039502002107,3
190039502002108,3
190039502002109,3
190039502002111,3
190039502002112,3
190039502002113,3
190039502002114,3
190039502002115,3
190039502002116,3
190039502002117,3
190039502002118,3
190039502002119,3
190039502002120,3
190039502002121,3
190039502002122,3
190039502002123,3
190039502002124,3
190039502002125,3
190039502002126,3
190039502002127,3
190039502002128,3
190039502002129,3
190039502002130,3
190039502002131,3
190039502002132,3
190039502002133,3
190039502002134,3
190039502002135,3
190039502002136,3
190039502002137,3
190039502002138,3
190039502002139,3
190039502002140,3
190039502002141,3
190039502002142,3
190039502002143,3
190039502002144,3
190039502002145,3
190039502002146,3
190039502002147,3
190039502002148,3
190039502002149,3
190039502002150,3
190039502002151,3
190039502002152,3
190039502002153,3
190039502002154,3
190039502002155,3
190039502002171,3
190039502002172,3
190039502002177,3
190039502002178,3
190039502002179,3
190039502002180,3
190039502002181,3
190039502002182,3
190039502002185,3
190039502002186,3
190039502002187,3
190039502002188,3
190039502002189,3
190039502002190,3
190039502002191,3
190039502002192,3
190039502002193,3
190039502002194,3
190039502002195,3
190039502002205,3
190039502002231,3
190039502002232,3
190039502002233,3
190039502002234,3
190039502002235,3
190039502002236,3
190039502002237,3
190039502002238,3
190039502002244,3
190039502002245,3
190039502002246,3
190039502002054,3
190039502002055,3
190039502002056,3
190039502002057,3
190039502002058,3
190039502002059,3
190039502002060,3
190039502002062,3
190039502002063,3
190039502002064,3
190039502002065,3
190039502002066,3
190039502002067,3
190039502002068,3
190039502002069,3
190039502002070,3
190039502002071,3
190039502002072,3
190039502002073,3
190039502002074,3
190039502002075,3
190039502002076,3
190039502002077,3
190039502002078,3
190039502002079,3
190039502002080,3
190039502002081,3
190039502002082,3
190039502002083,3
190039502002084,3
190039502002085,3
190039502002086,3
190039502002087,3
190039502002088,3
190039502002089,3
190039502002090,3
190039502002156,3
190039502002157,3
190039502002158,3
190039502002159,3
190039502002160,3
190039502002161,3
190039502002162,3
190039502002163,3
190039502002164,3
190039502002165,3
190039502002166,3
190039502002167,3
190039502002168,3
190039502002169,3
190039502002170,3
190039502002173,3
190039502002174,3
190039502002175,3
190039502002176,3
190039502002183,3
190039502002184,3
190039502002196,3
190039502002197,3
190039502002198,3
190039502002199,3
190039502002200,3
190039502002201,3
190039502002202,3
190039502002203,3
190039502002204,3
190039502002206,3
190039502002207,3
190039502002208,3
190039502002209,3
190039502002210,3
190039502002211,3
190039502002212,3
190039502002213,3
190039502002214,3
190039502002215,3
190039502002216,3
190039502002217,3
190039502002218,3
190039502002219,3
190039502002220,3
190039502002221,3
190039502002222,3
190039502002223,3
190039502002224,3
190039502002225,3
190039502002226,3
190039502002227,3
190039502002228,3
190039502002229,3
190039502002230,3
190039502002241,3
190039502002242,3
190039502002247,3
190039502002248,3
190039502002249,3
190039502002250,3
190039502002251,3
190059601001000,1
190059601001001,1
190059601001002,1
190059601001003,1
190059601001004,1
190059601001005,1
190059601001006,1
190059601001007,1
190059601001008,1
190059601001009,1
190059601001010,1
190059601001011,1
190059601001012,1
190059601001013,1
190059601001014,1
190059601001015,1
190059601001016,1
190059601001017,1
190059601001029,1
190059601001030,1
190059601001031,1
190059601001032,1
190059601001033,1
190059601001034,1
190059601001035,1
190059601001036,1
190059601001037,1
190059601001038,1
190059601001039,1
190059601001040,1
190059601001041,1
190059601001042,1
190059601001044,1
190059601001045,1
190059601001046,1
190059601001047,1
190059601001048,1
190059601001049,1
190059601001050,1
190059601001051,1
190059601001052,1
190059601001053,1
190059601001054,1
190059601001055,1
190059601001074,1
190059601001075,1
190059601001081,1
190059604002023,1
190059604002024,1
190059604002032,1
190059604002033,1
190059604002034,1
190059604002035,1
190059601001018,1
190059601001019,1
190059601001020,1
190059601001021,1
190059601001022,1
190059601001023,1
190059601001025,1
190059601001026,1
190059601001027,1
190059601001028,1
190059601001043,1
190059601001056,1
190059601001057,1
190059601001058,1
190059601001059,1
190059601001060,1
190059601001061,1
190059601001062,1
190059601001063,1
190059601001064,1
190059601001065,1
190059601001066,1
190059601001067,1
190059601001068,1
190059601001069,1
190059601001070,1
190059601001071,1
190059601001072,1
190059601001073,1
190059601001076,1
190059601001077,1
190059601001078,1
190059602002135,1
190059602002137,1
190059602002140,1
190059602002148,1
190059602002149,1
190059602002159,1
190059602002160,1
190059604001000,1
190059604001001,1
190059604001002,1
190059604001003,1
190059604001004,1
190059605002000,1
190059601001024,1
190059601001079,1
190059601001080,1
190059601001082,1
190059602002090,1
190059602002091,1
190059602002092,1
190059602002113,1
190059602002114,1
190059602002115,1
190059602002116,1
190059602002117,1
190059602002118,1
190059602002119,1
190059602002133,1
190059602002134,1
190059602002138,1
190059602002139,1
190059602002141,1
190059602002142,1
190059602002143,1
190059602002144,1
190059602002145,1
190059602002146,1
190059602002147,1
190059602002150,1
190059603001000,1
190059603002000,1
190059603003000,1
190059603003002,1
190059605002001,1
190059605002002,1
190059605002003,1
190059605002008,1
190059601002000,1
190059601002001,1
190059601002002,1
190059601002003,1
190059601002004,1
190059601002005,1
190059601002006,1
190059601002007,1
190059601002008,1
190059601002009,1
190059601002010,1
190059601002011,1
190059601002012,1
190059601002013,1
190059601002014,1
190059601002015,1
190059601002021,1
190059601002022,1
190059601002023,1
190059601002025,1
190059601002034,1
190059601002035,1
190059601002045,1
190059601002124,1
190059602001000,1
190059602001001,1
190059602001002,1
190059602001003,1
190059602001004,1
190059602001005,1
190059602001006,1
190059602001007,1
190059602001008,1
190059602001009,1
190059602001010,1
190059602001011,1
190059602001012,1
190059602001013,1
190059602001014,1
190059602001015,1
190059602001016,1
190059602001017,1
190059602001018,1
190059602001021,1
190059602001022,1
190059602001023,1
190059602001024,1
190059602001025,1
190059602001026,1
190059602001027,1
190059602001028,1
190059602001029,1
190059602001030,1
190059602001031,1
190059602001032,1
190059602001033,1
190059602001034,1
190059602001035,1
190059602001036,1
190059602001037,1
190059602001038,1
190059602001039,1
190059602001040,1
190059602001041,1
190059602001042,1
190059602001043,1
190059602001044,1
190059602001045,1
190059602001046,1
190059602001047,1
190059602001048,1
190059602001056,1
190059602001057,1
190059602001059,1
190059602001060,1
190059602001061,1
190059602001062,1
190059602001063,1
190059602001064,1
190059602001065,1
190059602001066,1
190059602001088,1
190059601002016,1
190059601002017,1
190059601002018,1
190059601002019,1
190059601002020,1
190059601002024,1
190059601002026,1
190059601002027,1
190059601002028,1
190059601002029,1
190059601002030,1
190059601002031,1
190059601002032,1
190059601002033,1
190059601002036,1
190059601002037,1
190059601002038,1
190059601002039,1
190059601002040,1
190059601002041,1
190059601002042,1
190059601002043,1
190059601002044,1
190059601002046,1
190059601002047,1
190059601002048,1
190059601002049,1
190059601002050,1
190059601002051,1
190059601002052,1
190059601002053,1
190059601002054,1
190059601002055,1
190059601002056,1
190059601002057,1
190059601002058,1
190059601002059,1
190059601002060,1
190059601002061,1
190059601002062,1
190059601002063,1
190059601002064,1
190059601002065,1
190059601002066,1
190059601002067,1
190059601002068,1
190059601002069,1
190059601002070,1
190059601002071,1
190059601002072,1
190059601002073,1
190059601002074,1
190059601002075,1
190059601002076,1
190059601002077,1
190059601002078,1
190059601002079,1
190059601002080,1
190059601002081,1
190059601002082,1
190059601002083,1
190059601002084,1
190059601002085,1
190059601002086,1
190059601002087,1
190059601002088,1
190059601002089,1
190059601002090,1
190059601002091,1
190059601002092,1
190059601002093,1
190059601002094,1
190059601002095,1
190059601002096,1
190059601002097,1
190059601002098,1
190059601002099,1
190059601002100,1
190059601002101,1
190059601002102,1
190059601002103,1
190059601002104,1
190059601002105,1
190059601002106,1
190059601002107,1
190059601002108,1
190059601002109,1
190059601002110,1
190059601002111,1
190059601002112,1
190059601002113,1
190059601002114,1
190059601002115,1
190059601002116,1
190059601002117,1
190059601002118,1
190059601002119,1
190059601002120,1
190059601002121,1
190059602002125,1
190059602002126,1
190059602002127,1
190059602002128,1
190059602002129,1
190059602002136,1
190059602002157,1
190059602002158,1
190059601002122,1
190059601002125,1
190059601002126,1
190059602001084,1
190059602001085,1
190059602001086,1
190059602001087,1
190059602002054,1
190059602002055,1
190059602002056,1
190059602002060,1
190059602002061,1
190059602002062,1
190059602002063,1
190059602002064,1
190059602002065,1
190059602002066,1
190059602002067,1
190059602002068,1
190059602002069,1
190059602002080,1
190059602002081,1
190059602002086,1
190059602002087,1
190059602002088,1
190059602002089,1
190059602002120,1
190059602002121,1
190059602002122,1
190059602002123,1
190059602002124,1
190059602002130,1
190059602002131,1
190059602002132,1
190059601002123,1
190059602001019,1
190059602001020,1
190059602001049,1
190059602001050,1
190059602001051,1
190059602001052,1
190059602001053,1
190059602001054,1
190059602001055,1
190059602001058,1
190059602001067,1
190059602001068,1
190059602001069,1
190059602001070,1
190059602001071,1
190059602001072,1
190059602001073,1
190059602001074,1
190059602001075,1
190059602001076,1
190059602001078,1
190059602001079,1
190059602001080,1
190059602001081,1
190059602001082,1
190059602001083,1
190059602001089,1
190059602002000,1
190059602002020,1
190059602002021,1
190059602002052,1
190059602002053,1
190059602002057,1
190059602002058,1
190059602002059,1
190059602002179,1
190059602001077,1
190059602002001,1
190059602002002,1
190059602002003,1
190059602002004,1
190059602002005,1
190059602002006,1
190059602002007,1
190059602002008,1
190059602002009,1
190059602002010,1
190059602002011,1
190059602002012,1
190059602002013,1
190059602002014,1
190059602002015,1
190059602002016,1
190059602002017,1
190059602002018,1
190059602002019,1
190059602002022,1
190059602002023,1
190059602002024,1
190059602002025,1
190059602002026,1
190059602002027,1
190059602002028,1
190059602002029,1
190059602002030,1
190059602002031,1
190059602002032,1
190059602002033,1
190059602002034,1
190059602002035,1
190059602002039,1
190059602002040,1
190059602002041,1
190059602002042,1
190059602002043,1
190059602002051,1
190059602002036,1
190059602002037,1
190059602002038,1
190059602002044,1
190059602002045,1
190059602002046,1
190059602002047,1
190059602002048,1
190059602002049,1
190059602002050,1
190059602002070,1
190059602002071,1
190059602002072,1
190059602002073,1
190059602002074,1
190059602002075,1
190059602002076,1
190059602002077,1
190059602002078,1
190059602002079,1
190059602002082,1
190059602002083,1
190059602002084,1
190059602002085,1
190059602002096,1
190059602002097,1
190059602002098,1
190059602002099,1
190059602002100,1
190059602002101,1
190059602002102,1
190059602002103,1
190059602002104,1
190059602002105,1
190059602002165,1
190059602002166,1
190059602002178,1
190059602002180,1
190059602002181,1
190059602002182,1
190059602002093,1
190059602002094,1
190059602002095,1
190059602002106,1
190059602002107,1
190059602002108,1
190059602002109,1
190059602002110,1
190059602002111,1
190059602002112,1
190059602002151,1
190059602002152,1
190059602002153,1
190059602002154,1
190059602002155,1
190059602002156,1
190059602002161,1
190059602002162,1
190059602002163,1
190059602002167,1
190059602002168,1
190059602002169,1
190059602002170,1
190059602002171,1
190059602002172,1
190059602002177,1
190059603002001,1
190059603002014,1
190059603003058,1
190059603003059,1
190059602002164,1
190059603001001,1
190059603001002,1
190059603001003,1
190059603001004,1
190059603001005,1
190059603001006,1
190059603001007,1
190059603001008,1
190059603001009,1
190059603001010,1
190059603001011,1
190059603001012,1
190059603001013,1
190059603001014,1
190059603001015,1
190059603001016,1
190059603001017,1
190059603001018,1
190059603001019,1
190059603001020,1
190059603001021,1
190059603001022,1
190059603001023,1
190059603001024,1
190059603001025,1
190059603001026,1
190059603001027,1
190059603002002,1
190059603002003,1
190059603002004,1
190059603002005,1
190059603002006,1
190059603002007,1
190059603002008,1
190059603002009,1
190059603002010,1
190059603002011,1
190059603002012,1
190059603002013,1
190059603002015,1
190059603002016,1
190059603002017,1
190059603002018,1
190059603002019,1
190059603002020,1
190059603002021,1
190059603002022,1
190059603002023,1
190059603002024,1
190059603002025,1
190059603002026,1
190059603002027,1
190059603002028,1
190059603002029,1
190059603002030,1
190059603002031,1
190059603002032,1
190059603002033,1
190059603002034,1
190059603002035,1
190059603002036,1
190059603002037,1
190059603002038,1
190059603002039,1
190059603002040,1
190059603002041,1
190059603002042,1
190059603002043,1
190059603002044,1
190059603002045,1
190059603002046,1
190059603002047,1
190059603002048,1
190059603002049,1
190059603002050,1
190059603002051,1
190059603002052,1
190059603002053,1
190059603002054,1
190059603003001,1
190059603003003,1
190059603003004,1
190059603003005,1
190059603003006,1
190059603003007,1
190059603003008,1
190059603003009,1
190059603003010,1
190059603003011,1
190059603003012,1
190059603003013,1
190059603003014,1
190059603003015,1
190059603003016,1
190059603003017,1
190059603003018,1
190059603003019,1
190059603003020,1
190059603003021,1
190059603003022,1
190059603003023,1
190059603003024,1
190059603003025,1
190059603003026,1
190059603003027,1
190059603003028,1
190059603003029,1
190059603003030,1
190059603003031,1
190059603003032,1
190059603003033,1
190059603003034,1
190059603003035,1
190059603003036,1
190059603003037,1
190059603003038,1
190059603003039,1
190059603003040,1
190059603003041,1
190059603003042,1
190059603003043,1
190059603003044,1
190059603003045,1
190059603003046,1
190059603003047,1
190059603003048,1
190059603003049,1
190059603003050,1
190059603003051,1
190059603003052,1
190059603003053,1
190059603003054,1
190059603003055,1
190059603003056,1
190059603003057,1
190059603003061,1
190059603003063,1
190059603003064,1
190059603003065,1
190059603003066,1
190059605002022,1
190059602002173,1
190059602002174,1
190059602002175,1
190059602002176,1
190059603003062,1
190059603003069,1
190059603003070,1
190059605002025,1
190059605002026,1
190059605002027,1
190059605002028,1
190059605002029,1
190059605002030,1
190059605002031,1
190059605002032,1
190059605002033,1
190059605002034,1
190059605002035,1
190059605002036,1
190059605002037,1
190059605002038,1
190059605002039,1
190059605002040,1
190059605002041,1
190059605002042,1
190059605002043,1
190059605002044,1
190059605002045,1
190059605002046,1
190059605002047,1
190059605002048,1
190059605002049,1
190059605002050,1
190059605002051,1
190059605002052,1
190059605002053,1
190059605002054,1
190059605002055,1
190059605002056,1
190059605002057,1
190059605002058,1
190059605002059,1
190059605002060,1
190059605002061,1
190059605002062,1
190059605002063,1
190059605002064,1
190059605002065,1
190059605002067,1
190059605002080,1
190059605002081,1
190059603003060,1
190059603003067,1
190059603003068,1
190059604001012,1
190059604001016,1
190059604001031,1
190059604001032,1
190059604001033,1
190059604001046,1
190059604001047,1
190059604001048,1
190059604001049,1
190059604001050,1
190059604001051,1
190059604001052,1
190059604001053,1
190059604001054,1
190059604001059,1
190059604001060,1
190059604001120,1
190059604001121,1
190059605002004,1
190059605002005,1
190059605002009,1
190059605002010,1
190059605002011,1
190059605002012,1
190059605002013,1
190059605002014,1
190059605002016,1
190059605002017,1
190059605002018,1
190059605002019,1
190059605002020,1
190059605002021,1
190059605002023,1
190059605002024,1
190059605002066,1
190059605002068,1
190059605002069,1
190059605002070,1
190059605002071,1
190059605002072,1
190059605002073,1
190059605002074,1
190059605002075,1
190059605002076,1
190059605002078,1
190059605002079,1
190059605002082,1
190059604001005,1
190059604001006,1
190059604001007,1
190059604001008,1
190059604001009,1
190059604001010,1
190059604001011,1
190059604001013,1
190059604001014,1
190059604001015,1
190059604001017,1
190059604001018,1
190059604001019,1
190059604001020,1
190059604001021,1
190059604001022,1
190059604001023,1
190059604001024,1
190059604001025,1
190059604001026,1
190059604001027,1
190059604001028,1
190059604001029,1
190059604001030,1
190059604001034,1
190059604001035,1
190059604001036,1
190059604001037,1
190059604001038,1
190059604001039,1
190059604001040,1
190059604002053,1
190059604002054,1
190059604002056,1
190059604002057,1
190059604002058,1
190059604002149,1
190059604002150,1
190059605002006,1
190059605002007,1
190059605002015,1
190059605002077,1
190059604001041,1
190059604001042,1
190059604001043,1
190059604001085,1
190059604001086,1
190059604001087,1
190059604001088,1
190059604001089,1
190059604001090,1
190059604001091,1
190059604001092,1
190059604001093,1
190059604001094,1
190059604001095,1
190059604001096,1
190059604001097,1
190059604001098,1
190059604001099,1
190059604001101,1
190059604001102,1
190059604001103,1
190059604001104,1
190059604001105,1
190059604002104,1
190059604002105,1
190059604002108,1
190059604002109,1
190059604002110,1
190059604002111,1
190059604002112,1
190059604002113,1
190059604002122,1
190059604002123,1
190059604002124,1
190059604002125,1
190059604001044,1
190059604001045,1
190059604001055,1
190059604001056,1
190059604001057,1
190059604001058,1
190059604001061,1
190059604001062,1
190059604001063,1
190059604001064,1
190059604001065,1
190059604001066,1
190059604001067,1
190059604001068,1
190059604001069,1
190059604001070,1
190059604001071,1
190059604001072,1
190059604001073,1
190059604001074,1
190059604001075,1
190059604001076,1
190059604001077,1
190059604001078,1
190059604001079,1
190059604001080,1
190059604001081,1
190059604001082,1
190059604001083,1
190059604001084,1
190059604001100,1
190059604001106,1
190059604001107,1
190059604001108,1
190059604001109,1
190059604001110,1
190059604001111,1
190059604001112,1
190059604001113,1
190059604001114,1
190059604001115,1
190059604001116,1
190059604001117,1
190059604001118,1
190059604001119,1
190059604001122,1
190059605001000,1
190059605001001,1
190059605001002,1
190059605001003,1
190059605001004,1
190059605001041,1
190059605001042,1
190059605001043,1
190059605001044,1
190059605001045,1
190059605001046,1
190059605001049,1
190059605001050,1
190059605001051,1
190059605001052,1
190059605001053,1
190059605001061,1
190059605001062,1
190059605001125,1
190059604002000,1
190059604002001,1
190059604002002,1
190059604002003,1
190059604002004,1
190059604002005,1
190059604002006,1
190059604002007,1
190059604002008,1
190059604002009,1
190059604002010,1
190059604002011,1
190059604002012,1
190059604002013,1
190059604002014,1
190059604002015,1
190059604002016,1
190059604002017,1
190059604002018,1
190059604002019,1
190059604002020,1
190059604002021,1
190059604002022,1
190059604002025,1
190059604002026,1
190059604002027,1
190059604002028,1
190059604002029,1
190059604002030,1
190059604002031,1
190059604002036,1
190059604002037,1
190059604002038,1
190059604002039,1
190059604002040,1
190059604002041,1
190059604002042,1
190059604002043,1
190059604002044,1
190059604002045,1
190059604002046,1
190059604002047,1
190059604002048,1
190059604002049,1
190059604002050,1
190059604002051,1
190059604002052,1
190059604002055,1
190059604002059,1
190059604002060,1
190059604002061,1
190059604002062,1
190059604002063,1
190059604002064,1
190059604002065,1
190059604002066,1
190059604002067,1
190059604002068,1
190059604002069,1
190059604002070,1
190059604002071,1
190059604002072,1
190059604002073,1
190059604002074,1
190059604002075,1
190059604002076,1
190059604002077,1
190059604002078,1
190059604002079,1
190059604002080,1
190059604002081,1
190059604002082,1
190059604002083,1
190059604002084,1
190059604002085,1
190059604002086,1
190059604002087,1
190059604002088,1
190059604002089,1
190059604002090,1
190059604002091,1
190059604002092,1
190059604002093,1
190059604002094,1
190059604002095,1
190059604002096,1
190059604002136,1
190059604002137,1
190059604002138,1
190059604002139,1
190059604002140,1
190059604002151,1
190059604002152,1
190059604002153,1
190059604002154,1
190059604002155,1
190059604002157,1
190059604002159,1
190059604002160,1
190059604002161,1
190059604002162,1
190059604002163,1
190059604002164,1
190059604002165,1
190059604002166,1
190059604002167,1
190059604002168,1
190059604002097,1
190059604002098,1
190059604002099,1
190059604002100,1
190059604002101,1
190059604002102,1
190059604002103,1
190059604002106,1
190059604002107,1
190059604002114,1
190059604002115,1
190059604002116,1
190059604002117,1
190059604002118,1
190059604002119,1
190059604002120,1
190059604002121,1
190059604002126,1
190059604002127,1
190059604002128,1
190059604002129,1
190059604002130,1
190059604002131,1
190059604002132,1
190059604002133,1
190059604002134,1
190059604002135,1
190059604002141,1
190059604002142,1
190059604002143,1
190059604002144,1
190059604002145,1
190059604002146,1
190059604002147,1
190059604002148,1
190059604002156,1
190059604002158,1
190059604002169,1
190059605001005,1
190059605001006,1
190059605001007,1
190059605001008,1
190059605001009,1
190059605001010,1
190059605001011,1
190059605001012,1
190059605001013,1
190059605001014,1
190059605001015,1
190059605001016,1
190059605001017,1
190059605001018,1
190059605001019,1
190059605001020,1
190059605001021,1
190059605001022,1
190059605001023,1
190059605001024,1
190059605001035,1
190059605001036,1
190059605001037,1
190059605001038,1
190059605001039,1
190059605001040,1
190059605001047,1
190059605001048,1
190059605001054,1
190059605001055,1
190059605001056,1
190059605001057,1
190059605001058,1
190059605001059,1
190059605001060,1
190059605001063,1
190059605001064,1
190059605001065,1
190059605001066,1
190059605001067,1
190059605001099,1
190059605001100,1
190059605001101,1
190059605001124,1
190059605001126,1
190059605001025,1
190059605001026,1
190059605001027,1
190059605001028,1
190059605001029,1
190059605001030,1
190059605001031,1
190059605001032,1
190059605001033,1
190059605001034,1
190059605001068,1
190059605001069,1
190059605001070,1
190059605001071,1
190059605001072,1
190059605001073,1
190059605001074,1
190059605001075,1
190059605001076,1
190059605001077,1
190059605001078,1
190059605001079,1
190059605001080,1
190059605001081,1
190059605001082,1
190059605001083,1
190059605001084,1
190059605001085,1
190059605001086,1
190059605001087,1
190059605001088,1
190059605001089,1
190059605001090,1
190059605001091,1
190059605001092,1
190059605001093,1
190059605001094,1
190059605001095,1
190059605001096,1
190059605001097,1
190059605001098,1
190059605001102,1
190059605001103,1
190059605001104,1
190059605001105,1
190059605001106,1
190059605001107,1
190059605001108,1
190059605001109,1
190059605001110,1
190059605001111,1
190059605001112,1
190059605001113,1
190059605001114,1
190059605001115,1
190059605001116,1
190059605001117,1
190059605001118,1
190059605001119,1
190059605001120,1
190059605001121,1
190059605001122,1
190059605001123,1
190059605001127,1
190079501001000,2
190079501001001,2
190079501001002,2
190079501001003,2
190079501001004,2
190079501001062,2
190079501001063,2
190079501001064,2
190079501001065,2
190079501001073,2
190079501001074,2
190079501001075,2
190079501002000,2
190079501002001,2
190079501002002,2
190079501002003,2
190079501002004,2
190079501002005,2
190079501002006,2
190079501002007,2
190079501002013,2
190079501002021,2
190079501002034,2
190079501002035,2
190079501002036,2
190079501002037,2
190079501002295,2
190079501001005,2
190079501001006,2
190079501001007,2
190079501001008,2
190079501001051,2
190079501001052,2
190079501001053,2
190079501001057,2
190079501001058,2
190079501001059,2
190079501001060,2
190079501001061,2
190079501001066,2
190079501001067,2
190079501001068,2
190079501001069,2
190079501001070,2
190079501001072,2
190079501001076,2
190079501001077,2
190079501001078,2
190079501002008,2
190079501002023,2
190079501002024,2
190079501002025,2
190079501002030,2
190079501002290,2
190079502001000,2
190079502001001,2
190079502001049,2
190079502001050,2
190079502001106,2
190079502001107,2
190079502001108,2
190079502001109,2
190079502001110,2
190079502001111,2
190079502001112,2
190079502001113,2
190079502001114,2
190079502001115,2
190079502001116,2
190079501001009,2
190079501001010,2
190079501001011,2
190079501001012,2
190079501001013,2
190079501001014,2
190079501001015,2
190079501001016,2
190079501001017,2
190079501001018,2
190079501001019,2
190079501001020,2
190079501001021,2
190079501001022,2
190079501001023,2
190079501001024,2
190079501001025,2
190079501001026,2
190079501001027,2
190079501001028,2
190079501001029,2
190079501001030,2
190079501001031,2
190079501001032,2
190079501001033,2
190079501001034,2
190079501001035,2
190079501001036,2
190079501001037,2
190079501001038,2
190079501001039,2
190079501001040,2
190079501001041,2
190079501001042,2
190079501001043,2
190079501001044,2
190079501001045,2
190079501001046,2
190079501001047,2
190079501001048,2
190079501001049,2
190079501001050,2
190079501001054,2
190079501001055,2
190079501001056,2
190079501001071,2
190079501002026,2
190079501002027,2
190079501002028,2
190079501002029,2
190079501002075,2
190079501002076,2
190079501002077,2
190079501002078,2
190079501002079,2
190079501002080,2
190079501002081,2
190079501002082,2
190079501002083,2
190079501002084,2
190079501002085,2
190079501002086,2
190079501002087,2
190079501002088,2
190079501002089,2
190079501002090,2
190079501002091,2
190079501002092,2
190079501002093,2
190079501002094,2
190079501002097,2
190079501002098,2
190079501002103,2
190079501002291,2
190079502001117,2
190079502001118,2
190079502001119,2
190079502001120,2
190079502001121,2
190079502001122,2
190079502001123,2
190079502001124,2
190079502001125,2
190079502001126,2
190079502001127,2
190079502001128,2
190079502001129,2
190079502001134,2
190079502001135,2
190079502001136,2
190079501002009,2
190079501002010,2
190079501002011,2
190079501002012,2
190079501002014,2
190079501002015,2
190079501002016,2
190079501002017,2
190079501002018,2
190079501002019,2
190079501002020,2
190079501002022,2
190079501002031,2
190079501002032,2
190079501002033,2
190079501002038,2
190079501002039,2
190079501002040,2
190079501002041,2
190079501002042,2
190079501002043,2
190079501002044,2
190079501002045,2
190079501002046,2
190079501002047,2
190079501002048,2
190079501002049,2
190079501002050,2
190079501002051,2
190079501002052,2
190079501002053,2
190079501002054,2
190079501002055,2
190079501002056,2
190079501002057,2
190079501002058,2
190079501002059,2
190079501002060,2
190079501002061,2
190079501002062,2
190079501002066,2
190079501002067,2
190079501002068,2
190079501002069,2
190079501002070,2
190079501002071,2
190079501002072,2
190079501002073,2
190079501002074,2
190079501002104,2
190079501002105,2
190079501002106,2
190079501002107,2
190079501002108,2
190079501002109,2
190079501002110,2
190079501002111,2
190079501002112,2
190079501002113,2
190079501002114,2
190079501002115,2
190079501002116,2
190079501002117,2
190079501002118,2
190079501002119,2
190079501002125,2
190079501002289,2
190079501002292,2
190079501002293,2
190079501002063,2
190079501002064,2
190079501002065,2
190079501002123,2
190079501002124,2
190079501002126,2
190079501002127,2
190079501002128,2
190079501002129,2
190079501002130,2
190079501002131,2
190079501002132,2
190079501002133,2
190079501002134,2
190079501002135,2
190079501002136,2
190079501002137,2
190079501002138,2
190079501002139,2
190079501002140,2
190079501002141,2
190079501002142,2
190079501002143,2
190079501002144,2
190079501002145,2
190079501002146,2
190079501002147,2
190079501002148,2
190079501002149,2
190079501002150,2
190079501002151,2
190079501002152,2
190079501002153,2
190079501002154,2
190079501002164,2
190079501002165,2
190079501002166,2
190079501002189,2
190079501002190,2
190079501002191,2
190079501002195,2
190079501002196,2
190079501002197,2
190079501002198,2
190079501002199,2
190079501002200,2
190079501002201,2
190079501002202,2
190079501002203,2
190079501002204,2
190079501002205,2
190079501002206,2
190079501002222,2
190079501002283,2
190079501002286,2
190079501002288,2
190079505002011,2
190079501002095,2
190079501002096,2
190079501002101,2
190079501002102,2
190079501002178,2
190079501002179,2
190079501002180,2
190079501002181,2
190079501002186,2
190079502001170,2
190079502001171,2
190079502001172,2
190079502001173,2
190079502001181,2
190079502001182,2
190079502001183,2
190079503001000,2
190079503001001,2
190079503001002,2
190079503001003,2
190079503001004,2
190079503001005,2
190079503001006,2
190079503001007,2
190079503001008,2
190079503001009,2
190079503001010,2
190079503001011,2
190079503001012,2
190079503001013,2
190079503001014,2
190079503001015,2
190079503001016,2
190079503001017,2
190079503001018,2
190079503001019,2
190079503001020,2
190079503001021,2
190079503001022,2
190079503001023,2
190079503001024,2
190079503001025,2
190079503001026,2
190079503001027,2
190079503001028,2
190079503001029,2
190079503001030,2
190079503001031,2
190079503001032,2
190079503001033,2
190079503001034,2
190079503001035,2
190079503001036,2
190079503001037,2
190079503001038,2
190079503001039,2
190079503001040,2
190079503001041,2
190079503001042,2
190079503001043,2
190079503001044,2
190079503001045,2
190079503001046,2
190079503001047,2
190079503001048,2
190079503001049,2
190079503001050,2
190079503001051,2
190079503001052,2
190079503001053,2
190079503001054,2
190079503001055,2
190079503001056,2
190079503001057,2
190079503001058,2
190079503001059,2
190079503001060,2
190079503002000,2
190079503002001,2
190079503002002,2
190079503002003,2
190079503002004,2
190079503002005,2
190079503002006,2
190079503002007,2
190079503002008,2
190079503002009,2
190079503002010,2
190079503002011,2
190079503002012,2
190079503002013,2
190079503002014,2
190079503002015,2
190079503002016,2
190079503002017,2
190079503002018,2
190079503002019,2
190079503002020,2
190079503002021,2
190079503002022,2
190079503002023,2
190079503002024,2
190079503002025,2
190079503002026,2
190079503002027,2
190079503002028,2
190079503002029,2
190079503002030,2
190079503002031,2
190079503002032,2
190079503002033,2
190079503002034,2
190079503002035,2
190079503002036,2
190079503002037,2
190079503002038,2
190079503002039,2
190079503002040,2
190079503002041,2
190079503002042,2
190079503002043,2
190079503002044,2
190079503002045,2
190079503002046,2
190079503002047,2
190079503002048,2
190079503002049,2
190079503002050,2
190079503002051,2
190079503002052,2
190079503002053,2
190079503002054,2
190079503002055,2
190079503002056,2
190079503002057,2
190079503002058,2
190079503002059,2
190079503002060,2
190079503002061,2
190079503002062,2
190079503002063,2
190079503002064,2
190079503002065,2
190079504001000,2
190079504001001,2
190079504001002,2
190079504001003,2
190079504001004,2
190079504001005,2
190079504001006,2
190079504001007,2
190079504001008,2
190079504001009,2
190079504001010,2
190079504001011,2
190079504001012,2
190079504001013,2
190079504001014,2
190079504001015,2
190079504001016,2
190079504001017,2
190079504001018,2
190079504001019,2
190079504001020,2
190079504001021,2
190079504001022,2
190079504001023,2
190079504001024,2
190079504001025,2
190079504001026,2
190079504001027,2
190079504001028,2
190079504001029,2
190079504001030,2
190079504001031,2
190079504001032,2
190079504001033,2
190079504001034,2
190079504001035,2
190079504001036,2
190079504001037,2
190079504001038,2
190079504001039,2
190079504001040,2
190079504001041,2
190079504001042,2
190079504001043,2
190079504001044,2
190079504001045,2
190079504001046,2
190079504001047,2
190079504001048,2
190079504001049,2
190079504001050,2
190079504001051,2
190079504001052,2
190079504001053,2
190079504001054,2
190079504001055,2
190079504001056,2
190079504001057,2
190079504001058,2
190079504001059,2
190079504001060,2
190079504001061,2
190079504001062,2
190079504001063,2
190079504001064,2
190079504001065,2
190079504001066,2
190079504001067,2
190079504001068,2
190079504001069,2
190079504001070,2
190079504001071,2
190079504002000,2
190079504002001,2
190079504002002,2
190079504002003,2
190079504002004,2
190079504002005,2
190079504002006,2
190079504002007,2
190079504002008,2
190079504002009,2
190079504002010,2
190079504002011,2
190079504002012,2
190079504002013,2
190079504002014,2
190079504002015,2
190079504002016,2
190079504002017,2
190079504002018,2
190079504002019,2
190079504002020,2
190079504002021,2
190079504002022,2
190079504002023,2
190079504002024,2
190079504002025,2
190079504002026,2
190079504002027,2
190079504002028,2
190079504002029,2
190079504002030,2
190079504002031,2
190079504002032,2
190079504002033,2
190079504002034,2
190079504002035,2
190079504002036,2
190079504002037,2
190079504002038,2
190079504002039,2
190079504002040,2
190079504002041,2
190079504002042,2
190079504002043,2
190079504002044,2
190079504002045,2
190079504002046,2
190079504002047,2
190079504002048,2
190079504002049,2
190079504002050,2
190079504002051,2
190079504002052,2
190079504002053,2
190079504002054,2
190079504002055,2
190079504002056,2
190079504002057,2
190079504002058,2
190079505001000,2
190079505001048,2
190079505001049,2
190079505002021,2
190079505002022,2
190079505002023,2
190079505002024,2
190079505002025,2
190079501002099,2
190079501002100,2
190079501002120,2
190079501002121,2
190079501002122,2
190079501002155,2
190079501002156,2
190079501002157,2
190079501002158,2
190079501002159,2
190079501002160,2
190079501002161,2
190079501002162,2
190079501002163,2
190079501002167,2
190079501002168,2
190079501002169,2
190079501002170,2
190079501002171,2
190079501002172,2
190079501002173,2
190079501002174,2
190079501002175,2
190079501002176,2
190079501002177,2
190079501002182,2
190079501002183,2
190079501002184,2
190079501002185,2
190079501002187,2
190079501002188,2
190079501002281,2
190079501002282,2
190079501002287,2
190079505002012,2
190079505002013,2
190079505002014,2
190079505002015,2
190079505002016,2
190079501002192,2
190079501002193,2
190079501002194,2
190079501002207,2
190079501002208,2
190079501002209,2
190079501002210,2
190079501002211,2
190079501002212,2
190079501002213,2
190079501002214,2
190079501002215,2
190079501002216,2
190079501002217,2
190079501002218,2
190079501002219,2
190079501002220,2
190079501002221,2
190079501002224,2
190079501002225,2
190079501002226,2
190079501002227,2
190079501002228,2
190079501002229,2
190079501002230,2
190079501002231,2
190079501002232,2
190079501002233,2
190079501002234,2
190079501002235,2
190079501002236,2
190079501002237,2
190079501002238,2
190079501002239,2
190079501002240,2
190079501002241,2
190079501002242,2
190079501002243,2
190079501002244,2
190079501002245,2
190079501002246,2
190079501002247,2
190079501002248,2
190079501002249,2
190079501002250,2
190079501002251,2
190079501002252,2
190079501002253,2
190079501002254,2
190079501002255,2
190079501002256,2
190079501002257,2
190079501002258,2
190079501002259,2
190079501002260,2
190079501002261,2
190079501002262,2
190079501002263,2
190079501002264,2
190079501002265,2
190079501002266,2
190079501002267,2
190079501002268,2
190079501002269,2
190079501002270,2
190079501002271,2
190079501002272,2
190079501002273,2
190079501002274,2
190079501002275,2
190079501002276,2
190079501002277,2
190079501002278,2
190079501002223,2
190079501002279,2
190079501002280,2
190079501002284,2
190079501002285,2
190079501002294,2
190079505002000,2
190079505002001,2
190079505002002,2
190079505002003,2
190079505002004,2
190079505002005,2
190079505002006,2
190079505002007,2
190079505002008,2
190079505002009,2
190079505002010,2
190079505002039,2
190079505002040,2
190079505002043,2
190079505002044,2
190079505002116,2
190079505002117,2
190079505002118,2
190079505002119,2
190079505002120,2
190079505002121,2
190079505002122,2
190079505002123,2
190079505002124,2
190079505002125,2
190079505002126,2
190079505002127,2
190079505002128,2
190079505002129,2
190079505002130,2
190079505002131,2
190079505002132,2
190079505002133,2
190079505002134,2
190079505002135,2
190079505002136,2
190079505002137,2
190079505002138,2
190079505002139,2
190079505002141,2
190079505002142,2
190079505002143,2
190079505002144,2
190079505002145,2
190079505002146,2
190079505002147,2
190079505002148,2
190079505002168,2
190079502001002,2
190079502001003,2
190079502001004,2
190079502001005,2
190079502001006,2
190079502001007,2
190079502001008,2
190079502001009,2
190079502001010,2
190079502001011,2
190079502001012,2
190079502001013,2
190079502001014,2
190079502001015,2
190079502001016,2
190079502001017,2
190079502001018,2
190079502001019,2
190079502001020,2
190079502001021,2
190079502001022,2
190079502001044,2
190079502001045,2
190079502001046,2
190079502001047,2
190079502001048,2
190079502001099,2
190079502001100,2
190079502001101,2
190079502001104,2
190079502001105,2
190079502001188,2
190079502001191,2
190079502001192,2
190079502001193,2
190079502001194,2
190079502001023,2
190079502001024,2
190079502001025,2
190079502001026,2
190079502001027,2
190079502001028,2
190079502001029,2
190079502001030,2
190079502001031,2
190079502001032,2
190079502001033,2
190079502001034,2
190079502001035,2
190079502001036,2
190079502001037,2
190079502001038,2
190079502001039,2
190079502001040,2
190079502001041,2
190079502001042,2
190079502001043,2
190079502001051,2
190079502001052,2
190079502001053,2
190079502001054,2
190079502001055,2
190079502001056,2
190079502001057,2
190079502001058,2
190079502001059,2
190079502001060,2
190079502001061,2
190079502001062,2
190079502001063,2
190079502001064,2
190079502001065,2
190079502001066,2
190079502001067,2
190079502001068,2
190079502001069,2
190079502001070,2
190079502001071,2
190079502001072,2
190079502001073,2
190079502001074,2
190079502001075,2
190079502001076,2
190079502001077,2
190079502001078,2
190079502001079,2
190079502001080,2
190079502001081,2
190079502001082,2
190079502001083,2
190079502001084,2
190079502001085,2
190079502001086,2
190079502001087,2
190079502001185,2
190079502001186,2
190079502001189,2
190079502001190,2
190079502001195,2
190079502001088,2
190079502001089,2
190079502001090,2
190079502001091,2
190079502001092,2
190079502001093,2
190079502001094,2
190079502001095,2
190079502001096,2
190079502001097,2
190079502001098,2
190079502001102,2
190079502001103,2
190079502001130,2
190079502001131,2
190079502001132,2
190079502001133,2
190079502001137,2
190079502001138,2
190079502001139,2
190079502001140,2
190079502001141,2
190079502001142,2
190079502001143,2
190079502001144,2
190079502001145,2
190079502001146,2
190079502001147,2
190079502001148,2
190079502001149,2
190079502001150,2
190079502001151,2
190079502001152,2
190079502001153,2
190079502001154,2
190079502001155,2
190079502001156,2
190079502001157,2
190079502001158,2
190079502001159,2
190079502001160,2
190079502001161,2
190079502001162,2
190079502001163,2
190079502001164,2
190079502001165,2
190079502001166,2
190079502001167,2
190079502001168,2
190079502001169,2
190079502001174,2
190079502001175,2
190079502001176,2
190079502001177,2
190079502001178,2
190079502001179,2
190079502001180,2
190079502001184,2
190079502001187,2
190079502002000,2
190079502002006,2
190079502002007,2
190079502002033,2
190079502002046,2
190079502002047,2
190079502002001,2
190079502002002,2
190079502002003,2
190079502002004,2
190079502002005,2
190079502002035,2
190079502002036,2
190079502002037,2
190079502002038,2
190079502002039,2
190079502002043,2
190079502002044,2
190079502002045,2
190079502002048,2
190079502002049,2
190079502002050,2
190079502002078,2
190079502002079,2
190079502002080,2
190079502002081,2
190079502002082,2
190079502002083,2
190079502002084,2
190079502002085,2
190079502002086,2
190079502002087,2
190079502002088,2
190079502002089,2
190079502002090,2
190079502002091,2
190079502002092,2
190079502002093,2
190079502002094,2
190079502002095,2
190079502002098,2
190079502002099,2
190079502002100,2
190079502002008,2
190079502002009,2
190079502002010,2
190079502002011,2
190079502002012,2
190079502002013,2
190079502002014,2
190079502002015,2
190079502002016,2
190079502002017,2
190079502002018,2
190079502002019,2
190079502002020,2
190079502002021,2
190079502002022,2
190079502002023,2
190079502002024,2
190079502002025,2
190079502002026,2
190079502002027,2
190079502002028,2
190079502002029,2
190079502002030,2
190079502002031,2
190079502002058,2
190079502002059,2
190079502002060,2
190079502002061,2
190079502002062,2
190079502002063,2
190079502002064,2
190079502002065,2
190079502002066,2
190079502002067,2
190079502002068,2
190079502002069,2
190079502002070,2
190079502002071,2
190079502002072,2
190079502002073,2
190079502002074,2
190079502002075,2
190079502002076,2
190079502002077,2
190079502002096,2
190079502002097,2
190079505001003,2
190079505001004,2
190079505001005,2
190079505001006,2
190079505001007,2
190079505001008,2
190079505001009,2
190079505001010,2
190079505001011,2
190079505001012,2
190079505001013,2
190079505001014,2
190079505001017,2
190079505001031,2
190079502002032,2
190079502002034,2
190079502002040,2
190079502002041,2
190079502002042,2
190079502002051,2
190079502002052,2
190079502002053,2
190079502002054,2
190079502002055,2
190079502002056,2
190079502002057,2
190079502002101,2
190079505001001,2
190079505001002,2
190079505001044,2
190079505001045,2
190079505001046,2
190079505001047,2
190079505001056,2
190079505001057,2
190079505001060,2
190079505001061,2
190079505001064,2
190079505001065,2
190079505001066,2
190079505001067,2
190079505001068,2
190079505001069,2
190079505001015,2
190079505001016,2
190079505001018,2
190079505001019,2
190079505001020,2
190079505001021,2
190079505001022,2
190079505001023,2
190079505001024,2
190079505001025,2
190079505001026,2
190079505001027,2
190079505001028,2
190079505001029,2
190079505001030,2
190079505001032,2
190079505001033,2
190079505001034,2
190079505001035,2
190079505001036,2
190079505001037,2
190079505001038,2
190079505001039,2
190079505001040,2
190079505001041,2
190079505001042,2
190079505001043,2
190079505001050,2
190079505001051,2
190079505001052,2
190079505001053,2
190079505001054,2
190079505001055,2
190079505001082,2
190079505001086,2
190079505001087,2
190079505001089,2
190079505001090,2
190079505001091,2
190079505001092,2
190079505001093,2
190079505001135,2
190079505001139,2
190079505001058,2
190079505001059,2
190079505001062,2
190079505001063,2
190079505001073,2
190079505001074,2
190079505001075,2
190079505001076,2
190079505001077,2
190079505001078,2
190079505001079,2
190079505001080,2
190079505001081,2
190079505001083,2
190079505001084,2
190079505001085,2
190079505001088,2
190079505001133,2
190079505001134,2
190079505001070,2
190079505001071,2
190079505001072,2
190079505001099,2
190079505001100,2
190079505001101,2
190079505001103,2
190079505001104,2
190079505001105,2
190079505001106,2
190079505001107,2
190079505001108,2
190079505001117,2
190079505001118,2
190079505001119,2
190079505001120,2
190079505001121,2
190079505001125,2
190079505002026,2
190079505002027,2
190079505002058,2
190079505002059,2
190079505002060,2
190079505002061,2
190079505002062,2
190079505002063,2
190079505002064,2
190079505002065,2
190079505002066,2
190079505002067,2
190079505002068,2
190079505002069,2
190079505002070,2
190079505002071,2
190079505002072,2
190079505002073,2
190079505002074,2
190079505002075,2
190079505002076,2
190079505002077,2
190079505002078,2
190079505002079,2
190079505002080,2
190079505002081,2
190079505002082,2
190079505002083,2
190079505002084,2
190079505002085,2
190079505002086,2
190079505002087,2
190079505002088,2
190079505002089,2
190079505002090,2
190079505002103,2
190079505002104,2
190079505002105,2
190079505002106,2
190079505002107,2
190079505002108,2
190079505002153,2
190079505002167,2
190079505001094,2
190079505001095,2
190079505001096,2
190079505001097,2
190079505001098,2
190079505001102,2
190079505001109,2
190079505001110,2
190079505001111,2
190079505001112,2
190079505001113,2
190079505001114,2
190079505001115,2
190079505001116,2
190079505001122,2
190079505001123,2
190079505001124,2
190079505001126,2
190079505001127,2
190079505001128,2
190079505001129,2
190079505001130,2
190079505001131,2
190079505001132,2
190079505001136,2
190079505001137,2
190079505001138,2
190079505002017,2
190079505002018,2
190079505002019,2
190079505002020,2
190079505002028,2
190079505002029,2
190079505002030,2
190079505002031,2
190079505002032,2
190079505002033,2
190079505002034,2
190079505002035,2
190079505002036,2
190079505002037,2
190079505002038,2
190079505002041,2
190079505002042,2
190079505002045,2
190079505002046,2
190079505002047,2
190079505002048,2
190079505002049,2
190079505002050,2
190079505002051,2
190079505002052,2
190079505002053,2
190079505002054,2
190079505002055,2
190079505002056,2
190079505002057,2
190079505002091,2
190079505002092,2
190079505002093,2
190079505002094,2
190079505002095,2
190079505002096,2
190079505002097,2
190079505002098,2
190079505002099,2
190079505002100,2
190079505002101,2
190079505002102,2
190079505002109,2
190079505002110,2
190079505002111,2
190079505002112,2
190079505002113,2
190079505002114,2
190079505002115,2
190079505002140,2
190079505002149,2
190079505002150,2
190079505002151,2
190079505002152,2
190079505002154,2
190079505002155,2
190079505002156,2
190079505002157,2
190079505002158,2
190079505002159,2
190079505002160,2
190079505002161,2
190079505002162,2
190079505002163,2
190079505002164,2
190079505002165,2
190079505002166,2
190079505002169,2
190090701001000,4
190090701001001,4
190090701001002,4
190090701001003,4
190090701001004,4
190090701001005,4
190090701001006,4
190090701001007,4
190090701001008,4
190090701001128,4
190090701001129,4
190090701001130,4
190090701001131,4
190090701001132,4
190090701001133,4
190090701001134,4
190090701001135,4
190090701001136,4
190090701001137,4
190090701001138,4
190090701001139,4
190090701001140,4
190090701001141,4
190090701001142,4
190090701001143,4
190090701001144,4
190090701001147,4
190090701001148,4
190090701001149,4
190090701001150,4
190090701001151,4
190090701001152,4
190090701001155,4
190090701001156,4
190090701001157,4
190090701001158,4
190090701001159,4
190090701001160,4
190090701001161,4
190090701001162,4
190090701001163,4
190090701001164,4
190090701001165,4
190090701001166,4
190090701001167,4
190090701001168,4
190090701001169,4
190090701001170,4
190090701001171,4
190090701001172,4
190090701001173,4
190090701001174,4
190090701001175,4
190090701001176,4
190090701001177,4
190090701001178,4
190090701001179,4
190090701001180,4
190090701001181,4
190090701001182,4
190090701001183,4
190090701001200,4
190090701001207,4
190090701001208,4
190090701001009,4
190090701001010,4
190090701001011,4
190090701001012,4
190090701001013,4
190090701001014,4
190090701001015,4
190090701001016,4
190090701001017,4
190090701001018,4
190090701001108,4
190090701001109,4
190090701001110,4
190090701001111,4
190090701001112,4
190090701001113,4
190090701001114,4
190090701001115,4
190090701001116,4
190090701001117,4
190090701001118,4
190090701001119,4
190090701001120,4
190090701001121,4
190090701001122,4
190090701001123,4
190090701001124,4
190090701001125,4
190090701001126,4
190090701001127,4
190090701001145,4
190090701001146,4
190090701001153,4
190090701001154,4
190090701001184,4
190090701001185,4
190090701001186,4
190090701001187,4
190090701001188,4
190090701001195,4
190090701001196,4
190090701001197,4
190090701001198,4
190090701001199,4
190090703001000,4
190090703001001,4
190090703002000,4
190090703002001,4
190090703002003,4
190090703002004,4
190090703002005,4
190090703002006,4
190090703002008,4
190090703003012,4
190090703003013,4
190090701001019,4
190090701001020,4
190090701001025,4
190090701001026,4
190090701001027,4
190090701001028,4
190090701001029,4
190090701001030,4
190090701001031,4
190090701001032,4
190090701001033,4
190090701001034,4
190090701001035,4
190090701001036,4
190090701001037,4
190090701001038,4
190090701001039,4
190090701001040,4
190090701001041,4
190090701001042,4
190090701001043,4
190090701001044,4
190090701001045,4
190090701001046,4
190090701001047,4
190090701001048,4
190090701001049,4
190090701001050,4
190090701001051,4
190090701001052,4
190090701001053,4
190090701001054,4
190090701001055,4
190090701001056,4
190090701001057,4
190090701001058,4
190090701001059,4
190090701001060,4
190090701001061,4
190090701001062,4
190090701001063,4
190090701001064,4
190090701001065,4
190090701001066,4
190090701001067,4
190090701001068,4
190090701001069,4
190090701001070,4
190090701001071,4
190090701001072,4
190090701001073,4
190090701001074,4
190090701001075,4
190090701001076,4
190090701001077,4
190090701001078,4
190090701001079,4
190090701001080,4
190090701001081,4
190090701001082,4
190090701001083,4
190090701001084,4
190090701001085,4
190090701001086,4
190090701001087,4
190090701001088,4
190090701001089,4
190090701001090,4
190090701001091,4
190090701001092,4
190090701001093,4
190090701001094,4
190090701001095,4
190090701001096,4
190090701001097,4
190090701001098,4
190090701001099,4
190090701001100,4
190090701001101,4
190090701001102,4
190090701001103,4
190090701001104,4
190090701001105,4
190090701001106,4
190090701001107,4
190090701001189,4
190090701001190,4
190090701001191,4
190090701001192,4
190090701001193,4
190090701001194,4
190090701001201,4
190090701001202,4
190090701001203,4
190090701001204,4
190090701001205,4
190090701001206,4
190090701001209,4
190090701001210,4
190090701001211,4
190090701001021,4
190090701001022,4
190090701001023,4
190090701001024,4
190090701002140,4
190090701002141,4
190090701002142,4
190090701002143,4
190090701002144,4
190090701002145,4
190090701002149,4
190090701002150,4
190090701002151,4
190090701002152,4
190090701002153,4
190090701002154,4
190090701002155,4
190090701002156,4
190090701002157,4
190090701002158,4
190090701002159,4
190090701002160,4
190090701002161,4
190090701002162,4
190090701002163,4
190090701002164,4
190090701002165,4
190090701002166,4
190090701002167,4
190090701002168,4
190090701002172,4
190090701002173,4
190090701002236,4
190090701002238,4
190090701002239,4
190090701002240,4
190090701002241,4
190090701002242,4
190090701002243,4
190090701002244,4
190090701002245,4
190090701002246,4
190090701002247,4
190090701002248,4
190090701002249,4
190090701002250,4
190090701002251,4
190090701002256,4
190090702002014,4
190090702002015,4
190090702002040,4
190090701002000,4
190090701002001,4
190090701002002,4
190090701002003,4
190090701002004,4
190090701002005,4
190090701002006,4
190090701002007,4
190090701002008,4
190090701002063,4
190090701002064,4
190090701002065,4
190090701002066,4
190090701002067,4
190090701002068,4
190090701002069,4
190090701002070,4
190090701002071,4
190090701002072,4
190090701002073,4
190090701002074,4
190090701002075,4
190090701002077,4
190090701002078,4
190090701002079,4
190090701002080,4
190090701002081,4
190090701002082,4
190090701002083,4
190090701002084,4
190090701002085,4
190090701002086,4
190090701002087,4
190090701002088,4
190090701002089,4
190090701002090,4
190090701002098,4
190090701002099,4
190090701002100,4
190090701002101,4
190090701002102,4
190090701002103,4
190090701002185,4
190090701002186,4
190090701002187,4
190090701002255,4
190090701002009,4
190090701002010,4
190090701002011,4
190090701002012,4
190090701002013,4
190090701002014,4
190090701002015,4
190090701002016,4
190090701002017,4
190090701002028,4
190090701002029,4
190090701002030,4
190090701002031,4
190090701002032,4
190090701002033,4
190090701002034,4
190090701002035,4
190090701002036,4
190090701002037,4
190090701002053,4
190090701002054,4
190090701002055,4
190090701002056,4
190090701002057,4
190090701002058,4
190090701002059,4
190090701002060,4
190090701002061,4
190090701002062,4
190090701002076,4
190090701002091,4
190090701002092,4
190090701002093,4
190090701002094,4
190090701002095,4
190090701002096,4
190090701002097,4
190090701002114,4
190090701002115,4
190090701002254,4
190090701002266,4
190090701002018,4
190090701002019,4
190090701002020,4
190090701002021,4
190090701002022,4
190090701002023,4
190090701002024,4
190090701002038,4
190090701002039,4
190090701002041,4
190090701002042,4
190090701002043,4
190090701002044,4
190090701002045,4
190090701002046,4
190090701002047,4
190090701002048,4
190090701002049,4
190090701002050,4
190090701002051,4
190090701002052,4
190090701002116,4
190090701002117,4
190090701002118,4
190090701002119,4
190090701002120,4
190090701002121,4
190090701002122,4
190090701002123,4
190090701002124,4
190090701002125,4
190090701002126,4
190090701002127,4
190090701002128,4
190090701002129,4
190090701002130,4
190090701002131,4
190090701002132,4
190090701002133,4
190090701002134,4
190090701002135,4
190090701002136,4
190090701002137,4
190090701002138,4
190090701002139,4
190090701002146,4
190090701002147,4
190090701002148,4
190090701002252,4
190090701002253,4
190090701002025,4
190090701002026,4
190090701002027,4
190090701002040,4
190090701002257,4
190090701002258,4
190090701002259,4
190090701002260,4
190090701002261,4
190090701002262,4
190090701002263,4
190090701002264,4
190090701002265,4
190090701002267,4
190090701002104,4
190090701002105,4
190090701002182,4
190090701002183,4
190090701002184,4
190090701002188,4
190090701002189,4
190090701002190,4
190090701002191,4
190090701002192,4
190090701002193,4
190090701002198,4
190090701002199,4
190090701002200,4
190090701002201,4
190090701002202,4
190090701002203,4
190090701002204,4
190090701002205,4
190090701002206,4
190090701002207,4
190090701002208,4
190090701002213,4
190090701002214,4
190090701002215,4
190090701002217,4
190090701002218,4
190090701002219,4
190090701002220,4
190090701002221,4
190090701002222,4
190090701002223,4
190090701002224,4
190090701002225,4
190090701002226,4
190090701002227,4
190090701002228,4
190090701002229,4
190090701002230,4
190090701002231,4
190090701002232,4
190090701002233,4
190090701002237,4
190090701002106,4
190090701002107,4
190090701002108,4
190090701002109,4
190090701002110,4
190090701002111,4
190090701002112,4
190090701002113,4
190090701002169,4
190090701002170,4
190090701002171,4
190090701002174,4
190090701002175,4
190090701002176,4
190090701002177,4
190090701002178,4
190090701002179,4
190090701002180,4
190090701002181,4
190090701002194,4
190090701002195,4
190090701002196,4
190090701002197,4
190090701002209,4
190090701002210,4
190090701002211,4
190090701002212,4
190090701002216,4
190090701002234,4
190090701002235,4
190090702001000,4
190090702001001,4
190090702001002,4
190090702001003,4
190090702001004,4
190090702001005,4
190090702001006,4
190090702001007,4
190090702001008,4
190090702001009,4
190090702001010,4
190090702001011,4
190090702001012,4
190090702001013,4
190090702001014,4
190090702001015,4
190090702001016,4
190090702001017,4
190090702001018,4
190090702001019,4
190090702001020,4
190090702001021,4
190090702001022,4
190090702001023,4
190090702001024,4
190090702001025,4
190090702001026,4
190090702001027,4
190090702001028,4
190090702001029,4
190090702001030,4
190090702001031,4
190090702001032,4
190090702001033,4
190090702001034,4
190090702001035,4
190090702001036,4
190090702001037,4
190090702001038,4
190090702001039,4
190090702001040,4
190090702001041,4
190090702001042,4
190090702001043,4
190090702001044,4
190090702001045,4
190090702001046,4
190090702001047,4
190090702001048,4
190090702001049,4
190090702001050,4
190090702001051,4
190090702001052,4
190090702001053,4
190090702001054,4
190090702001055,4
190090702001056,4
190090702001057,4
190090702001058,4
190090702001059,4
190090702001060,4
190090702001061,4
190090702001062,4
190090702001063,4
190090702001064,4
190090702001065,4
190090702001066,4
190090702001067,4
190090702001068,4
190090702001069,4
190090702001070,4
190090702001071,4
190090702001072,4
190090702001073,4
190090702001074,4
190090702001075,4
190090702001076,4
190090702001077,4
190090702001078,4
190090702001079,4
190090702001080,4
190090702001081,4
190090702001082,4
190090702001083,4
190090702001084,4
190090702001085,4
190090702001086,4
190090702001087,4
190090702001088,4
190090702001089,4
190090702001090,4
190090702001091,4
190090702001092,4
190090702001093,4
190090702001094,4
190090702001095,4
190090702001096,4
190090702001097,4
190090702001098,4
190090702001099,4
190090702001100,4
190090702001101,4
190090702001102,4
190090702001103,4
190090702001104,4
190090702001105,4
190090702001106,4
190090702001107,4
190090702001108,4
190090702002000,4
190090702002001,4
190090702002002,4
190090702002003,4
190090702002004,4
190090702002005,4
190090702002006,4
190090702002007,4
190090702002008,4
190090702002009,4
190090702002010,4
190090702002011,4
190090702002012,4
190090702002013,4
190090702002016,4
190090702002017,4
190090702002018,4
190090702002019,4
190090702002020,4
190090702002021,4
190090702002022,4
190090702002023,4
190090702002024,4
190090702002025,4
190090702002026,4
190090702002027,4
190090702002028,4
190090702002029,4
190090702002030,4
190090702002031,4
190090702002032,4
190090702002033,4
190090702002034,4
190090702002035,4
190090702002036,4
190090702002037,4
190090702002038,4
190090702002039,4
190090702002041,4
190090702002042,4
190090702002043,4
190090702002044,4
190090702002045,4
190090702002046,4
190090702002047,4
190090702002048,4
190090702002049,4
190090702002050,4
190090702002051,4
190090702002052,4
190090702002053,4
190090702002054,4
190090702002055,4
190090702002056,4
190090702002057,4
190090702002058,4
190090702002059,4
190090702002060,4
190090702002061,4
190090702002062,4
190090702002063,4
190090703001002,4
190090703001003,4
190090703001004,4
190090703001005,4
190090703001006,4
190090703001007,4
190090703001008,4
190090703001009,4
190090703001010,4
190090703001011,4
190090703001012,4
190090703001013,4
190090703001014,4
190090703001015,4
190090703001016,4
190090703001017,4
190090703001018,4
190090703001019,4
190090703001020,4
190090703001021,4
190090703001022,4
190090703001023,4
190090703001024,4
190090703001025,4
190090703001026,4
190090703001027,4
190090703001028,4
190090703001029,4
190090703001030,4
190090703001031,4
190090703001032,4
190090703001033,4
190090703001034,4
190090703001035,4
190090703001036,4
190090703001037,4
190090703001038,4
190090703001039,4
190090703001040,4
190090703001041,4
190090703001042,4
190090703001043,4
190090703001044,4
190090703001045,4
190090703001046,4
190090703001047,4
190090703002002,4
190090703002007,4
190090703002009,4
190090703002010,4
190090703002011,4
190090703002012,4
190090703002013,4
190090703002035,4
190090703002090,4
190090703002091,4
190090703002092,4
190090703002093,4
190090703002094,4
190090703002095,4
190090703002096,4
190090703002097,4
190090703002098,4
190090703002099,4
190090703002100,4
190090703002101,4
190090703002102,4
190090703002103,4
190090703002104,4
190090703002105,4
190090703002106,4
190090703002107,4
190090703002108,4
190090703002109,4
190090703002123,4
190090703002124,4
190090703002126,4
190090703002127,4
190090703002128,4
190090703002129,4
190090703002130,4
190090703002131,4
190090703002134,4
190090703002135,4
190090703002136,4
190090703002137,4
190090703002138,4
190090703002142,4
190090703002147,4
190090703003010,4
190090703003011,4
190090703003014,4
190090703003015,4
190090703003016,4
190090703003017,4
190090703003020,4
190090703003021,4
190090703003022,4
190090703003023,4
190090703003024,4
190090703003025,4
190090703003026,4
190090703003027,4
190090703003028,4
190090703003029,4
190090703003030,4
190090703003031,4
190090703003035,4
190090703003036,4
190090703003037,4
190090703003038,4
190090703003039,4
190090703003040,4
190090703003041,4
190090703003042,4
190090703003043,4
190090703003044,4
190090703003045,4
190090703003046,4
190090703003060,4
190090703003061,4
190090703003062,4
190090703003088,4
190090703003089,4
190090703003090,4
190090703003091,4
190090703003092,4
190090703003093,4
190090703003094,4
190090703003096,4
190090703003097,4
190090703003101,4
190090703003102,4
190090703002014,4
190090703002015,4
190090703002016,4
190090703002017,4
190090703002018,4
190090703002019,4
190090703002020,4
190090703002021,4
190090703002022,4
190090703002023,4
190090703002024,4
190090703002025,4
190090703002026,4
190090703002027,4
190090703002028,4
190090703002029,4
190090703002030,4
190090703002031,4
190090703002032,4
190090703002033,4
190090703002034,4
190090703002036,4
190090703002037,4
190090703002038,4
190090703002039,4
190090703002040,4
190090703002041,4
190090703002042,4
190090703002043,4
190090703002044,4
190090703002045,4
190090703002046,4
190090703002047,4
190090703002048,4
190090703002049,4
190090703002050,4
190090703002051,4
190090703002052,4
190090703002053,4
190090703002054,4
190090703002055,4
190090703002056,4
190090703002057,4
190090703002058,4
190090703002059,4
190090703002060,4
190090703002061,4
190090703002062,4
190090703002063,4
190090703002064,4
190090703002065,4
190090703002066,4
190090703002067,4
190090703002068,4
190090703002069,4
190090703002070,4
190090703002071,4
190090703002072,4
190090703002073,4
190090703002074,4
190090703002075,4
190090703002076,4
190090703002077,4
190090703002078,4
190090703002079,4
190090703002080,4
190090703002081,4
190090703002082,4
190090703002083,4
190090703002084,4
190090703002085,4
190090703002086,4
190090703002087,4
190090703002088,4
190090703002089,4
190090703002112,4
190090703002139,4
190090703002140,4
190090703002141,4
190090703002143,4
190090703002144,4
190090703002145,4
190090703002146,4
190090703002148,4
190090703002149,4
190090703002150,4
190090703002110,4
190090703002111,4
190090703002113,4
190090703002114,4
190090703002115,4
190090703002116,4
190090703002117,4
190090703002118,4
190090703002119,4
190090703002120,4
190090703002121,4
190090703002122,4
190090703002125,4
190090703002132,4
190090703002133,4
190090703003000,4
190090703003001,4
190090703003002,4
190090703003003,4
190090703003004,4
190090703003005,4
190090703003006,4
190090703003007,4
190090703003008,4
190090703003009,4
190090703003018,4
190090703003019,4
190090703003032,4
190090703003033,4
190090703003034,4
190090703003047,4
190090703003048,4
190090703003049,4
190090703003050,4
190090703003051,4
190090703003052,4
190090703003053,4
190090703003054,4
190090703003055,4
190090703003056,4
190090703003057,4
190090703003058,4
190090703003059,4
190090703003063,4
190090703003064,4
190090703003065,4
190090703003066,4
190090703003067,4
190090703003068,4
190090703003069,4
190090703003070,4
190090703003071,4
190090703003072,4
190090703003073,4
190090703003074,4
190090703003075,4
190090703003076,4
190090703003077,4
190090703003078,4
190090703003079,4
190090703003080,4
190090703003081,4
190090703003082,4
190090703003083,4
190090703003084,4
190090703003085,4
190090703003086,4
190090703003087,4
190090703003095,4
190090703003098,4
190090703003099,4
190090703003100,4
190119601001000,1
190119601001001,1
190119601001002,1
190119601001003,1
190119601001004,1
190119601001005,1
190119601001006,1
190119601001007,1
190119601001008,1
190119601001009,1
190119601001010,1
190119601001011,1
190119601001012,1
190119601001013,1
190119601001014,1
190119601001015,1
190119601001016,1
190119601001017,1
190119601001018,1
190119601001019,1
190119601001020,1
190119601001021,1
190119601001022,1
190119601001023,1
190119601001024,1
190119601001025,1
190119601001026,1
190119601001027,1
190119601001028,1
190119601001029,1
190119601001030,1
190119601001031,1
190119601001032,1
190119601001033,1
190119601001034,1
190119601001035,1
190119601001036,1
190119601001037,1
190119601001038,1
190119601001039,1
190119601001040,1
190119601001041,1
190119601001042,1
190119601001043,1
190119601001044,1
190119601001045,1
190119601001046,1
190119601001047,1
190119601001048,1
190119601001049,1
190119601001050,1
190119601001051,1
190119601001052,1
190119601001053,1
190119601001054,1
190119601001055,1
190119601001056,1
190119601001057,1
190119601001058,1
190119601001059,1
190119601001060,1
190119601001061,1
190119601001062,1
190119601001063,1
190119601001064,1
190119601001065,1
190119601001066,1
190119601001067,1
190119601001068,1
190119601001069,1
190119601001070,1
190119601001071,1
190119601001072,1
190119601001073,1
190119601001074,1
190119601001075,1
190119601001076,1
190119601001077,1
190119601001078,1
190119601001079,1
190119601001080,1
190119601001081,1
190119601001082,1
190119601001083,1
190119601001084,1
190119601001085,1
190119601002000,1
190119601002001,1
190119601002002,1
190119601002003,1
190119601002004,1
190119601002005,1
190119601002006,1
190119601002007,1
190119601002010,1
190119601002011,1
190119601002017,1
190119601002018,1
190119601002019,1
190119601002020,1
190119601002042,1
190119601002043,1
190119601002044,1
190119601002045,1
190119601002046,1
190119601002047,1
190119601002048,1
190119601002049,1
190119601002050,1
190119601002051,1
190119601002052,1
190119601002053,1
190119601002054,1
190119601002055,1
190119601002056,1
190119601002057,1
190119601002058,1
190119601002064,1
190119601002065,1
190119601002066,1
190119601002067,1
190119601002068,1
190119601002069,1
190119601002070,1
190119601002072,1
190119601002073,1
190119601002074,1
190119601002075,1
190119601002076,1
190119601002077,1
190119601002078,1
190119601002079,1
190119601002080,1
190119601002081,1
190119601002082,1
190119601002083,1
190119601002084,1
190119601002085,1
190119601002086,1
190119601002087,1
190119601002089,1
190119601002090,1
190119601002091,1
190119601002119,1
190119601002127,1
190119601002008,1
190119601002009,1
190119601002012,1
190119601002013,1
190119601002014,1
190119601002015,1
190119601002016,1
190119601002021,1
190119601002022,1
190119601002023,1
190119601002024,1
190119601002025,1
190119601002026,1
190119601002027,1
190119601002028,1
190119601002029,1
190119601002030,1
190119601002031,1
190119601002032,1
190119601002033,1
190119601002034,1
190119601002035,1
190119601002036,1
190119601002037,1
190119601002038,1
190119601002039,1
190119601002040,1
190119601002041,1
190119601002059,1
190119601002060,1
190119601002061,1
190119601002062,1
190119601002063,1
190119601002071,1
190119601002092,1
190119601002093,1
190119601002094,1
190119601002095,1
190119601002096,1
190119601002097,1
190119601002098,1
190119601002099,1
190119601002100,1
190119601002101,1
190119601002102,1
190119601002103,1
190119601002104,1
190119601002105,1
190119601002107,1
190119601002114,1
190119601002115,1
190119601002116,1
190119601002117,1
190119601002118,1
190119601002128,1
190119602001002,1
190119602001183,1
190119602001184,1
190119601002088,1
190119601002106,1
190119601002108,1
190119601002109,1
190119601002110,1
190119601002111,1
190119601002112,1
190119601002113,1
190119601002120,1
190119601002121,1
190119601002122,1
190119601002123,1
190119601002124,1
190119601002125,1
190119601002126,1
190119601002129,1
190119601002130,1
190119601002131,1
190119601002132,1
190119602001001,1
190119602001159,1
190119602001160,1
190119602001162,1
190119602001163,1
190119602001173,1
190119602001174,1
190119602001175,1
190119602001181,1
190119602001185,1
190119602002000,1
190119603001000,1
190119603001001,1
190119603001002,1
190119603001003,1
190119603001004,1
190119603001005,1
190119603001006,1
190119603001007,1
190119603001008,1
190119603001009,1
190119603001010,1
190119603001011,1
190119603001012,1
190119603001013,1
190119603001014,1
190119603001015,1
190119603001016,1
190119603001017,1
190119603001018,1
190119603001019,1
190119603001020,1
190119603001021,1
190119603001022,1
190119603001023,1
190119603001024,1
190119603001025,1
190119603001026,1
190119603001027,1
190119603001028,1
190119603001029,1
190119603001030,1
190119603001031,1
190119603001032,1
190119603001033,1
190119603001034,1
190119603001035,1
190119603001036,1
190119603001037,1
190119603001038,1
190119603001039,1
190119603001040,1
190119603001041,1
190119603001042,1
190119603001043,1
190119603001044,1
190119603001045,1
190119603001046,1
190119603001047,1
190119603001048,1
190119603001049,1
190119603001050,1
190119603001051,1
190119603001052,1
190119603001053,1
190119603001054,1
190119603001055,1
190119603001056,1
190119603001057,1
190119603001058,1
190119603001059,1
190119603001060,1
190119603001061,1
190119603001062,1
190119603001063,1
190119603001064,1
190119603001065,1
190119603001066,1
190119603001067,1
190119603001068,1
190119603001069,1
190119603001070,1
190119603001071,1
190119603001072,1
190119603001073,1
190119603001074,1
190119603001075,1
190119603001076,1
190119603001077,1
190119603001078,1
190119603001079,1
190119603001080,1
190119603001081,1
190119603001082,1
190119603001083,1
190119603001084,1
190119603001085,1
190119603001086,1
190119603001087,1
190119603001088,1
190119603002000,1
190119603002001,1
190119603002002,1
190119603002003,1
190119603002004,1
190119603002005,1
190119603002006,1
190119603002007,1
190119603002008,1
190119603002009,1
190119603002010,1
190119603002011,1
190119603002012,1
190119603002013,1
190119603002014,1
190119603002015,1
190119603002016,1
190119603002017,1
190119603002018,1
190119603002019,1
190119603002020,1
190119603002021,1
190119603002022,1
190119603002023,1
190119603002024,1
190119603002025,1
190119603002026,1
190119603002027,1
190119603002028,1
190119603002029,1
190119603002030,1
190119603002031,1
190119603002032,1
190119603002033,1
190119603002034,1
190119603002035,1
190119603002036,1
190119603002037,1
190119603002038,1
190119603002039,1
190119603002040,1
190119603002041,1
190119603002042,1
190119603002043,1
190119603002044,1
190119603002045,1
190119603002046,1
190119603002047,1
190119603002048,1
190119603002049,1
190119603002050,1
190119603002051,1
190119603002052,1
190119603002053,1
190119603002054,1
190119603002055,1
190119603002056,1
190119603002057,1
190119603002058,1
190119603002059,1
190119603002060,1
190119603002061,1
190119603002062,1
190119603002063,1
190119603002064,1
190119603002065,1
190119603002066,1
190119603002067,1
190119603002068,1
190119603002069,1
190119603002070,1
190119603002071,1
190119603002072,1
190119603002073,1
190119603002074,1
190119603002075,1
190119603002076,1
190119603002077,1
190119603002078,1
190119603002079,1
190119603002080,1
190119603002081,1
190119603002082,1
190119603002083,1
190119603002084,1
190119603002085,1
190119603002086,1
190119603002087,1
190119603002088,1
190119603002089,1
190119603002090,1
190119603002091,1
190119603002092,1
190119603002093,1
190119603002094,1
190119603002095,1
190119603002096,1
190119603002097,1
190119603002098,1
190119603002099,1
190119603002100,1
190119603002101,1
190119603002102,1
190119603003000,1
190119603003001,1
190119603003002,1
190119603003003,1
190119603003004,1
190119603003005,1
190119603003006,1
190119603003007,1
190119603003008,1
190119603003009,1
190119603003010,1
190119603003011,1
190119603003012,1
190119603003013,1
190119603003014,1
190119603003015,1
190119603003016,1
190119603003017,1
190119603003018,1
190119603003019,1
190119603003020,1
190119603003021,1
190119603003022,1
190119603003023,1
190119603003024,1
190119603003025,1
190119603003026,1
190119603003027,1
190119603003028,1
190119603003029,1
190119603003030,1
190119603003031,1
190119603003032,1
190119603003033,1
190119603003034,1
190119603003035,1
190119603003036,1
190119603003037,1
190119603003038,1
190119603003039,1
190119603003040,1
190119603003041,1
190119603003042,1
190119603003043,1
190119603003044,1
190119603003045,1
190119603003046,1
190119603003047,1
190119603003048,1
190119603003049,1
190119603003050,1
190119603003051,1
190119603003052,1
190119603003053,1
190119603003054,1
190119603003055,1
190119603003056,1
190119603003057,1
190119603003058,1
190119603003059,1
190119603003060,1
190119603003061,1
190119603003062,1
190119603003063,1
190119603003064,1
190119603003065,1
190119603003066,1
190119603003067,1
190119603003068,1
190119603003069,1
190119603003070,1
190119603003071,1
190119603003072,1
190119603003073,1
190119603003074,1
190119603003075,1
190119603003076,1
190119603003077,1
190119603003078,1
190119603003079,1
190119603003080,1
190119603003081,1
190119603003082,1
190119603003083,1
190119603003084,1
190119603003085,1
190119603003086,1
190119603003087,1
190119603003088,1
190119603003089,1
190119603003090,1
190119603003091,1
190119603003092,1
190119603003093,1
190119603003094,1
190119603003095,1
190119603003096,1
190119603003097,1
190119603003098,1
190119603003099,1
190119603003100,1
190119603003101,1
190119603003102,1
190119603003103,1
190119603003104,1
190119603003105,1
190119603003106,1
190119603003107,1
190119603003108,1
190119603003109,1
190119603003110,1
190119603003111,1
190119603003112,1
190119603003113,1
190119603003114,1
190119603003115,1
190119603003116,1
190119603003117,1
190119603003118,1
190119603003119,1
190119603003120,1
190119603003121,1
190119603003122,1
190119603003123,1
190119603003124,1
190119603003125,1
190119603003126,1
190119603003127,1
190119603003128,1
190119603003129,1
190119603003130,1
190119603003131,1
190119603003132,1
190119603003133,1
190119603003134,1
190119603003135,1
190119603003136,1
190119603003137,1
190119603003138,1
190119603003139,1
190119603003140,1
190119604001045,1
190119604001046,1
190119604001047,1
190119604002009,1
190119604002010,1
190119604002011,1
190119604002012,1
190119604002013,1
190119604002014,1
190119604002015,1
190119604002027,1
190119602001000,1
190119602001003,1
190119602001004,1
190119602001005,1
190119602001006,1
190119602001007,1
190119602001008,1
190119602001009,1
190119602001010,1
190119602001011,1
190119602001012,1
190119602001013,1
190119602001014,1
190119602001015,1
190119602001016,1
190119602001017,1
190119602001018,1
190119602001019,1
190119602001020,1
190119602001021,1
190119602001022,1
190119602001023,1
190119602001024,1
190119602001025,1
190119602001026,1
190119602001027,1
190119602001028,1
190119602001029,1
190119602001030,1
190119602001031,1
190119602001032,1
190119602001033,1
190119602001034,1
190119602001056,1
190119602001057,1
190119602001058,1
190119602001059,1
190119602001060,1
190119602001061,1
190119602001062,1
190119602001063,1
190119602001064,1
190119602001065,1
190119602001066,1
190119602001067,1
190119602001068,1
190119602001069,1
190119602001070,1
190119602001071,1
190119602001072,1
190119602001073,1
190119602001074,1
190119602001075,1
190119602001076,1
190119602001077,1
190119602001078,1
190119602001079,1
190119602001080,1
190119602001081,1
190119602001082,1
190119602001083,1
190119602001084,1
190119602001085,1
190119602001086,1
190119602001087,1
190119602001088,1
190119602001089,1
190119602001090,1
190119602001091,1
190119602001092,1
190119602001093,1
190119602001097,1
190119602001128,1
190119602001129,1
190119602001130,1
190119602001131,1
190119602001132,1
190119602001133,1
190119602001134,1
190119602001135,1
190119602001136,1
190119602001137,1
190119602001138,1
190119602001139,1
190119602001144,1
190119602001145,1
190119602001146,1
190119602001147,1
190119602001148,1
190119602001149,1
190119602001150,1
190119602001151,1
190119602001152,1
190119602001153,1
190119602001154,1
190119602001164,1
190119602001176,1
190119602001177,1
190119602001178,1
190119602001179,1
190119602001180,1
190119602001182,1
190119602001035,1
190119602001036,1
190119602001037,1
190119602001038,1
190119602001039,1
190119602001040,1
190119602001041,1
190119602001042,1
190119602001043,1
190119602001044,1
190119602001045,1
190119602001046,1
190119602001047,1
190119602001048,1
190119602001049,1
190119602001050,1
190119602001051,1
190119602001052,1
190119602001053,1
190119602001054,1
190119602001055,1
190119602001094,1
190119602001095,1
190119602001096,1
190119602001098,1
190119602001099,1
190119602001100,1
190119602001101,1
190119602001102,1
190119602001103,1
190119602001104,1
190119602001105,1
190119602001106,1
190119602001107,1
190119602001108,1
190119602001109,1
190119602001110,1
190119602001111,1
190119602001112,1
190119602001113,1
190119602001114,1
190119602001115,1
190119602001116,1
190119602001121,1
190119602001117,1
190119602001118,1
190119602001119,1
190119602001120,1
190119602001122,1
190119602001123,1
190119602001124,1
190119602001167,1
190119602001168,1
190119602001169,1
190119602001170,1
190119602001171,1
190119602001172,1
190119602002006,1
190119602002007,1
190119602002008,1
190119602002009,1
190119602002010,1
190119602002011,1
190119602002012,1
190119602002013,1
190119602002014,1
190119602002015,1
190119602002016,1
190119602002017,1
190119602002018,1
190119602002019,1
190119602002020,1
190119602002021,1
190119602002022,1
190119602002023,1
190119602002024,1
190119602002025,1
190119602002026,1
190119602002027,1
190119602002028,1
190119602002029,1
190119602002030,1
190119602002031,1
190119602002032,1
190119602002033,1
190119602002034,1
190119602002041,1
190119602001125,1
190119602001126,1
190119602001127,1
190119602001140,1
190119602001141,1
190119602001142,1
190119602001143,1
190119602001155,1
190119602001156,1
190119602001157,1
190119602001158,1
190119602001161,1
190119602001165,1
190119602001166,1
190119602002001,1
190119602002002,1
190119602002003,1
190119602002004,1
190119602002005,1
190119602002035,1
190119602002036,1
190119602002037,1
190119602002038,1
190119602002039,1
190119602002040,1
190119602002042,1
190119602002043,1
190119602002044,1
190119602002045,1
190119602002046,1
190119602002047,1
190119602002048,1
190119602002049,1
190119602002050,1
190119602002051,1
190119602002052,1
190119602002053,1
190119602002054,1
190119602002055,1
190119602002056,1
190119602002057,1
190119602002058,1
190119602002059,1
190119602002060,1
190119602002061,1
190119602002062,1
190119602002063,1
190119602002064,1
190119602002065,1
190119602002066,1
190119602002067,1
190119602002068,1
190119602002069,1
190119602002070,1
190119602002071,1
190119602002072,1
190119602002073,1
190119602002074,1
190119602002075,1
190119602002076,1
190119602002077,1
190119602002078,1
190119602002079,1
190119602002084,1
190119602002085,1
190119602002086,1
190119602002087,1
190119602002088,1
190119602002089,1
190119602002090,1
190119602002091,1
190119602002092,1
190119602002093,1
190119602002094,1
190119602002095,1
190119602002096,1
190119602002097,1
190119602002098,1
190119602002099,1
190119602002100,1
190119602002101,1
190119602002102,1
190119602002103,1
190119602002104,1
190119602002105,1
190119602002106,1
190119602002080,1
190119602002081,1
190119602002082,1
190119602002083,1
190119602002107,1
190119602002108,1
190119602002125,1
190119602002137,1
190119602002138,1
190119602002139,1
190119602002140,1
190119602002141,1
190119602002142,1
190119602002143,1
190119602002144,1
190119602002145,1
190119602002146,1
190119602002147,1
190119602002148,1
190119602002149,1
190119602002150,1
190119602002151,1
190119602002152,1
190119602002153,1
190119602002154,1
190119602002155,1
190119602002156,1
190119602002157,1
190119602002158,1
190119602002159,1
190119602002160,1
190119602002161,1
190119602002162,1
190119602002163,1
190119602002164,1
190119602002165,1
190119602002166,1
190119602002167,1
190119602002168,1
190119602002169,1
190119602002170,1
190119602002171,1
190119602002172,1
190119602002173,1
190119602002174,1
190119602002192,1
190119602002193,1
190119602002194,1
190119602002195,1
190119602002196,1
190119602002109,1
190119602002110,1
190119602002111,1
190119602002112,1
190119602002113,1
190119602002114,1
190119602002115,1
190119602002116,1
190119602002117,1
190119602002118,1
190119602002119,1
190119602002120,1
190119602002121,1
190119602002122,1
190119602002123,1
190119602002124,1
190119602002126,1
190119602002127,1
190119602002128,1
190119602002129,1
190119602002130,1
190119602002131,1
190119602002132,1
190119602002133,1
190119602002134,1
190119602002135,1
190119602002136,1
190119602002175,1
190119602002176,1
190119602002177,1
190119602002178,1
190119602002179,1
190119602002180,1
190119602002181,1
190119602002182,1
190119602002183,1
190119602002184,1
190119602002185,1
190119602002186,1
190119602002187,1
190119602002188,1
190119602002189,1
190119602002190,1
190119602002191,1
190119602002197,1
190119602002198,1
190119602003000,1
190119602003001,1
190119602003002,1
190119602003003,1
190119602003004,1
190119602003005,1
190119602003006,1
190119602003007,1
190119602003008,1
190119602003009,1
190119602003010,1
190119602003011,1
190119602003012,1
190119602003013,1
190119602003014,1
190119602003015,1
190119602003016,1
190119602003017,1
190119602003018,1
190119602003019,1
190119602003020,1
190119602003021,1
190119602003022,1
190119602003023,1
190119602003024,1
190119602003025,1
190119602003026,1
190119602003027,1
190119602003028,1
190119602003029,1
190119602003030,1
190119602003031,1
190119602003032,1
190119602003033,1
190119602003034,1
190119602003035,1
190119602003036,1
190119602003037,1
190119602003038,1
190119602003039,1
190119602003040,1
190119602003041,1
190119602003042,1
190119602003043,1
190119602003044,1
190119602003045,1
190119602003046,1
190119602003047,1
190119602003048,1
190119602003049,1
190119602003050,1
190119602003051,1
190119602003052,1
190119602003053,1
190119602003054,1
190119602003055,1
190119602003056,1
190119602003057,1
190119602003058,1
190119602003059,1
190119602003060,1
190119602003061,1
190119602003062,1
190119602003063,1
190119602003064,1
190119602003065,1
190119602003066,1
190119602003067,1
190119602003068,1
190119602003069,1
190119602003070,1
190119602003071,1
190119602003072,1
190119602003073,1
190119602003074,1
190119602003075,1
190119602003076,1
190119602003077,1
190119602003078,1
190119602003079,1
190119602003080,1
190119602003081,1
190119602003082,1
190119602003083,1
190119602003084,1
190119602003085,1
190119602003086,1
190119602003087,1
190119602003088,1
190119602003089,1
190119602003090,1
190119602003091,1
190119602003092,1
190119602003093,1
190119602003094,1
190119602003095,1
190119602003096,1
190119602003097,1
190119602003099,1
190119602003100,1
190119602003101,1
190119602003102,1
190119602003103,1
190119602003104,1
190119602003098,1
190119605002000,1
190119605002001,1
190119605002002,1
190119605002003,1
190119605002004,1
190119605002005,1
190119605002006,1
190119605002007,1
190119605002008,1
190119605002009,1
190119605002010,1
190119605002011,1
190119605002012,1
190119605002013,1
190119605002014,1
190119605002015,1
190119605002016,1
190119605002017,1
190119605002018,1
190119605002019,1
190119605002020,1
190119605002021,1
190119605002022,1
190119605002023,1
190119605002024,1
190119605002025,1
190119605002026,1
190119605002027,1
190119605002028,1
190119605002029,1
190119605002030,1
190119605002031,1
190119605002032,1
190119605002033,1
190119605002034,1
190119605002035,1
190119605002036,1
190119605002037,1
190119605002038,1
190119605002039,1
190119605002040,1
190119605002041,1
190119605002042,1
190119605002043,1
190119605002044,1
190119605002045,1
190119605002046,1
190119605002047,1
190119605002048,1
190119605002049,1
190119605002050,1
190119605002051,1
190119605002052,1
190119605002053,1
190119605002054,1
190119605002055,1
190119605002056,1
190119605002057,1
190119605002058,1
190119605002059,1
190119605002060,1
190119605002061,1
190119605002062,1
190119605002063,1
190119605002064,1
190119605002065,1
190119605002066,1
190119605002067,1
190119605002068,1
190119605002069,1
190119605002070,1
190119605002071,1
190119605002072,1
190119605002073,1
190119605002074,1
190119605002075,1
190119605002076,1
190119605002077,1
190119605002078,1
190119605002079,1
190119605002080,1
190119605002081,1
190119605002082,1
190119605002083,1
190119605002084,1
190119605002085,1
190119605002086,1
190119605002087,1
190119605002088,1
190119605002089,1
190119605002090,1
190119605002091,1
190119605002092,1
190119605002093,1
190119605002094,1
190119605002095,1
190119605002096,1
190119605002097,1
190119605002098,1
190119605002099,1
190119605002100,1
190119605002101,1
190119604001000,1
190119604001001,1
190119604001002,1
190119604001003,1
190119604001004,1
190119604001005,1
190119604001006,1
190119604001007,1
190119604001008,1
190119604001009,1
190119604001010,1
190119604001011,1
190119604001012,1
190119604001013,1
190119604001014,1
190119604001015,1
190119604001016,1
190119604001017,1
190119604001018,1
190119604001019,1
190119604001020,1
190119604001021,1
190119604001022,1
190119604001023,1
190119604001024,1
190119604001025,1
190119604001026,1
190119604001027,1
190119604001036,1
190119604001038,1
190119604001039,1
190119604001040,1
190119604001041,1
190119604001042,1
190119604001043,1
190119604001044,1
190119604001048,1
190119604001049,1
190119604001050,1
190119604002006,1
190119604002007,1
190119604002008,1
190119604001028,1
190119604001029,1
190119604001030,1
190119604001031,1
190119604001032,1
190119604001033,1
190119604001034,1
190119604001035,1
190119604001037,1
190119604001051,1
190119604001052,1
190119604001053,1
190119604001054,1
190119604002000,1
190119604002001,1
190119604002002,1
190119604002003,1
190119604002004,1
190119604002005,1
190119604002017,1
190119604002018,1
190119604002019,1
190119604002020,1
190119604002021,1
190119604002022,1
190119604002029,1
190119604002066,1
190119604002067,1
190119604002068,1
190119604002069,1
190119604002070,1
190119604002071,1
190119604002072,1
190119604002073,1
190119604002074,1
190119604002075,1
190119604002076,1
190119604002077,1
190119604002078,1
190119604002079,1
190119604002082,1
190119604002083,1
190119604002084,1
190119604002085,1
190119604002086,1
190119604002087,1
190119604002088,1
190119604002089,1
190119604002090,1
190119604002091,1
190119604002092,1
190119604002093,1
190119604002094,1
190119604002095,1
190119604002096,1
190119604002097,1
190119604002098,1
190119604002099,1
190119604002100,1
190119604002101,1
190119604002102,1
190119604002103,1
190119604002104,1
190119604002105,1
190119604002106,1
190119604002107,1
190119604002108,1
190119604002109,1
190119604002110,1
190119604002111,1
190119604002112,1
190119604002113,1
190119604002114,1
190119604002115,1
190119604002116,1
190119604002117,1
190119604002118,1
190119604002119,1
190119604002120,1
190119604002121,1
190119604002122,1
190119604002123,1
190119604002124,1
190119604002125,1
190119604002126,1
190119604002127,1
190119604002129,1
190119604002130,1
190119604002131,1
190119604002132,1
190119604002133,1
190119604002134,1
190119604002135,1
190119604002136,1
190119604002137,1
190119604002138,1
190119604002142,1
190119604002143,1
190119604002144,1
190119604002145,1
190119604002146,1
190119604002016,1
190119604002023,1
190119604002024,1
190119604002025,1
190119604002026,1
190119604002028,1
190119604002030,1
190119604002031,1
190119604002032,1
190119604002033,1
190119604002034,1
190119604002035,1
190119604002036,1
190119604002037,1
190119604002038,1
190119604002039,1
190119604002040,1
190119604002041,1
190119604002042,1
190119604002043,1
190119604002044,1
190119604002045,1
190119604002046,1
190119604002047,1
190119604002048,1
190119604002049,1
190119604002050,1
190119604002051,1
190119604002052,1
190119604002053,1
190119604002054,1
190119604002055,1
190119604002056,1
190119604002057,1
190119604002058,1
190119604002059,1
190119604002060,1
190119604002061,1
190119604002062,1
190119604002063,1
190119604002064,1
190119604002065,1
190119604002080,1
190119604002081,1
190119604002128,1
190119604002139,1
190119604002140,1
190119604002141,1
190119604002147,1
190119604002148,1
190119604002149,1
190119604002150,1
190119604002151,1
190119604002152,1
190119605001000,1
190119605001001,1
190119605001002,1
190119605001003,1
190119605001004,1
190119605001005,1
190119605001006,1
190119605001007,1
190119605001008,1
190119605001009,1
190119605001010,1
190119605001011,1
190119605001012,1
190119605001013,1
190119605001014,1
190119605001015,1
190119605001016,1
190119605001017,1
190119605001018,1
190119605001019,1
190119605001020,1
190119605001021,1
190119605001022,1
190119605001023,1
190119605001024,1
190119605001025,1
190119605001026,1
190119605001027,1
190119605001028,1
190119605001029,1
190119605001030,1
190119605001031,1
190119605001032,1
190119605001033,1
190119605001034,1
190119605001035,1
190119605001036,1
190119605001037,1
190119605001038,1
190119605001039,1
190119605001040,1
190119605001041,1
190119605001042,1
190119605001043,1
190119605001044,1
190119605001045,1
190119605001046,1
190119605001047,1
190119605001048,1
190119605001049,1
190119605001050,1
190119605001051,1
190119605001052,1
190119605001053,1
190119605001054,1
190119605001055,1
190119605001056,1
190119605001057,1
190119605001058,1
190119605001059,1
190119605001060,1
190119605001061,1
190119605001062,1
190119605001063,1
190119605001064,1
190119605001065,1
190119605001066,1
190119605001067,1
190119605001068,1
190119605001069,1
190119605001070,1
190119605001071,1
190119605001072,1
190119605001073,1
190119605001074,1
190119605001075,1
190119605001076,1
190119605001077,1
190119605001078,1
190119605001079,1
190119605001080,1
190119605001081,1
190119605001082,1
190119605001083,1
190119605001084,1
190119605001085,1
190119605001086,1
190119605001087,1
190119605001088,1
190119605001089,1
190119605001090,1
190119605001091,1
190119605001092,1
190119605001093,1
190119605001094,1
190119605001095,1
190119605001096,1
190119605001097,1
190119605001098,1
190119605001099,1
190119605001100,1
190119605001101,1
190119605001102,1
190119605001103,1
190119605001104,1
190119605001105,1
190119605001106,1
190119605001107,1
190119605003000,1
190119605003001,1
190119605003002,1
190119605003003,1
190119605003004,1
190119605003005,1
190119605003006,1
190119605003007,1
190119605003008,1
190119605003009,1
190119605003010,1
190119605003011,1
190119605003012,1
190119605003013,1
190119605003014,1
190119605003015,1
190119605003016,1
190119605003017,1
190119605003018,1
190119605003019,1
190119605003020,1
190119605003021,1
190119605003022,1
190119605003023,1
190119605003024,1
190119605003025,1
190119605003026,1
190119605003027,1
190119605003028,1
190119605003029,1
190119605003030,1
190119605003031,1
190119605003032,1
190119605003033,1
190119605003034,1
190119605003035,1
190119605003036,1
190119605003037,1
190119605003038,1
190119605003039,1
190119605003040,1
190119605003041,1
190119605003042,1
190119605003043,1
190119605003044,1
190119605003045,1
190119605003046,1
190119605003047,1
190119605003048,1
190119605003049,1
190119605003050,1
190119605003051,1
190119605003052,1
190119605003053,1
190119605003054,1
190119605003055,1
190119605003056,1
190119605003057,1
190119605003058,1
190119605003059,1
190119605003060,1
190119605003061,1
190119605003062,1
190119605003063,1
190119605003064,1
190119605003065,1
190119605003066,1
190119605003067,1
190119605003068,1
190119605003069,1
190119605003070,1
190119605003071,1
190119605003072,1
190119605003083,1
190119605003084,1
190119605003085,1
190119605003086,1
190119605003087,1
190119605003088,1
190119605003094,1
190119605003095,1
190119605003096,1
190119605003104,1
190119605003105,1
190119605003109,1
190119605003110,1
190119605003111,1
190119605003113,1
190119605003114,1
190119605003073,1
190119605003074,1
190119605003075,1
190119605003076,1
190119605003077,1
190119605003078,1
190119605003079,1
190119605003080,1
190119605003081,1
190119605003082,1
190119605003089,1
190119605003090,1
190119605003091,1
190119605003092,1
190119605003093,1
190119605003097,1
190119605003098,1
190119605003099,1
190119605003100,1
190119605003101,1
190119605003102,1
190119605003103,1
190119605003106,1
190119605003107,1
190119605003108,1
190119605003112,1
190119605003115,1
190119606001000,1
190119606001001,1
190119606001002,1
190119606001003,1
190119606001004,1
190119606001005,1
190119606001006,1
190119606001009,1
190119606001010,1
190119606001011,1
190119606001012,1
190119606001013,1
190119606001014,1
190119606001015,1
190119606001016,1
190119606001017,1
190119606001018,1
190119606001019,1
190119606001020,1
190119606001021,1
190119606001022,1
190119606001023,1
190119606001024,1
190119606001025,1
190119606001026,1
190119606001029,1
190119606001030,1
190119606001031,1
190119606001032,1
190119606001033,1
190119606001034,1
190119606001035,1
190119606001036,1
190119606001037,1
190119606001038,1
190119606001039,1
190119606001040,1
190119606001041,1
190119606001042,1
190119606001043,1
190119606001044,1
190119606001045,1
190119606001046,1
190119606001047,1
190119606001048,1
190119606001049,1
190119606001050,1
190119606001051,1
190119606001052,1
190119606001053,1
190119606001054,1
190119606001055,1
190119606001056,1
190119606001065,1
190119606001066,1
190119606001067,1
190119606001068,1
190119606001069,1
190119606001101,1
190119606001102,1
190119606001103,1
190119606001122,1
190119606001123,1
190119606001124,1
190119606001125,1
190119606001129,1
190119606001130,1
190119606001007,1
190119606001008,1
190119606001027,1
190119606001028,1
190119606001057,1
190119606001058,1
190119606001059,1
190119606001060,1
190119606001061,1
190119606001062,1
190119606001063,1
190119606001064,1
190119606001070,1
190119606001071,1
190119606001072,1
190119606001073,1
190119606001074,1
190119606001075,1
190119606001076,1
190119606001077,1
190119606001078,1
190119606001079,1
190119606001080,1
190119606001081,1
190119606001082,1
190119606001083,1
190119606001084,1
190119606001085,1
190119606001086,1
190119606001087,1
190119606001088,1
190119606001089,1
190119606001090,1
190119606001091,1
190119606001092,1
190119606001093,1
190119606001094,1
190119606001095,1
190119606001096,1
190119606001097,1
190119606001098,1
190119606001099,1
190119606001100,1
190119606001104,1
190119606001105,1
190119606001106,1
190119606001107,1
190119606001108,1
190119606001109,1
190119606001110,1
190119606001111,1
190119606001112,1
190119606001113,1
190119606001114,1
190119606001115,1
190119606001116,1
190119606001117,1
190119606001118,1
190119606001119,1
190119606001120,1
190119606001121,1
190119606001126,1
190119606001127,1
190119606001128,1
190119606002000,1
190119606002001,1
190119606002002,1
190119606002003,1
190119606002004,1
190119606002005,1
190119606002019,1
190119606002020,1
190119606002021,1
190119606002022,1
190119606002023,1
190119606002024,1
190119606002025,1
190119606002030,1
190119606002031,1
190119606002032,1
190119606002033,1
190119606002034,1
190119606002035,1
190119606002036,1
190119606002037,1
190119606002038,1
190119606002039,1
190119606002050,1
190119606002051,1
190119606002052,1
190119606002053,1
190119606002054,1
190119606002055,1
190119606002064,1
190119606002065,1
190119606002071,1
190119606002072,1
190119606002073,1
190119606002074,1
190119606002075,1
190119606002076,1
190119606002077,1
190119606002006,1
190119606002007,1
190119606002008,1
190119606002009,1
190119606002010,1
190119606002011,1
190119606002012,1
190119606002013,1
190119606002014,1
190119606002015,1
190119606002016,1
190119606002017,1
190119606002018,1
190119606002026,1
190119606002027,1
190119606002028,1
190119606002029,1
190119606002056,1
190119606002057,1
190119606002058,1
190119606002059,1
190119606002060,1
190119606002061,1
190119606002062,1
190119606002063,1
190119606002066,1
190119606002067,1
190119606002068,1
190119606002069,1
190119606002070,1
190119607001000,1
190119607001055,1
190119607001056,1
190119607001057,1
190119607001058,1
190119607002000,1
190119607002001,1
190119607002002,1
190119607002003,1
190119607002006,1
190119607002007,1
190119607002008,1
190119607002009,1
190119607002032,1
190119607002034,1
190119606002040,1
190119606002041,1
190119606002042,1
190119606002043,1
190119606002044,1
190119606002045,1
190119606002046,1
190119606002047,1
190119606002048,1
190119606002049,1
190119606003000,1
190119606003001,1
190119606003002,1
190119606003003,1
190119606003004,1
190119606003005,1
190119606003006,1
190119606003007,1
190119606003008,1
190119606003009,1
190119606003010,1
190119606003011,1
190119606003012,1
190119606003013,1
190119606003014,1
190119606003015,1
190119606003016,1
190119606003017,1
190119606003018,1
190119606003019,1
190119606003020,1
190119606003021,1
190119606003022,1
190119606003023,1
190119606003024,1
190119606003025,1
190119606003026,1
190119606003027,1
190119606003028,1
190119606003029,1
190119606003030,1
190119606003031,1
190119606003032,1
190119606003033,1
190119606003034,1
190119606003035,1
190119606003036,1
190119606003037,1
190119606003038,1
190119606003039,1
190119606003040,1
190119606003041,1
190119606003042,1
190119606003043,1
190119606003044,1
190119606003045,1
190119606003046,1
190119606003047,1
190119606003048,1
190119606003049,1
190119606003050,1
190119606003051,1
190119606003052,1
190119606003053,1
190119606003054,1
190119606003055,1
190119606003056,1
190119606003057,1
190119606003058,1
190119606003059,1
190119606003060,1
190119606003061,1
190119606003062,1
190119606003063,1
190119606003064,1
190119606003065,1
190119606003066,1
190119606003067,1
190119606003068,1
190119606003069,1
190119606003070,1
190119606003071,1
190119606003072,1
190119606003073,1
190119606003074,1
190119606003075,1
190119606003076,1
190119606003077,1
190119606003078,1
190119606003079,1
190119606003080,1
190119606003081,1
190119606003082,1
190119606003083,1
190119606003084,1
190119606003085,1
190119606003086,1
190119606003087,1
190119606003088,1
190119606003089,1
190119606003090,1
190119606003091,1
190119606003092,1
190119606003093,1
190119606003094,1
190119606003095,1
190119606003096,1
190119606003097,1
190119606003098,1
190119606003099,1
190119606003100,1
190119606003101,1
190119606003102,1
190119606003103,1
190119607001001,1
190119607001002,1
190119607001003,1
190119607001004,1
190119607001005,1
190119607001006,1
190119607001007,1
190119607001008,1
190119607001009,1
190119607001010,1
190119607001011,1
190119607001012,1
190119607001013,1
190119607001014,1
190119607001015,1
190119607001016,1
190119607001017,1
190119607001018,1
190119607001019,1
190119607001020,1
190119607001021,1
190119607001022,1
190119607001023,1
190119607001024,1
190119607001025,1
190119607001026,1
190119607001027,1
190119607001028,1
190119607001029,1
190119607001030,1
190119607001031,1
190119607001032,1
190119607001033,1
190119607001034,1
190119607001035,1
190119607001036,1
190119607001037,1
190119607001038,1
190119607001039,1
190119607001040,1
190119607001041,1
190119607001042,1
190119607001043,1
190119607001044,1
190119607001045,1
190119607001046,1
190119607001047,1
190119607001048,1
190119607001049,1
190119607001050,1
190119607001051,1
190119607001052,1
190119607001053,1
190119607001054,1
190119607001059,1
190119607001060,1
190119607001061,1
190119607001062,1
190119607001063,1
190119607001064,1
190119607001065,1
190119607001066,1
190119607001067,1
190119607001068,1
190119607001069,1
190119607002004,1
190119607002005,1
190119607002010,1
190119607002011,1
190119607002012,1
190119607002013,1
190119607002014,1
190119607002015,1
190119607002016,1
190119607002017,1
190119607002018,1
190119607002019,1
190119607002020,1
190119607002021,1
190119607002022,1
190119607002023,1
190119607002024,1
190119607002025,1
190119607002026,1
190119607002027,1
190119607002028,1
190119607002029,1
190119607002030,1
190119607002031,1
190119607002033,1
190119607002035,1
190119607002036,1
190119607002037,1
190119607002038,1
190119607002039,1
190119607002040,1
190119607002041,1
190119607002042,1
190119607002043,1
190119607002044,1
190119607002045,1
190119607002046,1
190119607002047,1
190119607002048,1
190119607002049,1
190119607002050,1
190119607002051,1
190119607002052,1
190119607002053,1
190119607002054,1
190119607002055,1
190119607002056,1
190119607002057,1
190119607002058,1
190119607002059,1
190119607002060,1
190119607002061,1
190119607002062,1
190119607002063,1
190119607002064,1
190119607002065,1
190119607002066,1
190119607002067,1
190119607002068,1
190119607002069,1
190119607002070,1
190119607002071,1
190119607002072,1
190119607002073,1
190119607002074,1
190119607002075,1
190119607002076,1
190119607002077,1
190119607002078,1
190119607002079,1
190119607002080,1
190119607002081,1
190119607002082,1
190119607002083,1
190119607002084,1
190119607002085,1
190119607002086,1
190119607002087,1
190119607002088,1
190119607002089,1
190119607002090,1
190119607002091,1
190119607002092,1
190119607002093,1
190119607002094,1
190119607002095,1
190119607002096,1
190119607002097,1
190119607002098,1
190119607002099,1
190119607002100,1
190119607002101,1
190119607002102,1
190119607002103,1
190119607002104,1
190119607002105,1
190119607002106,1
190119607002107,1
190119607002108,1
190119607002109,1
190119607002110,1
190119607002111,1
190119607002112,1
190130001001000,1
190130001001001,1
190130001001011,1
190130005001001,1
190130005001002,1
190130005001003,1
190130005001004,1
190130005001005,1
190130005001008,1
190130005001009,1
190130005001010,1
190130005001011,1
190130005001012,1
190130005001013,1
190130005001014,1
190130005001015,1
190130005001016,1
190130005001017,1
190130005001018,1
190130005001019,1
190130005002003,1
190130005002004,1
190130005002005,1
190130005002006,1
190130005002007,1
190130005002008,1
190130005002009,1
190130005002010,1
190130005002012,1
190130005002013,1
190130005002014,1
190130005002021,1
190130005002022,1
190130005002023,1
190130005002024,1
190130005002025,1
190130005002026,1
190130005002027,1
190130005002028,1
190130005002029,1
190130005002030,1
190130005002031,1
190130005002032,1
190130005002033,1
190130005002034,1
190130005002035,1
190130005002036,1
190130005002037,1
190130005002038,1
190130005002039,1
190130005002040,1
190130005002041,1
190130016001045,1
190130016001046,1
190130016001049,1
190130016001050,1
190130016001051,1
190130016001052,1
190130016001056,1
190130016001057,1
190130016001058,1
190130016001059,1
190130016001060,1
190130016001061,1
190130016001098,1
190130016001099,1
190130016001101,1
190130016001102,1
190130016002013,1
190130016002014,1
190130016002015,1
190130016002016,1
190130016002025,1
190130001001002,1
190130001001003,1
190130001001004,1
190130001001005,1
190130001001006,1
190130001001007,1
190130001001008,1
190130001001009,1
190130001001010,1
190130001001012,1
190130001001013,1
190130001001014,1
190130001001015,1
190130001001016,1
190130001001017,1
190130001001018,1
190130001001019,1
190130001001020,1
190130001001021,1
190130001001022,1
190130001001023,1
190130001001024,1
190130001001025,1
190130001001026,1
190130001001027,1
190130001001028,1
190130001001029,1
190130001001030,1
190130001001031,1
190130001001032,1
190130001001033,1
190130001001034,1
190130001001035,1
190130001001036,1
190130001001037,1
190130001002000,1
190130001002001,1
190130001002002,1
190130001002003,1
190130001002004,1
190130001002005,1
190130001002006,1
190130001002007,1
190130001002008,1
190130001002009,1
190130001002010,1
190130001002011,1
190130001002012,1
190130001002013,1
190130001002014,1
190130001002015,1
190130001002016,1
190130001002017,1
190130001002018,1
190130001002020,1
190130001002023,1
190130001002024,1
190130001002030,1
190130001002031,1
190130001002034,1
190130001002037,1
190130001002038,1
190130001002039,1
190130001002040,1
190130001002093,1
190130005002042,1
190130018001017,1
190130018001018,1
190130018001019,1
190130018001020,1
190130018001021,1
190130018001022,1
190130018001023,1
190130018001024,1
190130018001025,1
190130018001026,1
190130018001029,1
190130018001030,1
190130018001033,1
190130018001034,1
190130018001044,1
190130018001072,1
190130018001073,1
190130018001075,1
190130018001076,1
190130001002019,1
190130001002021,1
190130001002022,1
190130001002025,1
190130001002026,1
190130001002027,1
190130001002028,1
190130001002029,1
190130001002032,1
190130001002033,1
190130001002035,1
190130001002036,1
190130001002041,1
190130001002042,1
190130001002043,1
190130001002044,1
190130001002045,1
190130001002046,1
190130001002076,1
190130001002077,1
190130001002078,1
190130007001000,1
190130007001001,1
190130007001002,1
190130007001003,1
190130007001004,1
190130007001005,1
190130007001006,1
190130007001007,1
190130007001008,1
190130007001009,1
190130007001010,1
190130007001011,1
190130007001012,1
190130007001013,1
190130007001014,1
190130007001015,1
190130007001016,1
190130007001017,1
190130007001018,1
190130007001019,1
190130007001020,1
190130007001021,1
190130007001022,1
190130007001023,1
190130007001024,1
190130007001025,1
190130007001026,1
190130007001027,1
190130007001028,1
190130007001029,1
190130007001030,1
190130007001031,1
190130007001032,1
190130007001033,1
190130007001034,1
190130007001035,1
190130007001036,1
190130007001037,1
190130007001038,1
190130007001039,1
190130007001040,1
190130007001041,1
190130007001042,1
190130007001043,1
190130007001044,1
190130007001045,1
190130007001046,1
190130007001047,1
190130007001048,1
190130007001049,1
190130007001050,1
190130007001051,1
190130007001052,1
190130007001053,1
190130007001054,1
190130008001003,1
190130008001004,1
190130008001005,1
190130008001006,1
190130008001007,1
190130008001008,1
190130008001019,1
190130008001020,1
190130008001021,1
190130008001022,1
190130008001023,1
190130008001024,1
190130008001025,1
190130008001026,1
190130008001027,1
190130019002007,1
190130019002008,1
190130019002009,1
190130019002020,1
190130019003003,1
190130001002047,1
190130001002048,1
190130001002049,1
190130001002050,1
190130001002051,1
190130001002052,1
190130001002053,1
190130001002054,1
190130001002055,1
190130001002056,1
190130001002057,1
190130001002058,1
190130001002059,1
190130001002060,1
190130001002061,1
190130001002062,1
190130001002063,1
190130001002064,1
190130001002065,1
190130001002066,1
190130001002067,1
190130001002068,1
190130001002069,1
190130001002070,1
190130001002071,1
190130001002072,1
190130001002073,1
190130001002074,1
190130001002075,1
190130001002079,1
190130001002080,1
190130001002081,1
190130001002082,1
190130001002083,1
190130001002084,1
190130001002085,1
190130001002086,1
190130001002087,1
190130001002088,1
190130001002089,1
190130001002090,1
190130001002091,1
190130001002092,1
190130001002094,1
190130001002095,1
190130003001000,1
190130003001001,1
190130003001002,1
190130003001003,1
190130003001005,1
190130003001006,1
190130003001007,1
190130003001008,1
190130003001009,1
190130003001013,1
190130003001014,1
190130003001015,1
190130003001016,1
190130003002000,1
190130003002001,1
190130003002002,1
190130003002003,1
190130003002004,1
190130003002005,1
190130003002006,1
190130003002007,1
190130003002008,1
190130003002009,1
190130003002010,1
190130003002011,1
190130003002012,1
190130003002013,1
190130003002014,1
190130003002015,1
190130003002016,1
190130003002017,1
190130003002018,1
190130003002019,1
190130003002020,1
190130003002021,1
190130003002022,1
190130003002023,1
190130004001000,1
190130004001001,1
190130004001002,1
190130004001003,1
190130004001004,1
190130004001005,1
190130004001006,1
190130004001007,1
190130004001008,1
190130004001009,1
190130004001013,1
190130004001014,1
190130004001015,1
190130004001016,1
190130004001017,1
190130004001018,1
190130004001019,1
190130004001020,1
190130004001062,1
190130004001063,1
190130004001066,1
190130004001067,1
190130004001068,1
190130004001069,1
190130004001070,1
190130014003000,1
190130002001000,1
190130002001001,1
190130002001002,1
190130002001003,1
190130002001004,1
190130002001005,1
190130002001006,1
190130002001007,1
190130002001008,1
190130002001009,1
190130002002000,1
190130002002001,1
190130002002002,1
190130002002003,1
190130002002004,1
190130002002005,1
190130002002006,1
190130002002007,1
190130002002008,1
190130002002009,1
190130002002010,1
190130002002011,1
190130002002012,1
190130002002013,1
190130002002014,1
190130002002015,1
190130002002016,1
190130002002017,1
190130002002018,1
190130002002019,1
190130002002020,1
190130002002021,1
190130002002022,1
190130002002023,1
190130002002024,1
190130002002025,1
190130002002026,1
190130002002027,1
190130002002034,1
190130009002001,1
190130009002002,1
190130009002003,1
190130009002004,1
190130009002005,1
190130009002006,1
190130009002007,1
190130009002008,1
190130009002009,1
190130009002010,1
190130009002011,1
190130009002012,1
190130009002013,1
190130009002014,1
190130009002015,1
190130009002016,1
190130009002017,1
190130009002018,1
190130009002019,1
190130009002020,1
190130009002021,1
190130009002022,1
190130009002023,1
190130009002024,1
190130009002025,1
190130009002026,1
190130009002027,1
190130009002028,1
190130009002029,1
190130009002030,1
190130009002031,1
190130009002032,1
190130009002033,1
190130009002034,1
190130009002035,1
190130009002036,1
190130009002037,1
190130009002038,1
190130009002041,1
190130009002042,1
190130009002043,1
190130009002044,1
190130009002045,1
190130009002056,1
190130002001010,1
190130002001011,1
190130002001012,1
190130002001013,1
190130002001014,1
190130002001015,1
190130002001016,1
190130002001017,1
190130002001018,1
190130002001019,1
190130002001020,1
190130002001021,1
190130002001022,1
190130002001023,1
190130002001024,1
190130002001025,1
190130002001026,1
190130002001027,1
190130002001028,1
190130002001029,1
190130002001030,1
190130002001031,1
190130002001032,1
190130002001033,1
190130002001034,1
190130002002029,1
190130002002030,1
190130011001000,1
190130011001001,1
190130011001002,1
190130011001003,1
190130011001004,1
190130011001011,1
190130011001012,1
190130011001013,1
190130011001014,1
190130011001015,1
190130011001016,1
190130011001017,1
190130011001018,1
190130011001019,1
190130011001020,1
190130011001021,1
190130011001024,1
190130011001027,1
190130011001032,1
190130011001033,1
190130011001034,1
190130011001035,1
190130011002003,1
190130011002004,1
190130011002005,1
190130011002006,1
190130011002007,1
190130011002008,1
190130011002015,1
190130011002016,1
190130011002017,1
190130011002018,1
190130011002019,1
190130011002020,1
190130011002027,1
190130011002028,1
190130002001035,1
190130002001036,1
190130011001005,1
190130011001006,1
190130011001007,1
190130011001008,1
190130011001009,1
190130011001010,1
190130011001022,1
190130011001023,1
190130011001028,1
190130014004000,1
190130014004001,1
190130014004002,1
190130014004003,1
190130014004004,1
190130014004005,1
190130014004006,1
190130014004007,1
190130014004008,1
190130014004009,1
190130014004010,1
190130014004011,1
190130014004012,1
190130014004013,1
190130014004014,1
190130014004015,1
190130014004016,1
190130014004017,1
190130014004018,1
190130014004019,1
190130014004020,1
190130014004021,1
190130014004022,1
190130014004023,1
190130014004024,1
190130014004025,1
190130014004026,1
190130014004027,1
190130014005000,1
190130014005001,1
190130014005002,1
190130014005003,1
190130014005004,1
190130014005006,1
190130014005007,1
190130014005008,1
190130014005009,1
190130014005016,1
190130014005017,1
190130014005018,1
190130014005019,1
190130014005020,1
190130002002028,1
190130002002031,1
190130002002032,1
190130002002033,1
190130010001000,1
190130010001001,1
190130010001002,1
190130010001003,1
190130010001004,1
190130010001005,1
190130010001006,1
190130010001007,1
190130010001008,1
190130010001009,1
190130010001010,1
190130010001011,1
190130010001012,1
190130010001013,1
190130010001014,1
190130010001015,1
190130010001016,1
190130010001017,1
190130010001018,1
190130010001019,1
190130010001020,1
190130010001021,1
190130010001022,1
190130010001023,1
190130010002000,1
190130010002001,1
190130010002007,1
190130010002008,1
190130010002009,1
190130010002013,1
190130010002016,1
190130010002017,1
190130011002000,1
190130011002001,1
190130011002002,1
190130011002009,1
190130011002010,1
190130011002011,1
190130011002012,1
190130011002013,1
190130011002014,1
190130011002021,1
190130011002022,1
190130011002023,1
190130011002024,1
190130011002025,1
190130011002026,1
190130011002029,1
190130011002030,1
190130011002031,1
190130011002032,1
190130003001004,1
190130003001027,1
190130004001010,1
190130004001011,1
190130004001012,1
190130004001021,1
190130004001022,1
190130004001023,1
190130004001024,1
190130004001025,1
190130004001026,1
190130004001027,1
190130004001028,1
190130004001029,1
190130004001030,1
190130004001031,1
190130004001032,1
190130004001033,1
190130004001034,1
190130004001035,1
190130004001036,1
190130004001037,1
190130004001038,1
190130004001039,1
190130004001040,1
190130004001041,1
190130004001042,1
190130004001043,1
190130004001044,1
190130004001045,1
190130004001046,1
190130004001047,1
190130004001048,1
190130004001049,1
190130004001050,1
190130004001051,1
190130004001052,1
190130004001053,1
190130004001054,1
190130004001055,1
190130004001056,1
190130004001057,1
190130004001058,1
190130004001059,1
190130004001060,1
190130004001061,1
190130004001064,1
190130004001065,1
190130004001071,1
190130004001072,1
190130004002000,1
190130004002001,1
190130004002002,1
190130004002003,1
190130004002004,1
190130004002005,1
190130004002006,1
190130004002007,1
190130004002008,1
190130004002009,1
190130004002010,1
190130004002011,1
190130004002012,1
190130004002013,1
190130004002014,1
190130004002015,1
190130004002016,1
190130004002017,1
190130004002018,1
190130004002019,1
190130004002020,1
190130004002021,1
190130004002022,1
190130004002023,1
190130004002024,1
190130004002025,1
190130015022000,1
190130015022001,1
190130015022002,1
190130015022003,1
190130015022004,1
190130015022005,1
190130015022006,1
190130015022007,1
190130015022008,1
190130015022034,1
190130015022035,1
190130015022036,1
190130015022037,1
190130015022038,1
190130015022039,1
190130015022040,1
190130015031000,1
190130015031001,1
190130015031002,1
190130015031003,1
190130015031004,1
190130015031005,1
190130015031006,1
190130015031007,1
190130015031008,1
190130015031009,1
190130015031010,1
190130015031011,1
190130015031012,1
190130015031013,1
190130015031014,1
190130015031015,1
190130015031016,1
190130015031017,1
190130015031018,1
190130015031019,1
190130015031020,1
190130015031022,1
190130015031023,1
190130015031024,1
190130015031025,1
190130015031026,1
190130015031027,1
190130015033003,1
190130015033004,1
190130015033005,1
190130015033006,1
190130015033008,1
190130015033021,1
190130015033025,1
190130015033026,1
190130015033027,1
190130015033028,1
190130015033029,1
190130015033030,1
190130015033031,1
190130015033032,1
190130015033034,1
190130015033035,1
190130003001010,1
190130003001011,1
190130003001012,1
190130003001017,1
190130003001018,1
190130003001019,1
190130003001020,1
190130003001021,1
190130003001022,1
190130003001023,1
190130003001024,1
190130003001025,1
190130003001026,1
190130003002024,1
190130003002025,1
190130003002026,1
190130003002027,1
190130003002028,1
190130014002000,1
190130014002001,1
190130014002002,1
190130014002003,1
190130014002004,1
190130014002005,1
190130014002006,1
190130014002007,1
190130014002008,1
190130014002009,1
190130014002010,1
190130014002011,1
190130014002012,1
190130014002013,1
190130014002014,1
190130014002015,1
190130014002016,1
190130014002017,1
190130014002018,1
190130014002019,1
190130014002020,1
190130014003001,1
190130014003002,1
190130014003003,1
190130014003004,1
190130014003005,1
190130014003006,1
190130014003007,1
190130014003008,1
190130014003009,1
190130014003010,1
190130014003011,1
190130014003012,1
190130014003013,1
190130014003014,1
190130014003015,1
190130014003016,1
190130014003017,1
190130014003018,1
190130005001000,1
190130005001006,1
190130005001007,1
190130005001020,1
190130005002000,1
190130005002001,1
190130005002002,1
190130005002011,1
190130016001047,1
190130017011000,1
190130017011001,1
190130017011002,1
190130017011003,1
190130017011004,1
190130017011005,1
190130017011006,1
190130017011007,1
190130017011008,1
190130017011009,1
190130017011010,1
190130017011011,1
190130017011012,1
190130017011013,1
190130017011014,1
190130017011015,1
190130017011016,1
190130017011017,1
190130017011018,1
190130017011019,1
190130017011020,1
190130017011021,1
190130017011022,1
190130017011023,1
190130017011024,1
190130017011025,1
190130017011026,1
190130017011027,1
190130017021020,1
190130017021023,1
190130017021026,1
190130017021027,1
190130017021028,1
190130017021029,1
190130017021030,1
190130017021031,1
190130017021032,1
190130017021033,1
190130005002015,1
190130005002016,1
190130005002017,1
190130005002018,1
190130005002019,1
190130005002020,1
190130015032000,1
190130015032001,1
190130015032002,1
190130015032003,1
190130015032004,1
190130015032005,1
190130015032006,1
190130015032007,1
190130015032008,1
190130015032009,1
190130015032010,1
190130015032011,1
190130015032012,1
190130015032013,1
190130015032014,1
190130015032015,1
190130015032016,1
190130015032017,1
190130015032018,1
190130015032045,1
190130015033000,1
190130015033001,1
190130015033002,1
190130015033033,1
190130016001001,1
190130016001002,1
190130016001003,1
190130016001004,1
190130016001005,1
190130016001006,1
190130016001007,1
190130016001008,1
190130016001009,1
190130016001010,1
190130016001011,1
190130016001012,1
190130016001013,1
190130016001014,1
190130016001015,1
190130016001016,1
190130016001017,1
190130016001018,1
190130016001019,1
190130016001020,1
190130016001021,1
190130016001022,1
190130016001023,1
190130016001024,1
190130016001025,1
190130016001026,1
190130016001027,1
190130016001028,1
190130016001029,1
190130016001030,1
190130016001031,1
190130016001032,1
190130016001033,1
190130016001034,1
190130016001035,1
190130016001036,1
190130016001037,1
190130016001038,1
190130016001039,1
190130016001040,1
190130016001041,1
190130016001042,1
190130016001043,1
190130016001044,1
190130016001048,1
190130016001053,1
190130016001054,1
190130016001055,1
190130016001062,1
190130016001063,1
190130016001064,1
190130016001065,1
190130016001066,1
190130016001067,1
190130016001068,1
190130016001069,1
190130016001070,1
190130016001071,1
190130016001072,1
190130016001073,1
190130016001074,1
190130016001075,1
190130016001076,1
190130016001077,1
190130016001078,1
190130016001079,1
190130016001080,1
190130016001081,1
190130016001082,1
190130016001085,1
190130016001086,1
190130016001088,1
190130016001094,1
190130016001095,1
190130016001096,1
190130016001097,1
190130016001100,1
190130016002009,1
190130016002017,1
190130016002018,1
190130016002019,1
190130016002020,1
190130016002021,1
190130016002022,1
190130016002023,1
190130016002024,1
190130008001000,1
190130008001001,1
190130008001002,1
190130008001009,1
190130008001010,1
190130008001011,1
190130008001012,1
190130008001013,1
190130008001014,1
190130008001015,1
190130008001016,1
190130008001017,1
190130008001018,1
190130008002016,1
190130008002017,1
190130008002018,1
190130008002019,1
190130008002020,1
190130008002021,1
190130008002022,1
190130008002023,1
190130008002026,1
190130008002027,1
190130008002028,1
190130008002029,1
190130008002030,1
190130008002031,1
190130008002032,1
190130008002033,1
190130008002034,1
190130008002035,1
190130008002036,1
190130008002037,1
190130008002038,1
190130008002039,1
190130008002040,1
190130008002041,1
190130008002042,1
190130008002043,1
190130008002046,1
190130008002050,1
190130008002051,1
190130008002052,1
190130008002053,1
190130008002060,1
190130008002061,1
190130008002063,1
190130008002065,1
190130019002015,1
190130019002016,1
190130019002017,1
190130019003000,1
190130019003001,1
190130019003002,1
190130019003004,1
190130019003005,1
190130019003006,1
190130019003007,1
190130019003008,1
190130019003009,1
190130019003010,1
190130019003011,1
190130019003012,1
190130019003013,1
190130019003014,1
190130019003015,1
190130008002000,1
190130008002001,1
190130008002002,1
190130008002003,1
190130008002004,1
190130008002005,1
190130008002006,1
190130008002007,1
190130008002008,1
190130008002009,1
190130008002010,1
190130008002011,1
190130008002012,1
190130008002013,1
190130008002014,1
190130008002015,1
190130008002024,1
190130008002025,1
190130008002044,1
190130008002045,1
190130008002047,1
190130008002048,1
190130008002049,1
190130008002054,1
190130008002055,1
190130008002056,1
190130008002057,1
190130008002058,1
190130008002059,1
190130008002062,1
190130008002064,1
190130008002066,1
190130008003001,1
190130008003002,1
190130008003003,1
190130008003004,1
190130008003005,1
190130008003006,1
190130008003007,1
190130008003008,1
190130008003009,1
190130008003010,1
190130008003011,1
190130008003012,1
190130008003013,1
190130008003014,1
190130008003015,1
190130008003016,1
190130008003017,1
190130008003018,1
190130008003019,1
190130008003020,1
190130008003021,1
190130008003022,1
190130008003023,1
190130008003024,1
190130008003025,1
190130008003026,1
190130008003027,1
190130008003028,1
190130008003029,1
190130008003030,1
190130008003031,1
190130008003032,1
190130008003033,1
190130008003034,1
190130008003035,1
190130008003036,1
190130008003037,1
190130008003038,1
190130008003039,1
190130008003040,1
190130008003041,1
190130008003042,1
190130008003043,1
190130008003044,1
190130008003047,1
190130008003048,1
190130008003000,1
190130008003045,1
190130008003046,1
190130017022000,1
190130017022006,1
190130017022007,1
190130019001017,1
190130026041039,1
190130027001056,1
190130027001057,1
190130027001058,1
190130027001064,1
190130027001065,1
190130027001066,1
190130027001067,1
190130027001068,1
190130027001069,1
190130027001070,1
190130027001071,1
190130027001072,1
190130027001073,1
190130027001078,1
190130027001079,1
190130027001080,1
190130027002000,1
190130027002001,1
190130027002002,1
190130027002003,1
190130027002004,1
190130027002005,1
190130027002006,1
190130027002007,1
190130027002008,1
190130027002009,1
190130027002010,1
190130027002011,1
190130027002015,1
190130027002016,1
190130027002017,1
190130027002018,1
190130027002020,1
190130027002024,1
190130027002025,1
190130027002026,1
190130027002027,1
190130027002028,1
190130027002029,1
190130027002030,1
190130027002031,1
190130027002032,1
190130027002033,1
190130027002034,1
190130027002035,1
190130027002036,1
190130027002037,1
190130027002038,1
190130027002039,1
190130027002040,1
190130027002041,1
190130027002042,1
190130027002043,1
190130027002044,1
190130027002047,1
190130027002048,1
190130027002049,1
190130027002050,1
190130027002053,1
190130027002054,1
190130027002056,1
190130027003000,1
190130027003001,1
190130027003002,1
190130027003003,1
190130027003005,1
190130027003006,1
190130027003008,1
190130027003045,1
190130027003047,1
190130027003049,1
190130027003050,1
190130027003051,1
190130027003052,1
190130027003053,1
190130027003054,1
190130027003055,1
190130027003056,1
190130027003057,1
190130027003058,1
190130027003059,1
190130027003060,1
190130027003061,1
190130027003062,1
190130027003063,1
190130027003064,1
190130008003049,1
190130008003050,1
190130020001000,1
190130020001001,1
190130020001002,1
190130020001003,1
190130020001004,1
190130020001005,1
190130020001006,1
190130020001007,1
190130020001008,1
190130020001010,1
190130020001011,1
190130020001012,1
190130020001032,1
190130020001033,1
190130020001034,1
190130020003000,1
190130020003008,1
190130020003037,1
190130020003038,1
190130027002051,1
190130027002052,1
190130027002055,1
190130027003019,1
190130027003020,1
190130027003021,1
190130027003022,1
190130027003023,1
190130027003024,1
190130027003025,1
190130027003026,1
190130027003027,1
190130027003028,1
190130027003046,1
190130027003048,1
190130009001000,1
190130009001001,1
190130009001002,1
190130009001003,1
190130009001004,1
190130009001005,1
190130009001006,1
190130009001007,1
190130009001008,1
190130009001009,1
190130009001010,1
190130009002000,1
190130009002039,1
190130009002040,1
190130009002046,1
190130009002047,1
190130009002048,1
190130009002049,1
190130009002050,1
190130009002051,1
190130009002052,1
190130009002053,1
190130009002054,1
190130009002055,1
190130009002057,1
190130009002058,1
190130009002059,1
190130009002060,1
190130009002061,1
190130009002062,1
190130009002063,1
190130009002064,1
190130009002065,1
190130009002066,1
190130009002067,1
190130009002068,1
190130009002069,1
190130009002070,1
190130009002071,1
190130009002072,1
190130009002073,1
190130009002074,1
190130009002075,1
190130009002076,1
190130009002077,1
190130009002078,1
190130009002079,1
190130009002080,1
190130009002081,1
190130009002082,1
190130009002083,1
190130009002084,1
190130009002085,1
190130009002086,1
190130009002087,1
190130009002088,1
190130010002002,1
190130010002003,1
190130010002004,1
190130010002005,1
190130010002006,1
190130010002010,1
190130010002011,1
190130010002012,1
190130010002014,1
190130010002015,1
190130010002018,1
190130020002042,1
190130020002043,1
190130020002044,1
190130020002047,1
190130029011002,1
190130029011003,1
190130029011004,1
190130029011005,1
190130029011006,1
190130029011012,1
190130029011013,1
190130029011014,1
190130029011015,1
190130029011016,1
190130029011017,1
190130029011018,1
190130029011019,1
190130029011020,1
190130029011021,1
190130029011022,1
190130029011023,1
190130029011024,1
190130029011025,1
190130029011028,1
190130029011029,1
190130029011030,1
190130029011032,1
190130029011033,1
190130029011042,1
190130030012000,1
190130030012001,1
190130030012002,1
190130030012003,1
190130030012004,1
190130030012005,1
190130030012006,1
190130030012007,1
190130030012008,1
190130030012009,1
190130030012020,1
190130010003000,1
190130010003001,1
190130010003002,1
190130010003003,1
190130010003004,1
190130010003005,1
190130010003006,1
190130010003007,1
190130010003008,1
190130010003009,1
190130010003010,1
190130010003011,1
190130010003012,1
190130010003013,1
190130010003014,1
190130010003015,1
190130010003016,1
190130010003017,1
190130010003018,1
190130010003019,1
190130010003020,1
190130010003021,1
190130010004000,1
190130010004001,1
190130010004002,1
190130010004003,1
190130010004004,1
190130010004005,1
190130010004006,1
190130010004007,1
190130010004008,1
190130010004009,1
190130010004010,1
190130010004011,1
190130010004012,1
190130010004013,1
190130010004014,1
190130010004015,1
190130010004016,1
190130010004017,1
190130012002000,1
190130012002001,1
190130012002002,1
190130012002003,1
190130012002004,1
190130012002005,1
190130012002006,1
190130012002007,1
190130012002008,1
190130012002009,1
190130012002010,1
190130012002011,1
190130011001025,1
190130011001026,1
190130011001029,1
190130011001030,1
190130011001031,1
190130011001036,1
190130011001037,1
190130011001038,1
190130012001000,1
190130012001001,1
190130012001002,1
190130012001003,1
190130012001004,1
190130012001005,1
190130012001006,1
190130012001007,1
190130012001008,1
190130012001009,1
190130012001010,1
190130012001011,1
190130012001012,1
190130012001013,1
190130012001014,1
190130012001015,1
190130012001016,1
190130012001017,1
190130012001018,1
190130012001019,1
190130012001020,1
190130012001021,1
190130012001022,1
190130012001023,1
190130012001024,1
190130012001025,1
190130012001026,1
190130012001027,1
190130012001028,1
190130012001029,1
190130012001030,1
190130013011005,1
190130013011006,1
190130013011007,1
190130013011010,1
190130013011011,1
190130013011012,1
190130013011013,1
190130013011014,1
190130013011015,1
190130013011018,1
190130013011000,1
190130013011001,1
190130013011002,1
190130013011003,1
190130013011004,1
190130013012000,1
190130013012001,1
190130013012002,1
190130013012003,1
190130013012009,1
190130013012010,1
190130013012011,1
190130013012012,1
190130013012013,1
190130013012014,1
190130013012017,1
190130013011008,1
190130013011009,1
190130013011016,1
190130013011017,1
190130013012004,1
190130013012005,1
190130013012006,1
190130013012007,1
190130013012008,1
190130013012015,1
190130013012016,1
190130013021000,1
190130013021001,1
190130013021002,1
190130013021003,1
190130013021004,1
190130013021005,1
190130013021006,1
190130013021007,1
190130013021008,1
190130013021009,1
190130013021010,1
190130013021011,1
190130013021012,1
190130013021013,1
190130013021014,1
190130013021015,1
190130013021016,1
190130013021017,1
190130013021018,1
190130013021019,1
190130013021020,1
190130013021021,1
190130013021022,1
190130013022000,1
190130013022002,1
190130013022008,1
190130013022009,1
190130013022010,1
190130013022011,1
190130014005005,1
190130014005010,1
190130014005011,1
190130014005012,1
190130014005013,1
190130014005014,1
190130014005015,1
190130013022001,1
190130013022003,1
190130013022004,1
190130013022005,1
190130013022006,1
190130013022007,1
190130013022012,1
190130013022013,1
190130013022014,1
190130013022015,1
190130013022016,1
190130013022017,1
190130013022018,1
190130013022019,1
190130013022020,1
190130013022021,1
190130013022022,1
190130013022023,1
190130013022024,1
190130013022025,1
190130013022026,1
190130013022027,1
190130013022028,1
190130013022029,1
190130013022030,1
190130013022031,1
190130030011000,1
190130030011001,1
190130030011002,1
190130030011003,1
190130030011004,1
190130030011005,1
190130030011006,1
190130030011007,1
190130030011008,1
190130030011009,1
190130030011010,1
190130030011011,1
190130030011012,1
190130030011013,1
190130030011016,1
190130030011017,1
190130030011018,1
190130030011019,1
190130030011035,1
190130030011036,1
190130030011037,1
190130030011038,1
190130030011045,1
190130030011046,1
190130030011047,1
190130014001000,1
190130014001001,1
190130014001002,1
190130014001003,1
190130014001004,1
190130014001005,1
190130014001006,1
190130014001007,1
190130014001008,1
190130014001009,1
190130014001010,1
190130014001011,1
190130014001012,1
190130014001013,1
190130014001014,1
190130014001015,1
190130014001016,1
190130014001017,1
190130014001018,1
190130014001019,1
190130014001020,1
190130014001021,1
190130014001022,1
190130014001023,1
190130014001024,1
190130014001025,1
190130014001026,1
190130014001027,1
190130014001028,1
190130014001029,1
190130014001030,1
190130014003019,1
190130014003020,1
190130014003021,1
190130015011000,1
190130015011001,1
190130015011005,1
190130015022009,1
190130015022010,1
190130015022012,1
190130015022013,1
190130015022014,1
190130015022015,1
190130015022026,1
190130015022027,1
190130015022028,1
190130015022029,1
190130015022030,1
190130015022031,1
190130015022032,1
190130015022033,1
190130015022041,1
190130015022042,1
190130015022043,1
190130015022044,1
190130015022045,1
190130015022046,1
190130015011002,1
190130015011003,1
190130015011004,1
190130015011006,1
190130015011007,1
190130015011008,1
190130015011009,1
190130015011010,1
190130015011011,1
190130015011012,1
190130015011013,1
190130015011014,1
190130015011015,1
190130015011016,1
190130015011017,1
190130015011018,1
190130015011019,1
190130015011020,1
190130015012000,1
190130015012001,1
190130015012002,1
190130015012003,1
190130015012004,1
190130015012005,1
190130015012006,1
190130015012007,1
190130015012008,1
190130015012009,1
190130015012010,1
190130015012011,1
190130015012012,1
190130015012013,1
190130015012014,1
190130015012015,1
190130015012016,1
190130015012017,1
190130015012018,1
190130015012019,1
190130015012020,1
190130015012021,1
190130015012022,1
190130015012023,1
190130015012024,1
190130015012025,1
190130030011014,1
190130030011015,1
190130030011020,1
190130030011021,1
190130030011022,1
190130030011023,1
190130030011024,1
190130030011025,1
190130030011026,1
190130030011027,1
190130030011028,1
190130030011029,1
190130030011030,1
190130030011031,1
190130030011032,1
190130030011033,1
190130030011034,1
190130030011039,1
190130030011040,1
190130030011041,1
190130030011042,1
190130030011043,1
190130030011044,1
190130030011050,1
190130030011051,1
190130030011052,1
190130030011053,1
190130030011054,1
190130030011055,1
190130030011057,1
190130030011058,1
190130030011059,1
190130030011060,1
190130030011061,1
190130030011062,1
190130030011072,1
190130030011073,1
190130030011074,1
190130030011075,1
190130030011076,1
190130030011077,1
190130030011078,1
190130030021000,1
190130030021001,1
190130030021002,1
190130030021003,1
190130030021004,1
190130030021005,1
190130030021006,1
190130030021026,1
190130030021027,1
190130030021028,1
190130030021029,1
190130030021030,1
190130030021031,1
190130030021032,1
190130030021033,1
190130030021038,1
190130030021042,1
190130015021000,1
190130015021001,1
190130015021002,1
190130015021003,1
190130015021004,1
190130015021005,1
190130015021006,1
190130015021007,1
190130015021008,1
190130015021009,1
190130015021010,1
190130015021011,1
190130015021012,1
190130015021013,1
190130015021014,1
190130015021015,1
190130015021016,1
190130015021017,1
190130015021018,1
190130015021019,1
190130015021020,1
190130015021021,1
190130015021022,1
190130015021023,1
190130015021024,1
190130015021025,1
190130015021026,1
190130015021027,1
190130015021028,1
190130015021029,1
190130015021030,1
190130015021031,1
190130015021032,1
190130015021033,1
190130015021034,1
190130015021035,1
190130015021036,1
190130015022011,1
190130015022016,1
190130015022017,1
190130015022018,1
190130015022019,1
190130015022020,1
190130015022021,1
190130015022022,1
190130015022023,1
190130015022024,1
190130015022025,1
190130015031021,1
190130015032019,1
190130015032020,1
190130015032021,1
190130015032022,1
190130015032023,1
190130015032024,1
190130015032025,1
190130015032026,1
190130015032027,1
190130015032028,1
190130015032029,1
190130015032030,1
190130015032031,1
190130015032032,1
190130015032033,1
190130015032034,1
190130015032035,1
190130015032036,1
190130015032037,1
190130015032038,1
190130015032039,1
190130015032040,1
190130015032041,1
190130015032042,1
190130015032043,1
190130015032044,1
190130015032046,1
190130015032047,1
190130015033007,1
190130015033009,1
190130015033010,1
190130015033011,1
190130015033012,1
190130015033013,1
190130015033014,1
190130015033015,1
190130015033016,1
190130015033017,1
190130015033018,1
190130015033019,1
190130015033020,1
190130015033022,1
190130015033023,1
190130015033024,1
190130016001000,1
190130026041000,1
190130026041001,1
190130026041002,1
190130026041003,1
190130026041004,1
190130026041005,1
190130026041006,1
190130026041007,1
190130026041008,1
190130026041009,1
190130026041010,1
190130026041011,1
190130026041012,1
190130026041013,1
190130026041014,1
190130026041015,1
190130026041016,1
190130026041017,1
190130026041018,1
190130026041019,1
190130026041020,1
190130026041021,1
190130026041022,1
190130026041023,1
190130026041024,1
190130026041025,1
190130026041026,1
190130026041027,1
190130026041028,1
190130026041029,1
190130026041030,1
190130026041031,1
190130026041032,1
190130026041033,1
190130026041035,1
190130026041038,1
190130026042000,1
190130026042033,1
190130026042034,1
190130026042035,1
190130026042036,1
190130026042037,1
190130026042038,1
190130026042039,1
190130026042040,1
190130026042041,1
190130026042045,1
190130026042046,1
190130026042097,1
190130016001083,1
190130016001084,1
190130016001087,1
190130016001089,1
190130016001090,1
190130016001091,1
190130016001092,1
190130016001093,1
190130026042057,1
190130026042058,1
190130026042059,1
190130026042060,1
190130026042061,1
190130026042062,1
190130026042063,1
190130026042064,1
190130026042065,1
190130026042066,1
190130026042067,1
190130026042068,1
190130026042069,1
190130026042070,1
190130026042071,1
190130026042072,1
190130026042073,1
190130026042074,1
190130026042075,1
190130026042076,1
190130026042077,1
190130026042078,1
190130026042079,1
190130026042080,1
190130026042081,1
190130026042098,1
190130026042099,1
190130026042102,1
190130026042103,1
190130026042104,1
190130026042105,1
190130026042106,1
190130026042107,1
190130026042108,1
190130026042109,1
190130026042110,1
190130026042111,1
190130026043000,1
190130026043001,1
190130026043002,1
190130026043003,1
190130026043004,1
190130026043005,1
190130026043006,1
190130026043007,1
190130026043008,1
190130026043009,1
190130026043010,1
190130026043011,1
190130026043012,1
190130026043013,1
190130026043014,1
190130026043015,1
190130026043016,1
190130026043017,1
190130026043018,1
190130026043019,1
190130026043020,1
190130026043021,1
190130026043022,1
190130026043023,1
190130026043024,1
190130026043025,1
190130026043026,1
190130026043027,1
190130026043028,1
190130026043029,1
190130026043030,1
190130026043031,1
190130026043032,1
190130026043033,1
190130026043034,1
190130026043035,1
190130026043036,1
190130026043037,1
190130026043038,1
190130026043039,1
190130026043040,1
190130026043041,1
190130026043042,1
190130026043043,1
190130026043044,1
190130026043045,1
190130026043046,1
190130026043047,1
190130026043048,1
190130026043049,1
190130026043050,1
190130016002000,1
190130016002001,1
190130016002002,1
190130016002003,1
190130016002004,1
190130016002005,1
190130016002006,1
190130016002007,1
190130016002008,1
190130016002010,1
190130016002011,1
190130016002012,1
190130017021000,1
190130017021001,1
190130017021002,1
190130017021003,1
190130017021004,1
190130017021005,1
190130017021006,1
190130017021007,1
190130017021008,1
190130017021009,1
190130017021010,1
190130017021011,1
190130017021012,1
190130017021013,1
190130017021014,1
190130017021015,1
190130017021016,1
190130017021017,1
190130017021018,1
190130017021019,1
190130017021021,1
190130017021022,1
190130017021024,1
190130017021025,1
190130017022001,1
190130017022002,1
190130017022003,1
190130017022004,1
190130017022005,1
190130017022008,1
190130017022009,1
190130026041034,1
190130026041036,1
190130026041037,1
190130026041040,1
190130026041041,1
190130026041042,1
190130017012000,1
190130017012001,1
190130017012002,1
190130017012003,1
190130017012004,1
190130017012005,1
190130017012006,1
190130017012007,1
190130017012008,1
190130017012009,1
190130017012010,1
190130017012011,1
190130017012012,1
190130017012013,1
190130017012014,1
190130017012015,1
190130017012016,1
190130017012017,1
190130017012018,1
190130017012019,1
190130017012020,1
190130017012021,1
190130017012022,1
190130017012023,1
190130017012024,1
190130017012025,1
190130017012026,1
190130017012027,1
190130017012028,1
190130017012029,1
190130017012030,1
190130017012031,1
190130017012032,1
190130017012033,1
190130017012034,1
190130017012035,1
190130017012036,1
190130017012037,1
190130017012038,1
190130017012039,1
190130017012040,1
190130017012041,1
190130017012042,1
190130017012043,1
190130017022010,1
190130017022011,1
190130017022012,1
190130017022013,1
190130017022014,1
190130017022015,1
190130017022016,1
190130017022017,1
190130017022018,1
190130017022019,1
190130017022020,1
190130017022021,1
190130017022022,1
190130017022023,1
190130017022024,1
190130017022025,1
190130017022026,1
190130017022027,1
190130017022028,1
190130017022029,1
190130017022030,1
190130018001004,1
190130018001005,1
190130018001006,1
190130018001007,1
190130018001008,1
190130018001009,1
190130018001010,1
190130019001023,1
190130019001024,1
190130019001025,1
190130018001000,1
190130018001001,1
190130018001002,1
190130018001003,1
190130018001011,1
190130018001012,1
190130018001013,1
190130018001014,1
190130018001015,1
190130018001016,1
190130018001027,1
190130018001028,1
190130018001031,1
190130018001032,1
190130018001035,1
190130018001036,1
190130018001037,1
190130018001038,1
190130018001039,1
190130018001040,1
190130018001041,1
190130018001042,1
190130018001043,1
190130018001045,1
190130018001046,1
190130018001047,1
190130018001048,1
190130018001049,1
190130018001050,1
190130018001051,1
190130018001052,1
190130018001053,1
190130018001054,1
190130018001055,1
190130018001056,1
190130018001057,1
190130018001058,1
190130018001059,1
190130018001060,1
190130018001061,1
190130018001062,1
190130018001063,1
190130018001064,1
190130018001065,1
190130018001066,1
190130018001067,1
190130018001068,1
190130018001069,1
190130018001070,1
190130018001071,1
190130018001074,1
190130019001000,1
190130019001001,1
190130019001002,1
190130019001003,1
190130019001004,1
190130019001005,1
190130019001006,1
190130019001007,1
190130019001008,1
190130019001009,1
190130019001010,1
190130019001011,1
190130019001012,1
190130019001013,1
190130019001014,1
190130019001015,1
190130019001016,1
190130019001018,1
190130019001019,1
190130019001020,1
190130019001021,1
190130019001022,1
190130019001026,1
190130019001027,1
190130019001028,1
190130019001029,1
190130019001030,1
190130019002000,1
190130019002001,1
190130019002002,1
190130019002003,1
190130019002004,1
190130019002005,1
190130019002006,1
190130019002010,1
190130019002011,1
190130019002012,1
190130019002013,1
190130019002014,1
190130019002018,1
190130019002019,1
190130027001074,1
190130027001075,1
190130027001076,1
190130027001077,1
190130027002012,1
190130027002013,1
190130027002014,1
190130027002019,1
190130027002021,1
190130027002022,1
190130027002023,1
190130020001009,1
190130020001013,1
190130020001014,1
190130020001015,1
190130020001016,1
190130020001017,1
190130020001018,1
190130020001019,1
190130020001020,1
190130020001021,1
190130020001022,1
190130020001023,1
190130020001024,1
190130020001025,1
190130020001026,1
190130020001027,1
190130020001028,1
190130020001029,1
190130020001030,1
190130020001031,1
190130020001035,1
190130020001036,1
190130020001038,1
190130020001039,1
190130020001040,1
190130020002000,1
190130020002001,1
190130020002002,1
190130020002003,1
190130020002004,1
190130020002005,1
190130020002006,1
190130020002007,1
190130020002008,1
190130020002009,1
190130020002010,1
190130020002011,1
190130020002012,1
190130020002013,1
190130020002014,1
190130020002015,1
190130020002016,1
190130020002017,1
190130020002018,1
190130020002019,1
190130020002020,1
190130020002021,1
190130020002022,1
190130020002023,1
190130020002024,1
190130020002025,1
190130020002026,1
190130020002027,1
190130020002028,1
190130020002029,1
190130020002030,1
190130020002031,1
190130020002032,1
190130020002033,1
190130020002034,1
190130020002035,1
190130020002036,1
190130020002037,1
190130020002038,1
190130020002039,1
190130020002040,1
190130020002041,1
190130020002045,1
190130020003001,1
190130020003002,1
190130020003003,1
190130020003004,1
190130020003005,1
190130020003006,1
190130020003007,1
190130020003009,1
190130020003010,1
190130020003011,1
190130020003012,1
190130020003013,1
190130020003014,1
190130020003015,1
190130020003016,1
190130020003017,1
190130020003018,1
190130020003019,1
190130020003020,1
190130020003021,1
190130020003022,1
190130020003023,1
190130020003024,1
190130020003025,1
190130020003026,1
190130020003027,1
190130020003028,1
190130020003029,1
190130020003030,1
190130020003031,1
190130020003032,1
190130020003033,1
190130020003034,1
190130020003035,1
190130020003036,1
190130020001037,1
190130020002046,1
190130029011000,1
190130029011001,1
190130029011007,1
190130029011008,1
190130029011009,1
190130029011026,1
190130029011027,1
190130029011040,1
190130029011041,1
190130029021000,1
190130029021001,1
190130029021002,1
190130029021003,1
190130029021004,1
190130029021005,1
190130029021006,1
190130029021007,1
190130029021008,1
190130029021009,1
190130029021010,1
190130029021011,1
190130029021012,1
190130029021013,1
190130029021014,1
190130029021015,1
190130029021016,1
190130029021017,1
190130029021018,1
190130029021019,1
190130029021020,1
190130029021021,1
190130029021022,1
190130029021023,1
190130029021024,1
190130029021025,1
190130029021026,1
190130029021027,1
190130029021028,1
190130029021029,1
190130029021030,1
190130029021031,1
190130029021032,1
190130029021033,1
190130029021034,1
190130029021035,1
190130029021036,1
190130029021037,1
190130029021038,1
190130029021039,1
190130029021040,1
190130029021041,1
190130029021042,1
190130029021043,1
190130029021044,1
190130029021045,1
190130029021046,1
190130029021047,1
190130029021048,1
190130029021049,1
190130029021050,1
190130029021051,1
190130029021052,1
190130029021053,1
190130029021054,1
190130029021055,1
190130029021056,1
190130029021057,1
190130029021058,1
190130029021059,1
190130029021060,1
190130029021061,1
190130029021062,1
190130029021063,1
190130029021066,1
190130029021070,1
190130029021071,1
190130029021072,1
190130029021073,1
190130029021074,1
190130029021075,1
190130029021077,1
190130029021078,1
190130029021079,1
190130029021080,1
190130029021081,1
190130029021082,1
190130029021083,1
190130029021084,1
190130029021085,1
190130029021086,1
190130029021087,1
190130029021091,1
190130029021092,1
190130029021093,1
190130029021094,1
190130029021095,1
190130029021107,1
190130029021108,1
190130029021112,1
190130029021113,1
190130029022000,1
190130029022001,1
190130022001000,1
190130022001001,1
190130022001005,1
190130022001006,1
190130022001007,1
190130022001008,1
190130022001009,1
190130022001010,1
190130022001011,1
190130022001012,1
190130022001016,1
190130022001020,1
190130022001021,1
190130022001022,1
190130022001023,1
190130022001024,1
190130022001025,1
190130022001026,1
190130022001027,1
190130022001028,1
190130022002007,1
190130022002008,1
190130022002009,1
190130022002010,1
190130022002011,1
190130022002012,1
190130022002013,1
190130022002014,1
190130022002015,1
190130022002016,1
190130022002017,1
190130022002018,1
190130022002019,1
190130022002020,1
190130022005000,1
190130022005001,1
190130022005002,1
190130022005003,1
190130022005004,1
190130022005005,1
190130022005006,1
190130022005007,1
190130022005008,1
190130022005009,1
190130022005010,1
190130022005011,1
190130022005012,1
190130022005013,1
190130022005014,1
190130022005015,1
190130022005016,1
190130022005017,1
190130022005018,1
190130022005019,1
190130022005020,1
190130022005021,1
190130022005022,1
190130022005023,1
190130022005024,1
190130022005025,1
190130022005026,1
190130022005027,1
190130022005028,1
190130022005029,1
190130022005030,1
190130022005031,1
190130022005032,1
190130022005033,1
190130022005034,1
190130022005035,1
190130023041003,1
190130023041004,1
190130023041012,1
190130023041013,1
190130023041022,1
190130023041025,1
190130023041026,1
190130023043000,1
190130023043001,1
190130023043002,1
190130023043003,1
190130023043004,1
190130023043007,1
190130023043008,1
190130023043009,1
190130026062093,1
190130026062104,1
190130026062134,1
190130026062135,1
190130022001002,1
190130022001003,1
190130022001004,1
190130022001013,1
190130022001014,1
190130022001015,1
190130022001017,1
190130022001018,1
190130022001019,1
190130022001029,1
190130022001030,1
190130022001031,1
190130022001032,1
190130022001033,1
190130022002000,1
190130022002001,1
190130022002002,1
190130022002003,1
190130022002004,1
190130022002005,1
190130022002006,1
190130022002021,1
190130022002022,1
190130022002023,1
190130022002024,1
190130022002025,1
190130022002026,1
190130022002027,1
190130022002028,1
190130022003000,1
190130022003003,1
190130022003004,1
190130022003005,1
190130022003006,1
190130022003007,1
190130022003008,1
190130022003009,1
190130022003010,1
190130022003011,1
190130022003012,1
190130022003013,1
190130022003014,1
190130022003015,1
190130022003016,1
190130022003017,1
190130022003018,1
190130022003019,1
190130022003020,1
190130022003021,1
190130022003022,1
190130022003023,1
190130022003024,1
190130022003025,1
190130022003026,1
190130022003027,1
190130022003028,1
190130022003029,1
190130022003030,1
190130022003031,1
190130022004000,1
190130022004001,1
190130022004002,1
190130022004003,1
190130022004004,1
190130022004005,1
190130022004006,1
190130022004007,1
190130022004008,1
190130022004009,1
190130022004010,1
190130022004011,1
190130022004012,1
190130022004013,1
190130022004014,1
190130022004015,1
190130022004016,1
190130022004017,1
190130022004018,1
190130022004019,1
190130022004020,1
190130022004021,1
190130022004022,1
190130022004023,1
190130022004024,1
190130022004025,1
190130022004026,1
190130022004027,1
190130022004028,1
190130022004029,1
190130022004030,1
190130022004031,1
190130022004032,1
190130022004033,1
190130022004034,1
190130022004035,1
190130022004036,1
190130022004037,1
190130022004038,1
190130023011000,1
190130023011001,1
190130023011002,1
190130023011003,1
190130023011004,1
190130023011005,1
190130023011006,1
190130023011007,1
190130023011008,1
190130023011009,1
190130023011010,1
190130023011011,1
190130023011016,1
190130023011017,1
190130023011018,1
190130023011019,1
190130023011020,1
190130023011021,1
190130023011022,1
190130023011023,1
190130023011024,1
190130023011025,1
190130023011026,1
190130023011032,1
190130023041000,1
190130023041001,1
190130023041002,1
190130023041005,1
190130023041006,1
190130023041007,1
190130023041008,1
190130023041009,1
190130023041010,1
190130023041011,1
190130023041014,1
190130023041015,1
190130023041016,1
190130023041017,1
190130023041018,1
190130023041019,1
190130023041020,1
190130023041021,1
190130023041023,1
190130023041027,1
190130023041028,1
190130024001006,1
190130022003001,1
190130022003002,1
190130023011012,1
190130023011013,1
190130023011014,1
190130023011015,1
190130023011031,1
190130023011033,1
190130023011034,1
190130023011035,1
190130023012000,1
190130023012001,1
190130023012002,1
190130023012003,1
190130023012004,1
190130023012005,1
190130023012006,1
190130023012007,1
190130023012008,1
190130023012009,1
190130023012010,1
190130023012011,1
190130023012012,1
190130023012013,1
190130023012014,1
190130023012015,1
190130023012016,1
190130023012017,1
190130023012018,1
190130023012019,1
190130024001000,1
190130024001001,1
190130024001002,1
190130024001003,1
190130024001004,1
190130024001005,1
190130024001007,1
190130024001008,1
190130024001009,1
190130024001010,1
190130024001011,1
190130024001012,1
190130024001013,1
190130024002005,1
190130024002006,1
190130024002009,1
190130024004008,1
190130024004009,1
190130024004010,1
190130024004011,1
190130024004012,1
190130024004013,1
190130024005000,1
190130024005001,1
190130024005002,1
190130024005003,1
190130024005004,1
190130024005005,1
190130024005006,1
190130024005007,1
190130024005008,1
190130024005009,1
190130024005010,1
190130024005011,1
190130024005012,1
190130024005013,1
190130024005014,1
190130024005015,1
190130024005016,1
190130024005017,1
190130024005018,1
190130024005019,1
190130024005020,1
190130024005021,1
190130024005022,1
190130023011027,1
190130023011028,1
190130023011029,1
190130023011030,1
190130023013000,1
190130023013001,1
190130023013002,1
190130023013003,1
190130023013004,1
190130023013005,1
190130023013006,1
190130023013007,1
190130023013008,1
190130023013009,1
190130023013010,1
190130023013011,1
190130023013012,1
190130023013013,1
190130023013014,1
190130023031000,1
190130023031001,1
190130023031002,1
190130023031003,1
190130023031008,1
190130023041024,1
190130023042000,1
190130023042001,1
190130023042002,1
190130023042003,1
190130023042004,1
190130023042005,1
190130023042006,1
190130023042007,1
190130023042008,1
190130023042009,1
190130023042010,1
190130023042011,1
190130023042012,1
190130023042013,1
190130023042014,1
190130023042015,1
190130023043010,1
190130023043011,1
190130023012020,1
190130023012021,1
190130023013015,1
190130023013016,1
190130025003005,1
190130025003006,1
190130025003007,1
190130025003008,1
190130025003009,1
190130025003010,1
190130025003012,1
190130026011006,1
190130026011009,1
190130026012000,1
190130026012001,1
190130026012002,1
190130026012003,1
190130026012004,1
190130026012005,1
190130026012006,1
190130026012007,1
190130026012008,1
190130026012009,1
190130026012010,1
190130026012011,1
190130026012012,1
190130026012013,1
190130026012014,1
190130026012015,1
190130026012016,1
190130026012017,1
190130026012018,1
190130026012019,1
190130026012020,1
190130026012021,1
190130026012022,1
190130026012023,1
190130026012024,1
190130026012025,1
190130026012026,1
190130026012027,1
190130026012028,1
190130026012029,1
190130026012030,1
190130026012031,1
190130026012032,1
190130026012033,1
190130026012034,1
190130026012035,1
190130026012036,1
190130026012037,1
190130026012038,1
190130026012039,1
190130026012040,1
190130026012041,1
190130026012042,1
190130026012043,1
190130026012044,1
190130026012045,1
190130026012046,1
190130026012047,1
190130026013000,1
190130026013001,1
190130026013002,1
190130026013003,1
190130026013004,1
190130026013005,1
190130026013006,1
190130026013007,1
190130026013008,1
190130026013009,1
190130026013010,1
190130026013011,1
190130026013012,1
190130026013013,1
190130026013014,1
190130026013015,1
190130026013016,1
190130026013017,1
190130026013018,1
190130026013019,1
190130026013020,1
190130026013021,1
190130026013022,1
190130026013023,1
190130026013024,1
190130026013025,1
190130026013026,1
190130026013027,1
190130026013028,1
190130026013029,1
190130026013030,1
190130026013031,1
190130026013032,1
190130026013033,1
190130026013034,1
190130026013035,1
190130026013036,1
190130026013037,1
190130026013038,1
190130026013039,1
190130026013040,1
190130026013041,1
190130026013042,1
190130026013043,1
190130026013044,1
190130026013045,1
190130026013046,1
190130023031004,1
190130023031005,1
190130023031006,1
190130023031007,1
190130023031009,1
190130023031010,1
190130023031011,1
190130023031012,1
190130023031013,1
190130023031014,1
190130023031015,1
190130023031016,1
190130023031017,1
190130023031018,1
190130023031019,1
190130023031020,1
190130023031021,1
190130023031022,1
190130023031023,1
190130026011000,1
190130026011001,1
190130026011002,1
190130026011003,1
190130026011004,1
190130026011005,1
190130026011007,1
190130026011008,1
190130026051023,1
190130026061000,1
190130026061001,1
190130026061002,1
190130026061003,1
190130026061004,1
190130026061005,1
190130026061007,1
190130026061008,1
190130026061009,1
190130026061010,1
190130026061011,1
190130026061012,1
190130026061017,1
190130026061022,1
190130026061023,1
190130026061024,1
190130026061025,1
190130026061026,1
190130026061027,1
190130026061028,1
190130026061029,1
190130026061030,1
190130026061031,1
190130026061032,1
190130026061036,1
190130026061037,1
190130030021011,1
190130030021012,1
190130023032000,1
190130023032001,1
190130026051000,1
190130026051001,1
190130026051002,1
190130026051003,1
190130026051004,1
190130026051005,1
190130026051006,1
190130026051007,1
190130026051008,1
190130026051009,1
190130026051017,1
190130026051018,1
190130023033000,1
190130023033001,1
190130023033002,1
190130023033003,1
190130023033004,1
190130023033005,1
190130023033006,1
190130023043005,1
190130023043006,1
190130023043012,1
190130023043013,1
190130023043014,1
190130023043015,1
190130024002000,1
190130024002001,1
190130024002002,1
190130024002003,1
190130024002004,1
190130024002007,1
190130024002008,1
190130024002010,1
190130024002011,1
190130024002012,1
190130024002013,1
190130024002014,1
190130024002015,1
190130024002016,1
190130024002017,1
190130024003000,1
190130024003001,1
190130024003002,1
190130024003003,1
190130024003004,1
190130024003005,1
190130024003006,1
190130024003007,1
190130024003008,1
190130024003009,1
190130024003010,1
190130024003011,1
190130024003012,1
190130024003013,1
190130024003014,1
190130024003015,1
190130024003016,1
190130024003017,1
190130024004000,1
190130024004001,1
190130024004002,1
190130024004003,1
190130024004004,1
190130024004005,1
190130024004006,1
190130024004007,1
190130024004014,1
190130024004015,1
190130024004016,1
190130024004017,1
190130024004018,1
190130024004019,1
190130025002000,1
190130025002014,1
190130025002015,1
190130025001000,1
190130025001002,1
190130025001003,1
190130025001004,1
190130025001005,1
190130025001006,1
190130025001007,1
190130025001008,1
190130025001009,1
190130025001010,1
190130025001011,1
190130025001012,1
190130025001013,1
190130025001014,1
190130025001015,1
190130025001016,1
190130025001017,1
190130025001018,1
190130025001019,1
190130025001020,1
190130025001021,1
190130025001022,1
190130025001023,1
190130025001025,1
190130025001026,1
190130025001027,1
190130025001028,1
190130025001029,1
190130025001030,1
190130025001031,1
190130025002016,1
190130025002017,1
190130025002018,1
190130025002022,1
190130025002023,1
190130025001001,1
190130025001024,1
190130025002001,1
190130025002002,1
190130025002003,1
190130025002004,1
190130025002005,1
190130025002006,1
190130025002007,1
190130025002008,1
190130025002009,1
190130025002010,1
190130025002011,1
190130025002012,1
190130025002013,1
190130025002019,1
190130025002020,1
190130025002021,1
190130025003000,1
190130025003001,1
190130025003002,1
190130025003003,1
190130025003004,1
190130025003011,1
190130025003013,1
190130025003014,1
190130025003015,1
190130025003016,1
190130025003017,1
190130025003018,1
190130025003019,1
190130025003020,1
190130025003021,1
190130025003022,1
190130025003023,1
190130025003024,1
190130025003025,1
190130025003026,1
190130026042001,1
190130026042011,1
190130026042012,1
190130026042013,1
190130026042014,1
190130026042015,1
190130026042016,1
190130026042017,1
190130026042018,1
190130026042019,1
190130026042020,1
190130026042021,1
190130026042022,1
190130026042023,1
190130026042024,1
190130026042026,1
190130026042027,1
190130026042028,1
190130026042029,1
190130026042030,1
190130026042031,1
190130026042032,1
190130026042042,1
190130026042043,1
190130026042044,1
190130026042052,1
190130026042053,1
190130026042054,1
190130026042055,1
190130026042056,1
190130026042082,1
190130026042083,1
190130026042084,1
190130026062041,1
190130026062042,1
190130026062056,1
190130026062057,1
190130026062058,1
190130026062060,1
190130026062061,1
190130026062062,1
190130026062080,1
190130026062139,1
190130026062141,1
190130026062142,1
190130026042002,1
190130026042003,1
190130026042004,1
190130026042005,1
190130026042006,1
190130026042007,1
190130026042008,1
190130026042009,1
190130026042010,1
190130026042025,1
190130026042047,1
190130026042048,1
190130026042049,1
190130026042050,1
190130026042051,1
190130026042085,1
190130026042086,1
190130026042087,1
190130026042088,1
190130026042089,1
190130026042090,1
190130026042091,1
190130026042092,1
190130026042093,1
190130026042094,1
190130026042095,1
190130026042096,1
190130026042100,1
190130026042101,1
190130026062000,1
190130026062001,1
190130026062002,1
190130026062003,1
190130026062004,1
190130026062005,1
190130026062006,1
190130026062007,1
190130026062008,1
190130026062009,1
190130026062010,1
190130026062011,1
190130026062012,1
190130026062013,1
190130026062014,1
190130026062015,1
190130026062016,1
190130026062017,1
190130026062018,1
190130026062019,1
190130026062020,1
190130026062021,1
190130026062022,1
190130026062023,1
190130026062024,1
190130026062025,1
190130026062026,1
190130026062027,1
190130026062028,1
190130026062029,1
190130026062030,1
190130026062031,1
190130026062032,1
190130026062033,1
190130026062034,1
190130026062035,1
190130026062036,1
190130026062037,1
190130026062038,1
190130026062039,1
190130026062040,1
190130026062043,1
190130026062044,1
190130026062045,1
190130026062046,1
190130026062047,1
190130026062048,1
190130026062049,1
190130026062050,1
190130026062051,1
190130026062052,1
190130026062053,1
190130026062054,1
190130026062055,1
190130026062059,1
190130026062063,1
190130026062064,1
190130026062065,1
190130026062066,1
190130026062067,1
190130026062068,1
190130026062069,1
190130026062070,1
190130026062071,1
190130026062072,1
190130026062073,1
190130026062074,1
190130026062075,1
190130026062076,1
190130026062077,1
190130026062078,1
190130026062081,1
190130026062084,1
190130026062085,1
190130026062086,1
190130026062087,1
190130026062091,1
190130026062132,1
190130026062133,1
190130026062136,1
190130026062137,1
190130026062138,1
190130026062140,1
190130026062143,1
190130026051010,1
190130026051011,1
190130026051012,1
190130026051013,1
190130026051014,1
190130026051015,1
190130026052012,1
190130026052013,1
190130026052015,1
190130026052016,1
190130026052017,1
190130026052018,1
190130026052019,1
190130026053000,1
190130026053001,1
190130026053002,1
190130026053003,1
190130026053004,1
190130026053005,1
190130026053006,1
190130026053007,1
190130026053008,1
190130026053009,1
190130026053010,1
190130026053011,1
190130026053012,1
190130026053013,1
190130026053014,1
190130026053015,1
190130026053016,1
190130026053017,1
190130026053022,1
190130026053023,1
190130026053024,1
190130026053025,1
190130026053026,1
190130026053027,1
190130026053032,1
190130026051016,1
190130026051019,1
190130026051020,1
190130026051021,1
190130026051022,1
190130026051024,1
190130026051025,1
190130026061013,1
190130026061014,1
190130026061015,1
190130026061016,1
190130026061018,1
190130026051026,1
190130026053018,1
190130026053019,1
190130026053020,1
190130026053021,1
190130026061006,1
190130026061019,1
190130026061020,1
190130026061021,1
190130026061033,1
190130026061034,1
190130026061035,1
190130026061038,1
190130026062106,1
190130026062107,1
190130026062108,1
190130026062109,1
190130026062110,1
190130026062111,1
190130026062112,1
190130026062113,1
190130026062114,1
190130026062115,1
190130026062116,1
190130026062117,1
190130026062118,1
190130026062119,1
190130026062120,1
190130026062121,1
190130026062122,1
190130026062123,1
190130026062124,1
190130026062125,1
190130026062126,1
190130026062127,1
190130026062128,1
190130026062130,1
190130026062131,1
190130026052000,1
190130026052001,1
190130026052002,1
190130026052003,1
190130026052004,1
190130026052005,1
190130026052006,1
190130026052007,1
190130026052008,1
190130026052009,1
190130026052010,1
190130026052011,1
190130026052014,1
190130026053028,1
190130026053029,1
190130026053030,1
190130026053031,1
190130026062079,1
190130026062082,1
190130026062083,1
190130026062088,1
190130026062089,1
190130026062090,1
190130026062092,1
190130026062094,1
190130026062095,1
190130026062096,1
190130026062097,1
190130026062098,1
190130026062099,1
190130026062100,1
190130026062101,1
190130026062102,1
190130026062103,1
190130026062105,1
190130026062129,1
190130026062144,1
190130027001000,1
190130027001001,1
190130027001002,1
190130027001003,1
190130027001004,1
190130027001005,1
190130027001006,1
190130027001007,1
190130027001008,1
190130027001009,1
190130027001010,1
190130027001011,1
190130027001012,1
190130027001013,1
190130027001014,1
190130027001015,1
190130027001016,1
190130027001017,1
190130027001018,1
190130027001019,1
190130027001020,1
190130027001021,1
190130027001022,1
190130027001023,1
190130027001024,1
190130027001025,1
190130027001026,1
190130027001027,1
190130027001028,1
190130027001029,1
190130027001030,1
190130027001031,1
190130027001032,1
190130027001033,1
190130027001034,1
190130027001035,1
190130027001036,1
190130027001037,1
190130027001038,1
190130027001039,1
190130027001040,1
190130027001041,1
190130027001042,1
190130027001043,1
190130027001044,1
190130027001045,1
190130027001046,1
190130027001047,1
190130027001048,1
190130027001049,1
190130027001050,1
190130027001051,1
190130027001052,1
190130027001053,1
190130027001054,1
190130027001055,1
190130027001059,1
190130027001060,1
190130027001061,1
190130027001062,1
190130027001063,1
190130027002045,1
190130027002046,1
190130027003004,1
190130027003007,1
190130027003009,1
190130027003010,1
190130027003011,1
190130027003012,1
190130027003013,1
190130027003014,1
190130027003015,1
190130027003016,1
190130027003017,1
190130027003018,1
190130027003029,1
190130027003030,1
190130027003031,1
190130027003032,1
190130027003033,1
190130027003034,1
190130027003035,1
190130027003036,1
190130027003037,1
190130027003038,1
190130027003039,1
190130027003040,1
190130027003041,1
190130027003042,1
190130027003043,1
190130027003044,1
190130027004000,1
190130027004001,1
190130027004002,1
190130027004003,1
190130027004004,1
190130027004005,1
190130027004006,1
190130027004007,1
190130027004008,1
190130027004009,1
190130027004010,1
190130027004011,1
190130027004012,1
190130027004013,1
190130027004014,1
190130027004015,1
190130027004016,1
190130027004017,1
190130027004018,1
190130027004019,1
190130027004020,1
190130027004021,1
190130027004022,1
190130027004023,1
190130027004024,1
190130027004025,1
190130027004026,1
190130027004027,1
190130027004028,1
190130027004029,1
190130027004030,1
190130027004031,1
190130027004032,1
190130027004033,1
190130027004034,1
190130027004035,1
190130027004036,1
190130027004037,1
190130027004038,1
190130027004039,1
190130027004040,1
190130027004041,1
190130027004042,1
190130027004043,1
190130027004044,1
190130027004045,1
190130027004046,1
190130027004047,1
190130027004048,1
190130027004049,1
190130027004050,1
190130027004051,1
190130027004052,1
190130027004053,1
190130027004054,1
190130027004055,1
190130027004056,1
190130027004057,1
190130027004058,1
190130027004059,1
190130028001000,1
190130028001001,1
190130028001002,1
190130028001003,1
190130028001004,1
190130028001005,1
190130028001006,1
190130028001007,1
190130028001008,1
190130028001009,1
190130028001010,1
190130028001011,1
190130028001012,1
190130028001013,1
190130028001014,1
190130028001015,1
190130028001016,1
190130028001017,1
190130028001018,1
190130028001019,1
190130028001020,1
190130028001021,1
190130028001022,1
190130028001023,1
190130028001024,1
190130028001025,1
190130028001026,1
190130028001027,1
190130028001028,1
190130028001029,1
190130028001030,1
190130028001031,1
190130028001032,1
190130028001033,1
190130028001034,1
190130028001035,1
190130028001036,1
190130028001037,1
190130028001038,1
190130028001039,1
190130028001040,1
190130028001041,1
190130028001042,1
190130028001043,1
190130028001044,1
190130028001045,1
190130028001046,1
190130028001047,1
190130028001048,1
190130028001049,1
190130028001050,1
190130028001051,1
190130028001052,1
190130028001053,1
190130028001054,1
190130028001055,1
190130028001056,1
190130028001057,1
190130028001058,1
190130028001059,1
190130028001060,1
190130028001061,1
190130028001062,1
190130028001063,1
190130028001064,1
190130028001065,1
190130028001066,1
190130028001067,1
190130028001068,1
190130028001069,1
190130028001070,1
190130028001071,1
190130028001072,1
190130028001073,1
190130028001074,1
190130028001075,1
190130028001076,1
190130028001077,1
190130028001080,1
190130028001081,1
190130028001085,1
190130028001086,1
190130028001087,1
190130028001089,1
190130028001097,1
190130028002000,1
190130028002001,1
190130028002002,1
190130028002003,1
190130028002004,1
190130028002005,1
190130028002006,1
190130028002007,1
190130028002008,1
190130028002009,1
190130028002010,1
190130028002011,1
190130028002012,1
190130028002015,1
190130028002020,1
190130028002033,1
190130028002034,1
190130028002044,1
190130028001078,1
190130028001079,1
190130028001082,1
190130028001083,1
190130028001084,1
190130028001088,1
190130028001090,1
190130028001091,1
190130028001092,1
190130028001093,1
190130028001094,1
190130028001095,1
190130028001096,1
190130028001098,1
190130028001099,1
190130028001100,1
190130028001101,1
190130028001102,1
190130028001103,1
190130028001104,1
190130028001105,1
190130028001106,1
190130028001107,1
190130028001108,1
190130028001109,1
190130028001110,1
190130028001111,1
190130028001112,1
190130028001113,1
190130028001114,1
190130028001115,1
190130028001116,1
190130028001117,1
190130028001118,1
190130028001119,1
190130028001120,1
190130028001121,1
190130028001122,1
190130028001123,1
190130028001124,1
190130028001125,1
190130028001126,1
190130028001127,1
190130028001128,1
190130028001129,1
190130028001130,1
190130028001131,1
190130028001132,1
190130028001133,1
190130028001134,1
190130028001135,1
190130028001136,1
190130028001137,1
190130028001138,1
190130028001139,1
190130028001140,1
190130028001141,1
190130028001142,1
190130028001143,1
190130028002013,1
190130028002014,1
190130028002016,1
190130028002017,1
190130028002018,1
190130028002019,1
190130028002021,1
190130028002022,1
190130028002023,1
190130028002024,1
190130028002025,1
190130028002026,1
190130028002027,1
190130028002028,1
190130028002029,1
190130028002030,1
190130028002031,1
190130028002032,1
190130028002035,1
190130028002036,1
190130028002037,1
190130028002038,1
190130028002039,1
190130028002040,1
190130028002041,1
190130028002042,1
190130028002043,1
190130028002045,1
190130028002046,1
190130028002047,1
190130028002048,1
190130028002049,1
190130028002050,1
190130028002051,1
190130028002052,1
190130028003000,1
190130028003123,1
190130028003124,1
190130028003125,1
190130028003001,1
190130028003002,1
190130028003003,1
190130028003004,1
190130028003005,1
190130028003006,1
190130028003007,1
190130028003008,1
190130028003009,1
190130028003010,1
190130028003011,1
190130028003012,1
190130028003013,1
190130028003014,1
190130028003015,1
190130028003016,1
190130028003017,1
190130028003018,1
190130028003019,1
190130028003020,1
190130028003021,1
190130028003022,1
190130028003023,1
190130028003024,1
190130028003025,1
190130028003026,1
190130028003027,1
190130028003028,1
190130028003029,1
190130028003030,1
190130028003031,1
190130028003032,1
190130028003033,1
190130028003034,1
190130028003035,1
190130028003036,1
190130028003037,1
190130028003038,1
190130028003039,1
190130028003040,1
190130028003041,1
190130028003042,1
190130028003043,1
190130028003044,1
190130028003045,1
190130028003046,1
190130028003047,1
190130028003048,1
190130028003049,1
190130028003050,1
190130028003051,1
190130028003052,1
190130028003053,1
190130028003054,1
190130028003055,1
190130028003056,1
190130028003057,1
190130028003058,1
190130028003059,1
190130028003060,1
190130028003061,1
190130028003062,1
190130028003063,1
190130028003064,1
190130028003066,1
190130028003067,1
190130028003068,1
190130028003069,1
190130028003070,1
190130028003074,1
190130028003075,1
190130028003076,1
190130028003077,1
190130028003078,1
190130028003103,1
190130028003065,1
190130028003071,1
190130028003072,1
190130028003073,1
190130028003079,1
190130028003080,1
190130028003081,1
190130028003082,1
190130028003083,1
190130028003084,1
190130028003085,1
190130028003086,1
190130028003087,1
190130028003088,1
190130028003089,1
190130028003090,1
190130028003091,1
190130028003092,1
190130028003093,1
190130028003094,1
190130028003095,1
190130028003096,1
190130028003097,1
190130028003098,1
190130028003099,1
190130028003100,1
190130028003101,1
190130028003102,1
190130028003104,1
190130028003105,1
190130028003106,1
190130028003107,1
190130028003108,1
190130028003109,1
190130028003110,1
190130028003111,1
190130028003112,1
190130028003113,1
190130028003114,1
190130028003115,1
190130028003116,1
190130028003117,1
190130028003118,1
190130028003119,1
190130028003120,1
190130028003121,1
190130028003122,1
190130028003126,1
190130028003127,1
190130028003128,1
190130028003129,1
190130028003130,1
190130028003131,1
190130029022005,1
190130029022006,1
190130029022007,1
190130029022009,1
190130029022010,1
190130029011010,1
190130029011011,1
190130029011031,1
190130029011034,1
190130029011035,1
190130029011036,1
190130029011037,1
190130029011038,1
190130029011039,1
190130030012010,1
190130030012011,1
190130030012012,1
190130030012013,1
190130030012014,1
190130030012015,1
190130030012016,1
190130030012017,1
190130030012018,1
190130030012019,1
190130030012021,1
190130030012023,1
190130030012024,1
190130030012025,1
190130030012026,1
190130030012027,1
190130030012030,1
190130030012031,1
190130030012032,1
190130030012033,1
190130030012034,1
190130030012035,1
190130030012036,1
190130030012037,1
190130030012038,1
190130030012041,1
190130030013000,1
190130030013001,1
190130030013002,1
190130030013003,1
190130030013004,1
190130030013005,1
190130030013006,1
190130030013007,1
190130030013008,1
190130030013009,1
190130030013010,1
190130030013011,1
190130030013012,1
190130030013013,1
190130030013014,1
190130030013015,1
190130030013016,1
190130030013017,1
190130029021064,1
190130029021065,1
190130029021067,1
190130029021068,1
190130029021069,1
190130029021076,1
190130029021088,1
190130029021089,1
190130029021090,1
190130029021096,1
190130029021097,1
190130029021098,1
190130029021099,1
190130029021100,1
190130029021101,1
190130029021102,1
190130029021103,1
190130029021104,1
190130029021105,1
190130029021106,1
190130029021109,1
190130029021110,1
190130029021111,1
190130029022002,1
190130029022003,1
190130029022004,1
190130029022008,1
190130029022011,1
190130029022012,1
190130029022013,1
190130029022014,1
190130029022015,1
190130029022016,1
190130029022017,1
190130029022018,1
190130029022019,1
190130029022020,1
190130029022021,1
190130029022022,1
190130029022023,1
190130029022024,1
190130029022025,1
190130029022026,1
190130029022027,1
190130029022028,1
190130029022029,1
190130029022030,1
190130029022031,1
190130029022032,1
190130029022033,1
190130029022034,1
190130029022035,1
190130029022036,1
190130029022037,1
190130029022038,1
190130029022039,1
190130029022040,1
190130029022041,1
190130029022042,1
190130029022043,1
190130029022044,1
190130029022045,1
190130029022046,1
190130029022047,1
190130029022048,1
190130029022049,1
190130029022050,1
190130029022051,1
190130029022052,1
190130029022053,1
190130029022054,1
190130029022055,1
190130029023000,1
190130029023001,1
190130029023002,1
190130029023003,1
190130029023004,1
190130029023005,1
190130029023006,1
190130029023007,1
190130029023008,1
190130029023009,1
190130029023010,1
190130029023011,1
190130029023012,1
190130029023013,1
190130029023014,1
190130029023015,1
190130029023016,1
190130029023017,1
190130029023018,1
190130029023019,1
190130029023020,1
190130029023021,1
190130029023022,1
190130029023023,1
190130029023024,1
190130029023025,1
190130029023026,1
190130029023027,1
190130029023028,1
190130029023029,1
190130029023030,1
190130029023031,1
190130029023032,1
190130029023033,1
190130029023034,1
190130029023035,1
190130029023036,1
190130029023037,1
190130029023038,1
190130029023039,1
190130029023040,1
190130029023041,1
190130029023042,1
190130029023043,1
190130029023044,1
190130029023045,1
190130029023046,1
190130029023047,1
190130029023048,1
190130029023049,1
190130029023050,1
190130029023051,1
190130029023052,1
190130029023053,1
190130029023054,1
190130029023055,1
190130029023056,1
190130029023057,1
190130029023058,1
190130029023059,1
190130029023060,1
190130029023061,1
190130029023062,1
190130029023063,1
190130029023064,1
190130029023065,1
190130029023066,1
190130029023067,1
190130029023068,1
190130029023069,1
190130029023070,1
190130029023071,1
190130029023072,1
190130029023073,1
190130029023074,1
190130029023075,1
190130029023076,1
190130029023077,1
190130029023078,1
190130029023079,1
190130029023080,1
190130029023081,1
190130029023082,1
190130029023083,1
190130029023084,1
190130029023085,1
190130029023086,1
190130030011048,1
190130030011049,1
190130030011056,1
190130030011069,1
190130030011070,1
190130030011071,1
190130030012022,1
190130030012028,1
190130030012029,1
190130030012039,1
190130030012040,1
190130030023000,1
190130030023001,1
190130030023002,1
190130030023003,1
190130030023004,1
190130030023005,1
190130030023006,1
190130030023007,1
190130030023008,1
190130030023009,1
190130030023010,1
190130030023011,1
190130030023012,1
190130030023013,1
190130030023014,1
190130030023015,1
190130030023016,1
190130030023017,1
190130030023018,1
190130030023019,1
190130030023020,1
190130030023021,1
190130030023022,1
190130030023023,1
190130030023024,1
190130030023025,1
190130030023026,1
190130030023040,1
190130030011063,1
190130030011064,1
190130030011065,1
190130030011066,1
190130030021007,1
190130030021008,1
190130030021009,1
190130030021010,1
190130030021023,1
190130030021024,1
190130030021025,1
190130030021034,1
190130030021036,1
190130030021043,1
190130030021044,1
190130030021045,1
190130030021046,1
190130030021047,1
190130030021049,1
190130030021050,1
190130030021051,1
190130030021052,1
190130030021053,1
190130030021054,1
190130030021055,1
190130030021056,1
190130030021057,1
190130030021058,1
190130030021059,1
190130030021060,1
190130030021061,1
190130030021062,1
190130030021066,1
190130030021068,1
190130030021069,1
190130030021070,1
190130030021071,1
190130030021072,1
190130030021078,1
190130030021109,1
190130030021110,1
190130030022004,1
190130030022008,1
190130030022009,1
190130030022010,1
190130030022011,1
190130030022012,1
190130030022013,1
190130030022014,1
190130030022015,1
190130030022016,1
190130030022017,1
190130030022018,1
190130030022019,1
190130030022020,1
190130030022021,1
190130030022022,1
190130030022023,1
190130030022024,1
190130030022025,1
190130030022026,1
190130030022027,1
190130030022028,1
190130030022029,1
190130030022030,1
190130030022031,1
190130030022032,1
190130030022036,1
190130030022037,1
190130030022038,1
190130030022039,1
190130030022040,1
190130030022041,1
190130030022042,1
190130030022043,1
190130030022044,1
190130030022045,1
190130030022046,1
190130030022047,1
190130030022048,1
190130030022050,1
190130030022051,1
190130030011067,1
190130030011068,1
190130030021013,1
190130030021014,1
190130030021015,1
190130030021016,1
190130030021017,1
190130030021018,1
190130030021019,1
190130030021020,1
190130030021021,1
190130030021022,1
190130030021035,1
190130030021037,1
190130030021039,1
190130030021040,1
190130030021041,1
190130030021048,1
190130030021063,1
190130030021064,1
190130030021065,1
190130030021067,1
190130030021073,1
190130030021074,1
190130030021075,1
190130030021076,1
190130030021077,1
190130030021079,1
190130030021080,1
190130030021081,1
190130030021082,1
190130030021083,1
190130030021084,1
190130030021085,1
190130030021086,1
190130030021087,1
190130030021088,1
190130030021089,1
190130030021090,1
190130030021091,1
190130030021092,1
190130030021093,1
190130030021094,1
190130030021103,1
190130030021104,1
190130030022000,1
190130030022001,1
190130030022002,1
190130030022003,1
190130030022005,1
190130030022006,1
190130030022007,1
190130030022033,1
190130030022034,1
190130030022035,1
190130030022049,1
190130030022052,1
190130030022053,1
190130030021095,1
190130030021096,1
190130030021097,1
190130030021098,1
190130030021099,1
190130030021100,1
190130030021101,1
190130030021102,1
190130030021105,1
190130030021106,1
190130030021107,1
190130030021108,1
190130030022054,1
190130030022055,1
190130030022056,1
190130030023048,1
190130030023049,1
190130030023050,1
190130030023051,1
190130030023052,1
190130030023053,1
190130030023054,1
190130030023055,1
190130030023056,1
190130030023057,1
190130030023058,1
190130030023059,1
190130030023060,1
190130030023061,1
190130030023062,1
190130030023063,1
190130030023086,1
190130030023087,1
190130030023088,1
190130030023089,1
190130030023090,1
190130030023106,1
190130030023107,1
190130030023108,1
190130030023109,1
190130030023110,1
190130030023111,1
190130030023116,1
190130030023117,1
190130030023118,1
190130030023119,1
190130030023120,1
190130030023121,1
190130030023122,1
190130030023123,1
190130030023124,1
190130030023125,1
190130030023126,1
190130030023127,1
190130030023128,1
190130030023129,1
190130030023130,1
190130030023131,1
190130030023132,1
190130030023133,1
190130030023027,1
190130030023028,1
190130030023029,1
190130030023030,1
190130030023031,1
190130030023032,1
190130030023033,1
190130030023034,1
190130030023035,1
190130030023036,1
190130030023037,1
190130030023038,1
190130030023039,1
190130030023041,1
190130030023042,1
190130030023043,1
190130030023044,1
190130030023045,1
190130030023046,1
190130030023047,1
190130030023064,1
190130030023065,1
190130030023066,1
190130030023067,1
190130030023068,1
190130030023069,1
190130030023070,1
190130030023071,1
190130030023072,1
190130030023073,1
190130030023074,1
190130030023075,1
190130030023076,1
190130030023077,1
190130030023078,1
190130030023079,1
190130030023080,1
190130030023081,1
190130030023082,1
190130030023083,1
190130030023084,1
190130030023085,1
190130030023091,1
190130030023092,1
190130030023093,1
190130030023094,1
190130030023095,1
190130030023096,1
190130030023097,1
190130030023098,1
190130030023099,1
190130030023100,1
190130030023101,1
190130030023102,1
190130030023103,1
190130030023104,1
190130030023105,1
190130030023112,1
190130030023113,1
190130030023114,1
190130030023115,1
190130030023134,1
190150201001000,4
190150201001045,4
190150201001046,4
190150201001047,4
190150201001048,4
190150201001055,4
190150201001056,4
190150201001057,4
190150201001066,4
190150201001067,4
190150201001068,4
190150201001090,4
190150201002151,4
190150201002152,4
190150201002153,4
190150201002154,4
190150201002155,4
190150201002156,4
190150201002159,4
190150201002160,4
190150201002161,4
190150201002162,4
190150201002163,4
190150201002164,4
190150201002165,4
190150201002166,4
190150201002167,4
190150201002168,4
190150201002169,4
190150201002170,4
190150201002171,4
190150201002172,4
190150201002173,4
190150201002174,4
190150201002175,4
190150201002176,4
190150201002178,4
190150201002179,4
190150201002180,4
190150201002181,4
190150201002182,4
190150201002183,4
190150201002184,4
190150201002185,4
190150201002186,4
190150201002187,4
190150201002188,4
190150201002189,4
190150201002190,4
190150201002191,4
190150201002192,4
190150201002193,4
190150201002194,4
190150201002195,4
190150201002196,4
190150201002197,4
190150201002198,4
190150201002199,4
190150201002200,4
190150201002201,4
190150201002202,4
190150201002203,4
190150201002204,4
190150201002205,4
190150201002206,4
190150201002216,4
190150201002217,4
190150201002218,4
190150201002219,4
190150201001001,4
190150201001002,4
190150201001003,4
190150201001004,4
190150201001005,4
190150201001006,4
190150201001007,4
190150201001008,4
190150201001009,4
190150201001010,4
190150201001011,4
190150201001012,4
190150201001013,4
190150201001014,4
190150201001015,4
190150201001016,4
190150201001017,4
190150201001018,4
190150201001019,4
190150201001020,4
190150201001021,4
190150201001022,4
190150201001023,4
190150201001024,4
190150201001025,4
190150201001026,4
190150201001033,4
190150201001034,4
190150201001035,4
190150201001036,4
190150201001037,4
190150201001038,4
190150201001039,4
190150201001040,4
190150201001041,4
190150201001042,4
190150201001043,4
190150201001044,4
190150201001049,4
190150201001050,4
190150201001051,4
190150201001052,4
190150201001053,4
190150201001054,4
190150201001058,4
190150201001059,4
190150201001060,4
190150201001061,4
190150201001062,4
190150201001063,4
190150201001064,4
190150201001065,4
190150201001069,4
190150201001070,4
190150201001074,4
190150201001075,4
190150201001076,4
190150201001078,4
190150201001079,4
190150201001080,4
190150201001088,4
190150201001092,4
190150201001094,4
190150201001095,4
190150202001000,4
190150202001001,4
190150202001133,4
190150203001082,4
190150203003000,4
190150203003001,4
190150203003004,4
190150203003006,4
190150203003062,4
190150204001137,4
190150201001027,4
190150201001028,4
190150201001029,4
190150201001030,4
190150201001031,4
190150201001032,4
190150201001071,4
190150201001072,4
190150201001073,4
190150201001077,4
190150201001081,4
190150201001082,4
190150201001083,4
190150201001084,4
190150201001085,4
190150201001086,4
190150201001087,4
190150201001089,4
190150201001093,4
190150202001002,4
190150202001003,4
190150202001004,4
190150202001005,4
190150202001006,4
190150202001007,4
190150202001008,4
190150202001009,4
190150202001010,4
190150202001011,4
190150202001012,4
190150202001013,4
190150202001014,4
190150202001015,4
190150202001016,4
190150202001017,4
190150202001018,4
190150202001019,4
190150202001020,4
190150202001021,4
190150202001022,4
190150202001023,4
190150202001024,4
190150202001025,4
190150202001026,4
190150202001027,4
190150202001028,4
190150202001029,4
190150202001030,4
190150202001031,4
190150202001032,4
190150202001033,4
190150202001034,4
190150202001035,4
190150202001036,4
190150202001037,4
190150202001038,4
190150202001039,4
190150202001040,4
190150202001041,4
190150202001042,4
190150202001043,4
190150202001044,4
190150202001045,4
190150202001046,4
190150202001047,4
190150202001048,4
190150202001049,4
190150202001050,4
190150202001051,4
190150202001052,4
190150202001053,4
190150202001054,4
190150202001055,4
190150202001056,4
190150202001057,4
190150202001058,4
190150202001059,4
190150202001060,4
190150202001061,4
190150202001062,4
190150202001063,4
190150202001064,4
190150202001065,4
190150202001066,4
190150202001067,4
190150202001068,4
190150202001069,4
190150202001070,4
190150202001071,4
190150202001072,4
190150202001073,4
190150202001074,4
190150202001075,4
190150202001076,4
190150202001077,4
190150202001078,4
190150202001079,4
190150202001080,4
190150202001081,4
190150202001082,4
190150202001083,4
190150202001084,4
190150202001085,4
190150202001086,4
190150202001087,4
190150202001088,4
190150202001089,4
190150202001090,4
190150202001091,4
190150202001092,4
190150202001093,4
190150202001094,4
190150202001095,4
190150202001096,4
190150202001097,4
190150202001098,4
190150202001099,4
190150202001100,4
190150202001101,4
190150202001102,4
190150202001103,4
190150202001104,4
190150202001105,4
190150202001106,4
190150202001107,4
190150202001108,4
190150202001109,4
190150202001110,4
190150202001111,4
190150202001112,4
190150202001113,4
190150202001114,4
190150202001115,4
190150202001116,4
190150202001117,4
190150202001118,4
190150202001119,4
190150202001120,4
190150202001121,4
190150202001122,4
190150202001123,4
190150202001124,4
190150202001125,4
190150202001126,4
190150202001127,4
190150202001128,4
190150202001129,4
190150202001130,4
190150202001131,4
190150202001132,4
190150202001134,4
190150202001135,4
190150202001136,4
190150202001137,4
190150202001138,4
190150202001139,4
190150202001140,4
190150202001141,4
190150202001142,4
190150202001143,4
190150202001144,4
190150202001145,4
190150202001146,4
190150202001147,4
190150202002000,4
190150202002001,4
190150202002002,4
190150202002003,4
190150202002004,4
190150202002005,4
190150202002006,4
190150202002007,4
190150202002008,4
190150202002009,4
190150202002010,4
190150202002011,4
190150202002012,4
190150202002013,4
190150202002014,4
190150202002015,4
190150202002016,4
190150202002017,4
190150202002018,4
190150202002019,4
190150202002020,4
190150202002021,4
190150202002022,4
190150202002023,4
190150202002024,4
190150202002025,4
190150202002026,4
190150202002027,4
190150202002028,4
190150202002029,4
190150202002030,4
190150202002031,4
190150202002032,4
190150202002033,4
190150202002034,4
190150202002035,4
190150202002036,4
190150202002037,4
190150202002038,4
190150202002039,4
190150202002040,4
190150202002041,4
190150202002042,4
190150202002043,4
190150202002044,4
190150202002045,4
190150202002046,4
190150202002047,4
190150202002048,4
190150202002049,4
190150202002050,4
190150202002051,4
190150202002052,4
190150202002053,4
190150202002054,4
190150202002055,4
190150202002056,4
190150202002057,4
190150202002058,4
190150202002059,4
190150202002060,4
190150202002061,4
190150202002062,4
190150202002063,4
190150202002064,4
190150202002065,4
190150202002066,4
190150202002067,4
190150202002068,4
190150202002069,4
190150202002070,4
190150202002071,4
190150202002072,4
190150202002073,4
190150202002074,4
190150202002075,4
190150202002076,4
190150202002077,4
190150202002078,4
190150202002079,4
190150202002080,4
190150202002081,4
190150202002082,4
190150202002083,4
190150202002084,4
190150202002085,4
190150202002086,4
190150202002087,4
190150202002088,4
190150202002089,4
190150202002090,4
190150202002091,4
190150202002092,4
190150202002093,4
190150202002094,4
190150202002095,4
190150202002096,4
190150202002097,4
190150202002098,4
190150202002099,4
190150202002100,4
190150202002101,4
190150202002102,4
190150202002103,4
190150202002104,4
190150202002105,4
190150202002106,4
190150202002107,4
190150202002108,4
190150202002109,4
190150202002110,4
190150202002111,4
190150202002112,4
190150202002113,4
190150202002114,4
190150202002115,4
190150202002116,4
190150202002117,4
190150202002118,4
190150202002119,4
190150202002120,4
190150202002121,4
190150202002122,4
190150202002123,4
190150202002124,4
190150202002125,4
190150202002126,4
190150202002127,4
190150202002128,4
190150202002129,4
190150202002130,4
190150202002131,4
190150202002132,4
190150202002133,4
190150202002134,4
190150202002135,4
190150202002136,4
190150202002137,4
190150202002138,4
190150202002139,4
190150202002140,4
190150202002141,4
190150202002142,4
190150202002143,4
190150202002144,4
190150202002145,4
190150202002146,4
190150202002147,4
190150202002148,4
190150202002149,4
190150202002150,4
190150202002151,4
190150202002152,4
190150202002153,4
190150202002154,4
190150202002155,4
190150203001000,4
190150203001001,4
190150203001002,4
190150203001003,4
190150203001004,4
190150203001005,4
190150203001006,4
190150203001007,4
190150203001008,4
190150203001009,4
190150203001010,4
190150203001011,4
190150203001012,4
190150203001013,4
190150203001014,4
190150203001015,4
190150203001016,4
190150203001017,4
190150203001018,4
190150203001019,4
190150203001020,4
190150203001021,4
190150203001022,4
190150203001023,4
190150203001024,4
190150203001025,4
190150203001026,4
190150203001027,4
190150203001028,4
190150203001029,4
190150203001030,4
190150203001031,4
190150203001032,4
190150203001033,4
190150203001034,4
190150203001035,4
190150203001036,4
190150203001037,4
190150203001038,4
190150203001039,4
190150203001040,4
190150203001041,4
190150203001042,4
190150203001043,4
190150203001044,4
190150203001045,4
190150203001046,4
190150203001047,4
190150203001048,4
190150203001049,4
190150203001050,4
190150203001051,4
190150203001052,4
190150203001053,4
190150203001054,4
190150203001055,4
190150203001056,4
190150203001057,4
190150203001058,4
190150203001059,4
190150203001060,4
190150203001061,4
190150203001062,4
190150203001063,4
190150203001064,4
190150203001065,4
190150203001066,4
190150203001067,4
190150203001068,4
190150203001069,4
190150203001070,4
190150203001071,4
190150203001072,4
190150203001073,4
190150203001074,4
190150203001075,4
190150203001076,4
190150203001077,4
190150203001078,4
190150203001079,4
190150203001080,4
190150203001081,4
190150203001083,4
190150203001084,4
190150203001085,4
190150203001086,4
190150203001087,4
190150203001088,4
190150203001089,4
190150203001090,4
190150203001091,4
190150203001092,4
190150203001093,4
190150203001094,4
190150203001095,4
190150203001096,4
190150203001097,4
190150203001098,4
190150203001099,4
190150203001100,4
190150203001101,4
190150203001102,4
190150203001103,4
190150203002000,4
190150203002001,4
190150203002002,4
190150203002003,4
190150203002004,4
190150203002005,4
190150203002006,4
190150203002007,4
190150203002008,4
190150203002009,4
190150203002010,4
190150203002011,4
190150203002012,4
190150203002013,4
190150203002014,4
190150203002015,4
190150203002016,4
190150203002017,4
190150203002018,4
190150203002019,4
190150203002020,4
190150203002021,4
190150203002022,4
190150203002023,4
190150203002024,4
190150203002025,4
190150203002026,4
190150203002027,4
190150203002028,4
190150203002029,4
190150203002030,4
190150203002031,4
190150203002032,4
190150203002033,4
190150203002034,4
190150203002035,4
190150203002036,4
190150203002037,4
190150203002038,4
190150203002039,4
190150203002040,4
190150203002041,4
190150203002042,4
190150203002043,4
190150203002044,4
190150203002045,4
190150203002046,4
190150203002047,4
190150203002048,4
190150203002049,4
190150203002050,4
190150203002051,4
190150203003002,4
190150203003003,4
190150203003005,4
190150203003007,4
190150203003008,4
190150203003009,4
190150203003010,4
190150203003011,4
190150203003012,4
190150203003013,4
190150203003014,4
190150203003015,4
190150203003016,4
190150203003017,4
190150203003018,4
190150203003019,4
190150203003020,4
190150203003021,4
190150203003022,4
190150203003023,4
190150203003024,4
190150203003025,4
190150203003026,4
190150203003027,4
190150203003028,4
190150203003029,4
190150203003030,4
190150203003031,4
190150203003032,4
190150203003033,4
190150203003034,4
190150203003035,4
190150203003036,4
190150203003037,4
190150203003038,4
190150203003039,4
190150203003040,4
190150203003041,4
190150203003042,4
190150203003043,4
190150203003044,4
190150203003045,4
190150203003046,4
190150203003047,4
190150203003048,4
190150203003049,4
190150203003050,4
190150203003051,4
190150203003052,4
190150203003053,4
190150203003054,4
190150203003055,4
190150203003056,4
190150203003057,4
190150203003058,4
190150203003059,4
190150203003060,4
190150203003061,4
190150203003063,4
190150203003064,4
190150203003065,4
190150203003066,4
190150203003067,4
190150203003068,4
190150203003069,4
190150203003070,4
190150203003071,4
190150203003072,4
190150203003073,4
190150203003074,4
190150203003075,4
190150203003076,4
190150203003077,4
190150203003078,4
190150203003079,4
190150203003080,4
190150203003081,4
190150203003082,4
190150203003083,4
190150203003084,4
190150203003085,4
190150203003086,4
190150203003087,4
190150203003088,4
190150203003089,4
190150203003090,4
190150203003091,4
190150203003092,4
190150203003093,4
190150203003094,4
190150203003095,4
190150203003096,4
190150203003097,4
190150203003098,4
190150203003099,4
190150203003100,4
190150203003101,4
190150203003102,4
190150203003103,4
190150203003104,4
190150203003105,4
190150203003106,4
190150203003107,4
190150203003108,4
190150203003109,4
190150203003110,4
190150203003111,4
190150203003112,4
190150203003113,4
190150203003114,4
190150203003115,4
190150204001000,4
190150204001001,4
190150204001002,4
190150204001003,4
190150204001004,4
190150204001005,4
190150204001006,4
190150204001007,4
190150204001008,4
190150204001009,4
190150204001010,4
190150204001011,4
190150204001012,4
190150204001013,4
190150204001014,4
190150204001015,4
190150204001016,4
190150204001017,4
190150204001018,4
190150204001019,4
190150204001020,4
190150204001021,4
190150204001022,4
190150204001023,4
190150204001024,4
190150204001025,4
190150204001026,4
190150204001027,4
190150204001028,4
190150204001029,4
190150204001030,4
190150204001031,4
190150204001032,4
190150204001033,4
190150204001034,4
190150204001035,4
190150204001036,4
190150204001037,4
190150204001038,4
190150204001039,4
190150204001040,4
190150204001041,4
190150204001042,4
190150204001043,4
190150204001044,4
190150204001045,4
190150204001046,4
190150204001047,4
190150204001048,4
190150204001049,4
190150204001050,4
190150204001051,4
190150204001052,4
190150204001053,4
190150204001054,4
190150204001055,4
190150204001056,4
190150204001057,4
190150204001058,4
190150204001059,4
190150204001060,4
190150204001061,4
190150204001062,4
190150204001063,4
190150204001064,4
190150204001065,4
190150204001066,4
190150204001067,4
190150204001068,4
190150204001069,4
190150204001070,4
190150204001071,4
190150204001072,4
190150204001073,4
190150204001074,4
190150204001075,4
190150204001076,4
190150204001077,4
190150204001078,4
190150204001079,4
190150204001080,4
190150204001081,4
190150204001082,4
190150204001083,4
190150204001084,4
190150204001085,4
190150204001086,4
190150204001087,4
190150204001088,4
190150204001089,4
190150204001090,4
190150204001091,4
190150204001092,4
190150204001093,4
190150204001094,4
190150204001095,4
190150204001096,4
190150204001097,4
190150204001098,4
190150204001099,4
190150204001100,4
190150204001101,4
190150204001102,4
190150204001103,4
190150204001104,4
190150204001105,4
190150204001106,4
190150204001107,4
190150204001108,4
190150204001109,4
190150204001110,4
190150204001111,4
190150204001112,4
190150204001113,4
190150204001114,4
190150204001115,4
190150204001116,4
190150204001117,4
190150204001118,4
190150204001119,4
190150204001120,4
190150204001121,4
190150204001122,4
190150204001123,4
190150204001124,4
190150204001125,4
190150204001126,4
190150204001127,4
190150204001128,4
190150204001129,4
190150204001130,4
190150204001131,4
190150204001132,4
190150204001133,4
190150204001134,4
190150204001135,4
190150204001136,4
190150204001138,4
190150205001008,4
190150205001009,4
190150205001010,4
190150205001011,4
190150205001020,4
190150205001021,4
190150205001022,4
190150205001023,4
190150201001091,4
190150201002209,4
190150201002210,4
190150201002211,4
190150201002212,4
190150201002213,4
190150201002214,4
190150201002215,4
190150201002220,4
190150201002221,4
190150201002222,4
190150201002223,4
190150205001000,4
190150205001001,4
190150205001002,4
190150205001003,4
190150205001004,4
190150205001005,4
190150205001006,4
190150205001025,4
190150205001026,4
190150205001027,4
190150205001028,4
190150205001029,4
190150205001030,4
190150205001031,4
190150205001032,4
190150205001033,4
190150205001034,4
190150205001035,4
190150205001036,4
190150205001037,4
190150205001038,4
190150205001039,4
190150205001059,4
190150205001060,4
190150205001061,4
190150205001062,4
190150205001063,4
190150205001064,4
190150205001065,4
190150205001066,4
190150205001067,4
190150205001068,4
190150205001069,4
190150205001070,4
190150205001071,4
190150205001072,4
190150205001073,4
190150205001083,4
190150205001084,4
190150205001099,4
190150205001100,4
190150205001101,4
190150205001102,4
190150205001103,4
190150201002000,4
190150201002001,4
190150201002002,4
190150201002003,4
190150201002004,4
190150201002005,4
190150201002006,4
190150201002007,4
190150201002025,4
190150201002026,4
190150201002027,4
190150201002028,4
190150201002029,4
190150201002030,4
190150201002031,4
190150201002032,4
190150201002033,4
190150201002034,4
190150201002035,4
190150201002036,4
190150201002037,4
190150201002038,4
190150201002059,4
190150201002060,4
190150201002061,4
190150201002062,4
190150201002063,4
190150201002064,4
190150201002065,4
190150201002066,4
190150201002067,4
190150201002068,4
190150201002069,4
190150201002070,4
190150201002071,4
190150201002072,4
190150201002073,4
190150201002074,4
190150201002075,4
190150201002076,4
190150201002077,4
190150201002078,4
190150201002079,4
190150201002080,4
190150201002081,4
190150201002082,4
190150201002083,4
190150201002084,4
190150201002085,4
190150201002086,4
190150201002087,4
190150201002090,4
190150201002091,4
190150201002092,4
190150201002093,4
190150201002094,4
190150201002095,4
190150201002096,4
190150201002097,4
190150201002098,4
190150201002099,4
190150201002157,4
190150201002158,4
190150201002177,4
190150201002224,4
190150201002227,4
190150201002228,4
190150201002008,4
190150201002009,4
190150201002010,4
190150201002011,4
190150201002012,4
190150201002013,4
190150201002014,4
190150201002015,4
190150201002016,4
190150201002017,4
190150201002018,4
190150201002019,4
190150201002020,4
190150201002021,4
190150201002022,4
190150201002023,4
190150201002024,4
190150201002039,4
190150201002040,4
190150201002041,4
190150201002042,4
190150201002043,4
190150201002044,4
190150201002045,4
190150201002046,4
190150201002047,4
190150201002048,4
190150201002049,4
190150201002050,4
190150201002051,4
190150201002052,4
190150201002053,4
190150201002054,4
190150201002055,4
190150201002056,4
190150201002057,4
190150201002058,4
190150201002088,4
190150201002089,4
190150201002100,4
190150201002101,4
190150201002102,4
190150201002103,4
190150201002104,4
190150201002105,4
190150201002106,4
190150201002107,4
190150201002108,4
190150201002109,4
190150201002110,4
190150201002111,4
190150201002112,4
190150201002113,4
190150201002114,4
190150201002115,4
190150201002116,4
190150201002117,4
190150201002118,4
190150201002119,4
190150201002120,4
190150201002121,4
190150201002122,4
190150201002130,4
190150201002134,4
190150201002135,4
190150201002136,4
190150201002137,4
190150201002138,4
190150201002139,4
190150201002140,4
190150201002141,4
190150201002142,4
190150201002143,4
190150201002144,4
190150201002145,4
190150201002146,4
190150201002147,4
190150201002208,4
190150201002225,4
190150201002226,4
190150201002123,4
190150201002124,4
190150201002125,4
190150201002126,4
190150201002127,4
190150201002128,4
190150201002129,4
190150201002131,4
190150201002132,4
190150201002133,4
190150201002148,4
190150201002149,4
190150201002207,4
190150207001076,4
190150207001077,4
190150207001080,4
190150207001088,4
190150207001105,4
190150207001106,4
190150207001107,4
190150207001108,4
190150207001110,4
190150207001111,4
190150207001112,4
190150207001113,4
190150207001139,4
190150207001140,4
190150201002150,4
190150207001097,4
190150207001098,4
190150207001099,4
190150207001100,4
190150207001101,4
190150207001102,4
190150207001103,4
190150207001104,4
190150207001114,4
190150207001115,4
190150207001116,4
190150207001117,4
190150207001118,4
190150207001119,4
190150207001120,4
190150207001121,4
190150207001122,4
190150207001123,4
190150207001124,4
190150207001125,4
190150207001129,4
190150207001130,4
190150207001131,4
190150207001132,4
190150207001133,4
190150207001134,4
190150207001135,4
190150207001136,4
190150207001137,4
190150207001138,4
190150207001141,4
190150207001142,4
190150207001143,4
190150207001144,4
190150207001145,4
190150207001146,4
190150207001147,4
190150207001148,4
190150207001199,4
190150207001200,4
190150207001214,4
190150207001215,4
190150207001218,4
190150207001219,4
190150207001220,4
190150207001221,4
190150207001225,4
190150207001226,4
190150207001228,4
190150207002000,4
190150207002001,4
190150207002002,4
190150207002003,4
190150207002004,4
190150207002005,4
190150207002018,4
190150207002019,4
190150207002026,4
190150207002027,4
190150207002028,4
190150207002029,4
190150207002030,4
190150207002031,4
190150207002032,4
190150207002033,4
190150207002119,4
190150207002120,4
190150207002165,4
190150207002166,4
190150207002167,4
190150207002168,4
190150207002169,4
190150207002170,4
190150207002171,4
190150207002172,4
190150207002173,4
190150207002174,4
190150207002175,4
190150207002216,4
190150205001007,4
190150205001012,4
190150205001013,4
190150205001014,4
190150205001015,4
190150205001016,4
190150205001017,4
190150205001018,4
190150205001019,4
190150205001024,4
190150205001040,4
190150205001041,4
190150205001042,4
190150205001043,4
190150205001044,4
190150205001045,4
190150205001046,4
190150205001047,4
190150205001048,4
190150205001049,4
190150205001050,4
190150205001051,4
190150205001052,4
190150205001053,4
190150205001054,4
190150205001055,4
190150205001056,4
190150205001058,4
190150205001074,4
190150205001075,4
190150205001079,4
190150205001128,4
190150205001129,4
190150205001160,4
190150205001161,4
190150205001162,4
190150205001057,4
190150205001080,4
190150205001081,4
190150205001082,4
190150205001085,4
190150205001086,4
190150205001087,4
190150205001088,4
190150205001089,4
190150205001090,4
190150205001091,4
190150205001092,4
190150205001093,4
190150205001094,4
190150205001157,4
190150205001158,4
190150205001076,4
190150205001077,4
190150205001078,4
190150205001095,4
190150205001121,4
190150205001122,4
190150205001123,4
190150205001124,4
190150205001125,4
190150205001126,4
190150205001127,4
190150205001134,4
190150205001135,4
190150205001136,4
190150205001137,4
190150205001163,4
190150205001164,4
190150205001165,4
190150205001166,4
190150205001167,4
190150205002035,4
190150205002101,4
190150205001096,4
190150205001097,4
190150205001098,4
190150205001104,4
190150205001105,4
190150205001106,4
190150205001107,4
190150205001108,4
190150205001109,4
190150205001110,4
190150205001111,4
190150205001112,4
190150205001113,4
190150205001114,4
190150205001115,4
190150205001116,4
190150205001117,4
190150205001118,4
190150205001119,4
190150205001120,4
190150205001130,4
190150205001131,4
190150205001132,4
190150205001133,4
190150205001138,4
190150205001139,4
190150205001140,4
190150205001141,4
190150205001142,4
190150205001143,4
190150205001144,4
190150205001145,4
190150205001146,4
190150205001147,4
190150205001149,4
190150205001150,4
190150205001151,4
190150205001152,4
190150205001153,4
190150205001154,4
190150205001155,4
190150205001156,4
190150205001159,4
190150205001148,4
190150205001168,4
190150205001169,4
190150205001170,4
190150205002000,4
190150205002001,4
190150205002002,4
190150205002003,4
190150205002004,4
190150205002005,4
190150205002006,4
190150205002007,4
190150205002008,4
190150205002009,4
190150205002010,4
190150205002011,4
190150205002012,4
190150205002013,4
190150205002014,4
190150205002015,4
190150205002016,4
190150205002017,4
190150205002018,4
190150205002019,4
190150205002020,4
190150205002021,4
190150205002022,4
190150205002023,4
190150205002024,4
190150205002025,4
190150205002026,4
190150205002027,4
190150205002028,4
190150205002029,4
190150205002030,4
190150205002031,4
190150205002032,4
190150205002033,4
190150205002034,4
190150205002036,4
190150205002037,4
190150205002038,4
190150205002039,4
190150205002040,4
190150205002041,4
190150205002042,4
190150205002043,4
190150205002044,4
190150205002045,4
190150205002046,4
190150205002047,4
190150205002048,4
190150205002049,4
190150205002050,4
190150205002051,4
190150205002052,4
190150205002053,4
190150205002054,4
190150205002055,4
190150205002056,4
190150205002057,4
190150205002058,4
190150205002059,4
190150205002060,4
190150205002061,4
190150205002062,4
190150205002063,4
190150205002064,4
190150205002065,4
190150205002066,4
190150205002067,4
190150205002068,4
190150205002069,4
190150205002070,4
190150205002071,4
190150205002072,4
190150205002073,4
190150205002074,4
190150205002075,4
190150205002076,4
190150205002077,4
190150205002078,4
190150205002079,4
190150205002080,4
190150205002081,4
190150205002082,4
190150205002083,4
190150205002084,4
190150205002085,4
190150205002086,4
190150205002087,4
190150205002088,4
190150205002089,4
190150205002090,4
190150205002091,4
190150205002092,4
190150205002093,4
190150205002094,4
190150205002095,4
190150205002096,4
190150205002097,4
190150205002098,4
190150205002099,4
190150205002100,4
190150205002102,4
190150205002103,4
190150205002104,4
190150205002105,4
190150205002106,4
190150205002107,4
190150205002108,4
190150205002109,4
190150205002110,4
190150206001000,4
190150206001001,4
190150206001002,4
190150206001003,4
190150206001004,4
190150206001005,4
190150206001006,4
190150206001007,4
190150206001008,4
190150206001009,4
190150206001010,4
190150206001011,4
190150206001012,4
190150206001013,4
190150206001014,4
190150206001015,4
190150206001016,4
190150206001017,4
190150206001018,4
190150206001019,4
190150206001020,4
190150206001021,4
190150206001039,4
190150206001040,4
190150206001041,4
190150206001042,4
190150206001043,4
190150206001044,4
190150206001045,4
190150206001046,4
190150206001077,4
190150206001078,4
190150206001079,4
190150206001080,4
190150206001081,4
190150206001082,4
190150206001083,4
190150206001084,4
190150206001085,4
190150206001086,4
190150206001087,4
190150206001088,4
190150206001089,4
190150206001090,4
190150206001091,4
190150206001092,4
190150206001093,4
190150206001094,4
190150206001103,4
190150206001109,4
190150206001236,4
190150206001237,4
190150206001238,4
190150207002147,4
190150207002148,4
190150207002176,4
190150207002177,4
190150207002178,4
190150207002179,4
190150207002180,4
190150207002181,4
190150207002182,4
190150207002183,4
190150207002184,4
190150207002195,4
190150207002196,4
190150207002197,4
190150207002198,4
190150207002199,4
190150207002200,4
190150207002201,4
190150207002202,4
190150207002203,4
190150207002204,4
190150207002205,4
190150207002206,4
190150206001022,4
190150206001023,4
190150206001024,4
190150206001025,4
190150206001026,4
190150206001027,4
190150206001028,4
190150206001029,4
190150206001030,4
190150206001031,4
190150206001032,4
190150206001033,4
190150206001034,4
190150206001035,4
190150206001036,4
190150206001037,4
190150206001038,4
190150206001047,4
190150206001048,4
190150206001049,4
190150206001050,4
190150206001051,4
190150206001052,4
190150206001053,4
190150206001054,4
190150206001055,4
190150206001056,4
190150206001057,4
190150206001058,4
190150206001059,4
190150206001060,4
190150206001061,4
190150206001063,4
190150206001064,4
190150206001075,4
190150206001076,4
190150207002139,4
190150207002143,4
190150207002144,4
190150207002145,4
190150207002146,4
190150207002185,4
190150207002210,4
190150207002212,4
190150207002213,4
190150207002215,4
190150206001062,4
190150206001068,4
190150206001069,4
190150206001070,4
190150206001137,4
190150206001138,4
190150206001139,4
190150206001140,4
190150206001227,4
190150206001228,4
190150206001229,4
190150206001230,4
190150206001231,4
190150206001232,4
190150206001065,4
190150206001066,4
190150206001067,4
190150206001071,4
190150206001072,4
190150206001073,4
190150206001074,4
190150206001124,4
190150206001125,4
190150206001132,4
190150206001133,4
190150206001134,4
190150206001135,4
190150206001136,4
190150206001141,4
190150206001142,4
190150206001143,4
190150206001144,4
190150206001151,4
190150206001152,4
190150206001153,4
190150206001154,4
190150206001155,4
190150206001156,4
190150206001157,4
190150206001158,4
190150206001159,4
190150206001160,4
190150206001161,4
190150206001162,4
190150206001163,4
190150206001164,4
190150206001165,4
190150206001166,4
190150206001167,4
190150206001168,4
190150206001169,4
190150206001170,4
190150206001171,4
190150206001172,4
190150206001173,4
190150206001174,4
190150206001175,4
190150206001176,4
190150206001177,4
190150206001178,4
190150206001179,4
190150206001180,4
190150206001181,4
190150206001182,4
190150206001183,4
190150206001184,4
190150206001185,4
190150206001220,4
190150206001224,4
190150206001225,4
190150206001226,4
190150206001233,4
190150206001234,4
190150206001240,4
190150206001095,4
190150206001096,4
190150206001104,4
190150206001105,4
190150206001106,4
190150206001107,4
190150206001108,4
190150206001110,4
190150206001111,4
190150206001114,4
190150206001115,4
190150206001116,4
190150206001117,4
190150206001118,4
190150206001119,4
190150206001120,4
190150206001121,4
190150206001122,4
190150206001123,4
190150206001126,4
190150206001127,4
190150206001128,4
190150206001129,4
190150206001130,4
190150206001131,4
190150206001145,4
190150206001146,4
190150206001147,4
190150206001148,4
190150206001149,4
190150206001150,4
190150206001186,4
190150206001187,4
190150206001188,4
190150206001189,4
190150206001190,4
190150206001191,4
190150206001192,4
190150206001193,4
190150206001194,4
190150206001195,4
190150206001212,4
190150206001213,4
190150206001214,4
190150206001215,4
190150206001216,4
190150206001217,4
190150206001218,4
190150206001219,4
190150206001221,4
190150206001222,4
190150206001223,4
190150206001235,4
190150206001241,4
190150206001097,4
190150206001098,4
190150206001099,4
190150206001100,4
190150206001101,4
190150206001102,4
190150206001112,4
190150206001113,4
190150206001196,4
190150206001197,4
190150206001200,4
190150206001201,4
190150206001202,4
190150206001203,4
190150206001204,4
190150206001205,4
190150206001239,4
190150206001198,4
190150206001199,4
190150206001206,4
190150206001207,4
190150206001208,4
190150206001209,4
190150206001210,4
190150206001211,4
190150207001000,4
190150207001001,4
190150207001002,4
190150207001003,4
190150207001004,4
190150207001005,4
190150207001020,4
190150207001021,4
190150207001022,4
190150207001023,4
190150207001056,4
190150207001057,4
190150207001058,4
190150207001059,4
190150207001060,4
190150207001061,4
190150207001062,4
190150207001063,4
190150207001064,4
190150207001065,4
190150207001066,4
190150207001067,4
190150207001068,4
190150207001069,4
190150207001070,4
190150207001071,4
190150207001072,4
190150207001073,4
190150207001074,4
190150207001075,4
190150207001078,4
190150207001079,4
190150207001081,4
190150207001082,4
190150207001083,4
190150207001084,4
190150207001085,4
190150207001086,4
190150207001087,4
190150207001089,4
190150207001090,4
190150207001093,4
190150207001094,4
190150207001095,4
190150207001096,4
190150207001109,4
190150207001227,4
190150207001006,4
190150207001007,4
190150207001008,4
190150207001009,4
190150207001010,4
190150207001011,4
190150207001012,4
190150207001013,4
190150207001014,4
190150207001015,4
190150207001016,4
190150207001017,4
190150207001018,4
190150207001019,4
190150207001024,4
190150207001025,4
190150207001026,4
190150207001027,4
190150207001028,4
190150207001029,4
190150207001030,4
190150207001031,4
190150207001032,4
190150207001033,4
190150207001034,4
190150207001035,4
190150207001036,4
190150207001037,4
190150207001038,4
190150207001039,4
190150207001040,4
190150207001041,4
190150207001042,4
190150207001043,4
190150207001044,4
190150207001045,4
190150207001046,4
190150207001047,4
190150207001048,4
190150207001049,4
190150207001050,4
190150207001051,4
190150207001052,4
190150207001053,4
190150207001054,4
190150207001055,4
190150207001091,4
190150207001092,4
190150207001128,4
190150207001153,4
190150207001154,4
190150207001155,4
190150207001156,4
190150207001157,4
190150207001158,4
190150207001159,4
190150207001160,4
190150207001161,4
190150207001162,4
190150207001163,4
190150207001164,4
190150207001165,4
190150207001166,4
190150207001167,4
190150207001174,4
190150207001175,4
190150207001176,4
190150207001177,4
190150207001126,4
190150207001127,4
190150207001149,4
190150207001150,4
190150207001151,4
190150207001152,4
190150207001168,4
190150207001169,4
190150207001170,4
190150207001171,4
190150207001172,4
190150207001173,4
190150207001178,4
190150207001179,4
190150207001180,4
190150207001181,4
190150207001182,4
190150207001183,4
190150207001184,4
190150207001185,4
190150207001186,4
190150207001187,4
190150207001188,4
190150207001189,4
190150207001190,4
190150207001191,4
190150207001192,4
190150207001193,4
190150207001194,4
190150207001195,4
190150207001196,4
190150207001197,4
190150207001198,4
190150207001201,4
190150207001202,4
190150207001203,4
190150207001204,4
190150207001205,4
190150207001206,4
190150207001207,4
190150207001208,4
190150207001209,4
190150207001210,4
190150207001211,4
190150207001212,4
190150207001213,4
190150207001216,4
190150207001217,4
190150207001222,4
190150207001223,4
190150207001224,4
190150207002006,4
190150207002007,4
190150207002008,4
190150207002009,4
190150207002010,4
190150207002011,4
190150207002012,4
190150207002013,4
190150207002014,4
190150207002015,4
190150207002016,4
190150207002017,4
190150207002121,4
190150207002122,4
190150207002123,4
190150207002124,4
190150207002125,4
190150207002126,4
190150207002127,4
190150207002128,4
190150207002129,4
190150207002130,4
190150207002131,4
190150207002132,4
190150207002138,4
190150207002211,4
190150207002020,4
190150207002021,4
190150207002022,4
190150207002023,4
190150207002024,4
190150207002025,4
190150207002034,4
190150207002035,4
190150207002036,4
190150207002037,4
190150207002038,4
190150207002039,4
190150207002040,4
190150207002041,4
190150207002042,4
190150207002043,4
190150207002044,4
190150207002045,4
190150207002046,4
190150207002047,4
190150207002048,4
190150207002049,4
190150207002050,4
190150207002051,4
190150207002052,4
190150207002053,4
190150207002054,4
190150207002055,4
190150207002056,4
190150207002057,4
190150207002058,4
190150207002059,4
190150207002060,4
190150207002061,4
190150207002062,4
190150207002063,4
190150207002064,4
190150207002065,4
190150207002066,4
190150207002067,4
190150207002068,4
190150207002069,4
190150207002070,4
190150207002071,4
190150207002072,4
190150207002073,4
190150207002074,4
190150207002075,4
190150207002076,4
190150207002077,4
190150207002078,4
190150207002079,4
190150207002080,4
190150207002081,4
190150207002082,4
190150207002083,4
190150207002084,4
190150207002085,4
190150207002086,4
190150207002087,4
190150207002088,4
190150207002089,4
190150207002090,4
190150207002091,4
190150207002092,4
190150207002093,4
190150207002094,4
190150207002095,4
190150207002096,4
190150207002097,4
190150207002098,4
190150207002099,4
190150207002100,4
190150207002101,4
190150207002102,4
190150207002103,4
190150207002104,4
190150207002105,4
190150207002106,4
190150207002107,4
190150207002108,4
190150207002109,4
190150207002110,4
190150207002111,4
190150207002112,4
190150207002113,4
190150207002114,4
190150207002115,4
190150207002116,4
190150207002117,4
190150207002118,4
190150207002149,4
190150207002150,4
190150207002151,4
190150207002152,4
190150207002153,4
190150207002154,4
190150207002155,4
190150207002156,4
190150207002157,4
190150207002158,4
190150207002159,4
190150207002160,4
190150207002161,4
190150207002162,4
190150207002163,4
190150207002164,4
190150207002186,4
190150207002187,4
190150207002188,4
190150207002189,4
190150207002190,4
190150207002191,4
190150207002192,4
190150207002193,4
190150207002194,4
190150207002207,4
190150207002208,4
190150207002209,4
190150207002214,4
190150207002133,4
190150207002134,4
190150207002135,4
190150207002136,4
190150207002137,4
190150207002140,4
190150207002141,4
190150207002142,4
190170040001000,1
190170040001001,1
190170040001002,1
190170040001006,1
190170040001007,1
190170040001008,1
190170040001009,1
190170040001010,1
190170040001011,1
190170040001012,1
190170040001013,1
190170040001014,1
190170040001015,1
190170040001016,1
190170040001017,1
190170040001018,1
190170040002000,1
190170040002001,1
190170040002002,1
190170040002003,1
190170040002004,1
190170040002005,1
190170040002006,1
190170040002007,1
190170040002008,1
190170040002009,1
190170040002010,1
190170040002011,1
190170040002012,1
190170040002013,1
190170040002014,1
190170040002015,1
190170040002016,1
190170040002017,1
190170040002018,1
190170040002019,1
190170040002020,1
190170040002021,1
190170040002022,1
190170040002023,1
190170040002024,1
190170040002025,1
190170040002026,1
190170040002027,1
190170040002028,1
190170040002029,1
190170040002030,1
190170040002031,1
190170040002032,1
190170040002033,1
190170040002034,1
190170040002035,1
190170040002036,1
190170040002037,1
190170040002038,1
190170040002039,1
190170040002040,1
190170040002041,1
190170040002042,1
190170040002043,1
190170040002044,1
190170040002045,1
190170040002046,1
190170041001002,1
190170041001003,1
190170041001004,1
190170041001005,1
190170041001006,1
190170041001007,1
190170041001008,1
190170041001009,1
190170041001010,1
190170041001011,1
190170041001012,1
190170041001013,1
190170041001014,1
190170041001016,1
190170041001017,1
190170041001018,1
190170041001019,1
190170041001021,1
190170041001022,1
190170041001023,1
190170041001024,1
190170041001025,1
190170041001026,1
190170041001027,1
190170041001028,1
190170041001029,1
190170041001030,1
190170041001031,1
190170041001032,1
190170041001033,1
190170041001034,1
190170041001035,1
190170041001036,1
190170041001037,1
190170041002006,1
190170041002007,1
190170041002008,1
190170041002009,1
190170041002010,1
190170041002011,1
190170041002012,1
190170041002013,1
190170041002014,1
190170041002015,1
190170041002016,1
190170041002017,1
190170041002018,1
190170041002019,1
190170041002020,1
190170041002021,1
190170041002022,1
190170041002026,1
190170041002027,1
190170041002028,1
190170041002029,1
190170041002030,1
190170041002031,1
190170041002032,1
190170041002033,1
190170041002034,1
190170041002035,1
190170041002036,1
190170041002037,1
190170041002038,1
190170041002039,1
190170041002040,1
190170041002041,1
190170041002042,1
190170041002043,1
190170041002044,1
190170041002045,1
190170041002046,1
190170041002047,1
190170041002048,1
190170041002049,1
190170042001000,1
190170042001001,1
190170042001002,1
190170042001003,1
190170042001004,1
190170042001005,1
190170042001006,1
190170042001007,1
190170042001008,1
190170042001009,1
190170042001010,1
190170042001011,1
190170042001013,1
190170042001014,1
190170042001015,1
190170042001016,1
190170042001017,1
190170042001018,1
190170042001019,1
190170042001020,1
190170042001021,1
190170042001022,1
190170042001023,1
190170042001024,1
190170042001025,1
190170042001026,1
190170042001027,1
190170042001028,1
190170042001029,1
190170042001030,1
190170042001043,1
190170042001044,1
190170042002000,1
190170042002001,1
190170042002002,1
190170042002003,1
190170042002004,1
190170042002005,1
190170042002006,1
190170042002007,1
190170042002008,1
190170042002009,1
190170042002010,1
190170042002011,1
190170042002012,1
190170042002013,1
190170042002014,1
190170042002015,1
190170042002016,1
190170042002017,1
190170042002018,1
190170042002019,1
190170042002020,1
190170042002021,1
190170042002022,1
190170042002023,1
190170042002024,1
190170042002025,1
190170042002026,1
190170042002027,1
190170042002028,1
190170042002029,1
190170042002030,1
190170042002031,1
190170042002032,1
190170042002033,1
190170042002034,1
190170042002035,1
190170042002036,1
190170042002037,1
190170042002038,1
190170042002039,1
190170042002040,1
190170042002041,1
190170042002042,1
190170042002043,1
190170042002044,1
190170042002048,1
190170042002050,1
190170042003000,1
190170042003001,1
190170042003002,1
190170042003003,1
190170042003004,1
190170042003005,1
190170042003006,1
190170042003007,1
190170042003008,1
190170042003009,1
190170042003010,1
190170042003011,1
190170042003012,1
190170042003013,1
190170042003014,1
190170042003015,1
190170042003016,1
190170042003017,1
190170042003018,1
190170042003019,1
190170042003020,1
190170042003021,1
190170042003022,1
190170042003023,1
190170042003024,1
190170042003025,1
190170042003026,1
190170042003027,1
190170042003028,1
190170042003029,1
190170042003030,1
190170042003031,1
190170042003032,1
190170042003033,1
190170042003034,1
190170042003035,1
190170042003036,1
190170042003037,1
190170042003038,1
190170042003039,1
190170042003040,1
190170046003001,1
190170040001003,1
190170040001004,1
190170040001005,1
190170041001015,1
190170041001038,1
190170042001012,1
190170042001031,1
190170042001032,1
190170042001033,1
190170042001034,1
190170042001035,1
190170042001036,1
190170042001037,1
190170042001038,1
190170042001039,1
190170042001040,1
190170042001041,1
190170042001042,1
190170042002045,1
190170042002046,1
190170042002047,1
190170042002049,1
190170043002090,1
190170043002091,1
190170043002092,1
190170044003117,1
190170044003118,1
190170044003119,1
190170046001015,1
190170046001016,1
190170046003000,1
190170046003002,1
190170046003003,1
190170046003004,1
190170046003006,1
190170046003016,1
190170046003017,1
190170046003018,1
190170046003019,1
190170046003020,1
190170046003021,1
190170046003022,1
190170046003023,1
190170046003025,1
190170046003026,1
190170046003027,1
190170046003140,1
190170041001000,1
190170041001001,1
190170041002000,1
190170041002001,1
190170041002002,1
190170041002003,1
190170041002004,1
190170041002005,1
190170041002023,1
190170041002024,1
190170041002025,1
190170044003008,1
190170044003009,1
190170044003016,1
190170044003017,1
190170044003018,1
190170044003019,1
190170044003020,1
190170044003021,1
190170044003054,1
190170044003055,1
190170044003056,1
190170044003057,1
190170044003058,1
190170044003059,1
190170044003060,1
190170044003061,1
190170044003062,1
190170044003063,1
190170044003064,1
190170044003065,1
190170044003066,1
190170044003067,1
190170044003068,1
190170044003069,1
190170044003070,1
190170044003071,1
190170044003072,1
190170044003073,1
190170044003074,1
190170044003075,1
190170044003076,1
190170044003077,1
190170044003078,1
190170044003079,1
190170044003080,1
190170044003081,1
190170044003082,1
190170044003083,1
190170044003084,1
190170044003085,1
190170044003086,1
190170044003087,1
190170044003088,1
190170044003089,1
190170044003090,1
190170044003091,1
190170044003092,1
190170044003093,1
190170044003094,1
190170044003095,1
190170044003096,1
190170044003097,1
190170044003100,1
190170044003101,1
190170044003102,1
190170044003103,1
190170044003104,1
190170041001020,1
190170044003000,1
190170044003001,1
190170044003002,1
190170044003003,1
190170044003004,1
190170044003005,1
190170044003006,1
190170044003007,1
190170044003010,1
190170044003011,1
190170044003012,1
190170044003013,1
190170044003014,1
190170044003015,1
190170044003022,1
190170044003023,1
190170044003024,1
190170044003025,1
190170044003026,1
190170044003027,1
190170044003028,1
190170044003029,1
190170044003030,1
190170044003031,1
190170044003032,1
190170044003033,1
190170044003034,1
190170044003035,1
190170044003036,1
190170044003037,1
190170044003038,1
190170044003039,1
190170044003040,1
190170044003041,1
190170044003042,1
190170044003043,1
190170044003044,1
190170044003045,1
190170044003046,1
190170044003047,1
190170044003048,1
190170044003049,1
190170044003050,1
190170044003051,1
190170044003052,1
190170044003053,1
190170044003098,1
190170044003099,1
190170044003105,1
190170044003106,1
190170044003107,1
190170044003108,1
190170044003109,1
190170044003110,1
190170044003111,1
190170044003112,1
190170044003113,1
190170044003114,1
190170044003115,1
190170044003116,1
190170043001000,1
190170043001001,1
190170043001002,1
190170043001003,1
190170043001004,1
190170043001005,1
190170043001006,1
190170043001007,1
190170043001008,1
190170043001009,1
190170043001010,1
190170043001011,1
190170043001012,1
190170043001013,1
190170043001014,1
190170043001015,1
190170043001016,1
190170043001017,1
190170043001018,1
190170043001019,1
190170043001020,1
190170043001021,1
190170043001022,1
190170043001023,1
190170043001024,1
190170043001025,1
190170043001026,1
190170043001027,1
190170043001028,1
190170043001029,1
190170043001030,1
190170043001031,1
190170043001032,1
190170043001033,1
190170043001034,1
190170043001035,1
190170043002026,1
190170043002027,1
190170043002028,1
190170043002029,1
190170043002030,1
190170043002034,1
190170043002035,1
190170043002036,1
190170043002037,1
190170043002038,1
190170043002039,1
190170043002040,1
190170043002041,1
190170043002042,1
190170043002043,1
190170043002044,1
190170043002045,1
190170043002046,1
190170043002047,1
190170043002048,1
190170043002049,1
190170043002050,1
190170043002051,1
190170043002052,1
190170043002053,1
190170043002054,1
190170043002055,1
190170043002058,1
190170043002059,1
190170043002063,1
190170043002064,1
190170043002065,1
190170043002066,1
190170043002067,1
190170043002068,1
190170043002069,1
190170043002070,1
190170043002071,1
190170043002072,1
190170043002079,1
190170043002080,1
190170043002081,1
190170043002082,1
190170043002000,1
190170043002001,1
190170043002002,1
190170043002003,1
190170043002004,1
190170043002005,1
190170043002006,1
190170043002007,1
190170043002008,1
190170043002009,1
190170043002010,1
190170043002011,1
190170043002012,1
190170043002013,1
190170043002014,1
190170043002015,1
190170043002016,1
190170043002017,1
190170043002018,1
190170043002019,1
190170043002020,1
190170043002021,1
190170043002022,1
190170043002023,1
190170043002024,1
190170043002025,1
190170043002056,1
190170043002057,1
190170043002060,1
190170043002061,1
190170043002062,1
190170043002075,1
190170043002076,1
190170043002077,1
190170043002078,1
190170043002083,1
190170043002084,1
190170043002099,1
190170043002100,1
190170043002101,1
190170043002102,1
190170043002031,1
190170043002032,1
190170043002033,1
190170043002073,1
190170043002074,1
190170043002085,1
190170043002086,1
190170043002087,1
190170043002088,1
190170043002089,1
190170043002093,1
190170043002094,1
190170043002095,1
190170043002096,1
190170043002097,1
190170043002098,1
190170043002103,1
190170043002104,1
190170046001000,1
190170046001001,1
190170046001002,1
190170046001003,1
190170046001004,1
190170046001005,1
190170046001006,1
190170046001009,1
190170046001010,1
190170046001011,1
190170046001012,1
190170046001013,1
190170046001014,1
190170046001019,1
190170046001020,1
190170046001024,1
190170046002023,1
190170046002024,1
190170046002025,1
190170046002026,1
190170046002027,1
190170046002028,1
190170046002030,1
190170046002039,1
190170046002040,1
190170046002044,1
190170046002045,1
190170046002046,1
190170046002047,1
190170046002048,1
190170046002049,1
190170046002050,1
190170046002051,1
190170046002052,1
190170046002053,1
190170046002054,1
190170046002055,1
190170046002056,1
190170046002062,1
190170046002063,1
190170046002064,1
190170046002065,1
190170044001000,1
190170044001001,1
190170044001002,1
190170044001003,1
190170044001004,1
190170044001005,1
190170044001006,1
190170044001012,1
190170044001013,1
190170044001014,1
190170044001015,1
190170044001016,1
190170044001017,1
190170044001018,1
190170044001019,1
190170044001020,1
190170044001021,1
190170044001022,1
190170044001023,1
190170044001024,1
190170044001025,1
190170044001026,1
190170044001027,1
190170044001034,1
190170044001040,1
190170044002011,1
190170044002012,1
190170044002013,1
190170044002014,1
190170044002015,1
190170044002016,1
190170044002017,1
190170044002018,1
190170044002019,1
190170044002020,1
190170044002021,1
190170044002022,1
190170044002023,1
190170044002024,1
190170044002025,1
190170044002026,1
190170044002027,1
190170044002028,1
190170044002029,1
190170044002030,1
190170044002031,1
190170044002032,1
190170044002033,1
190170044002034,1
190170044002036,1
190170044002049,1
190170044002050,1
190170044002051,1
190170044002052,1
190170044002053,1
190170044002054,1
190170044002057,1
190170044001007,1
190170044001008,1
190170044001009,1
190170044001010,1
190170044001011,1
190170044001028,1
190170044001029,1
190170044001030,1
190170044001031,1
190170044001032,1
190170044001033,1
190170044001035,1
190170044001036,1
190170044001037,1
190170044001038,1
190170044001039,1
190170044001041,1
190170044001042,1
190170044002000,1
190170044002001,1
190170044002002,1
190170044002003,1
190170044002004,1
190170044002005,1
190170044002006,1
190170044002007,1
190170044002008,1
190170044002009,1
190170044002010,1
190170044002035,1
190170044002037,1
190170044002038,1
190170044002039,1
190170044002040,1
190170044002041,1
190170044002042,1
190170044002043,1
190170044002044,1
190170044002045,1
190170044002046,1
190170044002047,1
190170044002048,1
190170044002055,1
190170044002056,1
190170044002058,1
190170045001000,1
190170045001001,1
190170045001002,1
190170045001003,1
190170045001004,1
190170045001005,1
190170045001006,1
190170045001007,1
190170045001008,1
190170045001009,1
190170045001010,1
190170045001011,1
190170045001012,1
190170045001013,1
190170045001014,1
190170045001015,1
190170045001016,1
190170045001017,1
190170045001018,1
190170045001019,1
190170045001020,1
190170045001021,1
190170045001022,1
190170045001023,1
190170045001024,1
190170045001025,1
190170045001026,1
190170045001027,1
190170045001028,1
190170045001029,1
190170045001030,1
190170045001031,1
190170045001032,1
190170045001033,1
190170045001034,1
190170045001035,1
190170045001036,1
190170045001037,1
190170045001038,1
190170045001039,1
190170045001040,1
190170045001041,1
190170045001042,1
190170045001043,1
190170045001044,1
190170045001045,1
190170045001046,1
190170045001047,1
190170045001048,1
190170045001049,1
190170045001050,1
190170045001051,1
190170045001052,1
190170045001053,1
190170045001054,1
190170045001055,1
190170045001056,1
190170045001057,1
190170045001058,1
190170045001059,1
190170045001060,1
190170045001061,1
190170045001062,1
190170045001063,1
190170045001064,1
190170045001065,1
190170045001066,1
190170045001067,1
190170045001068,1
190170045001069,1
190170045001070,1
190170045001071,1
190170045001072,1
190170045001073,1
190170045001074,1
190170045001075,1
190170045001076,1
190170045001077,1
190170045001078,1
190170045001079,1
190170045001080,1
190170045001081,1
190170045001082,1
190170045001083,1
190170045001084,1
190170045001085,1
190170045001086,1
190170045001087,1
190170045001088,1
190170045001089,1
190170045001090,1
190170045001091,1
190170045001092,1
190170045001093,1
190170045001094,1
190170045001095,1
190170045001096,1
190170045001097,1
190170045002000,1
190170045002050,1
190170045002051,1
190170045003000,1
190170045003001,1
190170045003002,1
190170045003003,1
190170045003004,1
190170045003005,1
190170045003006,1
190170045003007,1
190170045003008,1
190170045003009,1
190170045003010,1
190170045003011,1
190170045003012,1
190170045003013,1
190170045003014,1
190170045003015,1
190170045003016,1
190170045003017,1
190170045003018,1
190170045003019,1
190170045003020,1
190170045003021,1
190170045003022,1
190170045003025,1
190170045003026,1
190170045003027,1
190170045003028,1
190170045003029,1
190170045003030,1
190170045003031,1
190170045003037,1
190170045003038,1
190170045003039,1
190170045003040,1
190170045003062,1
190170045003063,1
190170045003118,1
190170045003119,1
190170045003120,1
190170045003125,1
190170047001001,1
190170047001002,1
190170047001023,1
190170047002000,1
190170047002001,1
190170047002003,1
190170047002004,1
190170047002005,1
190170047002006,1
190170047002060,1
190170047002061,1
190170047002062,1
190170045002001,1
190170045002002,1
190170045002003,1
190170045002004,1
190170045002044,1
190170045002045,1
190170045002046,1
190170045002047,1
190170045002048,1
190170045002049,1
190170045002052,1
190170045002053,1
190170045002054,1
190170045002055,1
190170045002056,1
190170045002057,1
190170045002058,1
190170045002059,1
190170045002060,1
190170045002061,1
190170045002062,1
190170045002141,1
190170045002142,1
190170045002143,1
190170045002144,1
190170045002145,1
190170045002146,1
190170045002148,1
190170045002150,1
190170045002151,1
190170045002152,1
190170045002153,1
190170045002154,1
190170045002155,1
190170045002156,1
190170045002157,1
190170045002158,1
190170045002159,1
190170045002160,1
190170045002161,1
190170045002162,1
190170045002163,1
190170045002164,1
190170045002165,1
190170045002166,1
190170045002167,1
190170045002168,1
190170045002169,1
190170045002171,1
190170045002180,1
190170045002181,1
190170045003023,1
190170045003024,1
190170045003032,1
190170045002005,1
190170045002006,1
190170045002007,1
190170045002008,1
190170045002009,1
190170045002010,1
190170045002011,1
190170045002012,1
190170045002013,1
190170045002014,1
190170045002030,1
190170045002031,1
190170045002032,1
190170045002033,1
190170045002034,1
190170045002035,1
190170045002036,1
190170045002037,1
190170045002038,1
190170045002039,1
190170045002040,1
190170045002041,1
190170045002042,1
190170045002043,1
190170045002063,1
190170045002064,1
190170045002065,1
190170045002066,1
190170045002067,1
190170045002068,1
190170045002069,1
190170045002070,1
190170045002071,1
190170045002072,1
190170045002073,1
190170045002074,1
190170045002075,1
190170045002076,1
190170045002077,1
190170045002078,1
190170045002079,1
190170045002080,1
190170045002081,1
190170045002082,1
190170045002083,1
190170045002084,1
190170045002085,1
190170045002086,1
190170045002087,1
190170045002091,1
190170045002135,1
190170045002136,1
190170045002137,1
190170045002138,1
190170045002139,1
190170045002140,1
190170045002147,1
190170045002149,1
190170045002170,1
190170045002176,1
190170045002177,1
190170045002178,1
190170045002179,1
190170045002185,1
190170045002015,1
190170045002016,1
190170045002017,1
190170045002018,1
190170045002019,1
190170045002020,1
190170045002021,1
190170045002022,1
190170045002023,1
190170045002024,1
190170045002025,1
190170045002026,1
190170045002027,1
190170045002028,1
190170045002029,1
190170045002088,1
190170045002089,1
190170045002090,1
190170045002092,1
190170045002093,1
190170045002094,1
190170045002095,1
190170045002096,1
190170045002097,1
190170045002098,1
190170045002099,1
190170045002100,1
190170045002101,1
190170045002102,1
190170045002103,1
190170045002104,1
190170045002105,1
190170045002106,1
190170045002107,1
190170045002108,1
190170045002109,1
190170045002110,1
190170045002111,1
190170045002112,1
190170045002113,1
190170045002114,1
190170045002115,1
190170045002116,1
190170045002117,1
190170045002118,1
190170045002119,1
190170045002120,1
190170045002121,1
190170045002122,1
190170045002123,1
190170045002124,1
190170045002125,1
190170045002126,1
190170045002127,1
190170045002128,1
190170045002129,1
190170045002130,1
190170045002131,1
190170045002132,1
190170045002133,1
190170045002134,1
190170045002172,1
190170045002173,1
190170045002174,1
190170045002175,1
190170045002182,1
190170045002183,1
190170045002184,1
190170045003033,1
190170045003034,1
190170045003035,1
190170045003036,1
190170045003042,1
190170045003043,1
190170045003044,1
190170045003045,1
190170045003046,1
190170045003047,1
190170045003048,1
190170045003049,1
190170045003050,1
190170045003051,1
190170045003052,1
190170045003053,1
190170045003054,1
190170045003055,1
190170045003056,1
190170045003057,1
190170045003058,1
190170045003059,1
190170045003060,1
190170045003061,1
190170045003064,1
190170045003065,1
190170045003066,1
190170045003067,1
190170045003068,1
190170045003069,1
190170045003070,1
190170045003071,1
190170045003072,1
190170045003073,1
190170045003074,1
190170045003075,1
190170045003076,1
190170045003077,1
190170045003078,1
190170045003079,1
190170045003080,1
190170045003081,1
190170045003082,1
190170045003083,1
190170045003084,1
190170045003085,1
190170045003086,1
190170045003087,1
190170045003088,1
190170045003089,1
190170045003090,1
190170045003091,1
190170045003092,1
190170045003093,1
190170045003094,1
190170045003095,1
190170045003096,1
190170045003097,1
190170045003098,1
190170045003099,1
190170045003100,1
190170045003101,1
190170045003102,1
190170045003103,1
190170045003104,1
190170045003105,1
190170045003106,1
190170045003107,1
190170045003108,1
190170045003109,1
190170045003110,1
190170045003111,1
190170045003112,1
190170045003113,1
190170045003114,1
190170045003115,1
190170045003116,1
190170045003117,1
190170045003121,1
190170045003122,1
190170045003123,1
190170045003124,1
190170045003126,1
190170045003127,1
190170045003041,1
190170047001000,1
190170047001003,1
190170047001004,1
190170047001005,1
190170047001006,1
190170047001007,1
190170047001008,1
190170047001009,1
190170047001010,1
190170047001011,1
190170047001012,1
190170047001013,1
190170047001014,1
190170047001015,1
190170047001016,1
190170047001017,1
190170047001018,1
190170047001019,1
190170047001020,1
190170047001021,1
190170047001022,1
190170047001024,1
190170047001025,1
190170047002002,1
190170047002007,1
190170047002008,1
190170047002009,1
190170047002010,1
190170047002011,1
190170047002012,1
190170047002013,1
190170047002014,1
190170047002015,1
190170047002016,1
190170047002017,1
190170047002018,1
190170047002019,1
190170047002020,1
190170047002021,1
190170047002022,1
190170047002023,1
190170047002024,1
190170047002025,1
190170047002026,1
190170047002027,1
190170047002028,1
190170047002029,1
190170047002030,1
190170047002031,1
190170047002032,1
190170047002033,1
190170047002034,1
190170047002035,1
190170047002036,1
190170047002037,1
190170047002038,1
190170047002039,1
190170047002040,1
190170047002041,1
190170047002042,1
190170047002043,1
190170047002044,1
190170047002045,1
190170047002046,1
190170047002047,1
190170047002048,1
190170047002049,1
190170047002050,1
190170047002051,1
190170047002052,1
190170047002053,1
190170047002054,1
190170047002055,1
190170047002056,1
190170047002057,1
190170047002058,1
190170047002059,1
190170046001007,1
190170046001008,1
190170046001021,1
190170046001022,1
190170046001023,1
190170046001025,1
190170046001026,1
190170046001027,1
190170046001028,1
190170046001029,1
190170046001030,1
190170046001031,1
190170046001032,1
190170046001033,1
190170046001034,1
190170046001035,1
190170046001036,1
190170046001037,1
190170046001038,1
190170046001039,1
190170046001040,1
190170046001041,1
190170046001042,1
190170046001043,1
190170046001044,1
190170046001045,1
190170046001046,1
190170046001047,1
190170046001048,1
190170046001049,1
190170046001050,1
190170046001051,1
190170046001052,1
190170046001053,1
190170046001054,1
190170046002000,1
190170046002001,1
190170046002002,1
190170046002003,1
190170046002004,1
190170046002005,1
190170046002006,1
190170046002007,1
190170046002008,1
190170046002009,1
190170046002010,1
190170046002011,1
190170046002012,1
190170046002013,1
190170046002014,1
190170046002015,1
190170046002016,1
190170046002017,1
190170046002018,1
190170046002019,1
190170046002020,1
190170046002021,1
190170046002022,1
190170046002029,1
190170046002031,1
190170046002032,1
190170046002033,1
190170046002034,1
190170046002035,1
190170046002036,1
190170046002037,1
190170046002038,1
190170046002041,1
190170046002042,1
190170046002043,1
190170046002057,1
190170046002058,1
190170046002059,1
190170046002060,1
190170046002061,1
190170046001017,1
190170046001018,1
190170046003005,1
190170046003007,1
190170046003008,1
190170046003009,1
190170046003010,1
190170046003011,1
190170046003012,1
190170046003013,1
190170046003014,1
190170046003015,1
190170046003024,1
190170046003028,1
190170046003029,1
190170046003030,1
190170046003031,1
190170046003032,1
190170046003033,1
190170046003034,1
190170046003035,1
190170046003036,1
190170046003037,1
190170046003038,1
190170046003039,1
190170046003040,1
190170046003041,1
190170046003042,1
190170046003043,1
190170046003044,1
190170046003045,1
190170046003053,1
190170046003054,1
190170046003055,1
190170046003056,1
190170046003057,1
190170046003058,1
190170046003059,1
190170046003060,1
190170046003061,1
190170046003062,1
190170046003063,1
190170046003064,1
190170046003065,1
190170046003066,1
190170046003067,1
190170046003068,1
190170046003069,1
190170046003072,1
190170046003090,1
190170046003091,1
190170046003092,1
190170046003093,1
190170046003094,1
190170046003095,1
190170046003096,1
190170046003097,1
190170046003098,1
190170046003099,1
190170046003100,1
190170046003101,1
190170046003102,1
190170046003103,1
190170046003104,1
190170046003105,1
190170046003106,1
190170046003107,1
190170046003121,1
190170046003134,1
190170046003135,1
190170046003137,1
190170046003138,1
190170046003046,1
190170046003047,1
190170046003048,1
190170046003049,1
190170046003050,1
190170046003051,1
190170046003052,1
190170046003070,1
190170046003071,1
190170046003073,1
190170046003074,1
190170046003075,1
190170046003076,1
190170046003077,1
190170046003078,1
190170046003079,1
190170046003080,1
190170046003081,1
190170046003082,1
190170046003083,1
190170046003084,1
190170046003085,1
190170046003086,1
190170046003087,1
190170046003088,1
190170046003089,1
190170046003108,1
190170046003109,1
190170046003110,1
190170046003111,1
190170046003112,1
190170046003113,1
190170046003114,1
190170046003115,1
190170046003116,1
190170046003117,1
190170046003118,1
190170046003119,1
190170046003120,1
190170046003122,1
190170046003123,1
190170046003124,1
190170046003125,1
190170046003126,1
190170046003127,1
190170046003128,1
190170046003129,1
190170046003130,1
190170046003131,1
190170046003132,1
190170046003133,1
190170046003136,1
190170046003139,1
190199501001000,1
190199501001001,1
190199501001002,1
190199501001003,1
190199501001004,1
190199501001005,1
190199501001006,1
190199501001007,1
190199501001008,1
190199501001009,1
190199501001010,1
190199501001011,1
190199501001012,1
190199501001013,1
190199501001014,1
190199501001015,1
190199501001016,1
190199501001017,1
190199501001018,1
190199501001019,1
190199501001020,1
190199501001021,1
190199501001022,1
190199501001023,1
190199501001024,1
190199501001025,1
190199501001026,1
190199501001027,1
190199501001028,1
190199501001029,1
190199501001030,1
190199501001031,1
190199501001032,1
190199501001033,1
190199501001034,1
190199501001035,1
190199501001036,1
190199501001037,1
190199501001038,1
190199501001039,1
190199501001040,1
190199501001041,1
190199501001042,1
190199501001043,1
190199501001044,1
190199501001045,1
190199501001046,1
190199501001047,1
190199501001048,1
190199501001049,1
190199501001050,1
190199501001051,1
190199501001052,1
190199501001053,1
190199501001054,1
190199501001055,1
190199501001056,1
190199501001057,1
190199501001058,1
190199501001059,1
190199501001060,1
190199501001105,1
190199501002000,1
190199501002001,1
190199501002002,1
190199501002003,1
190199501002050,1
190199501002051,1
190199501002053,1
190199501002054,1
190199501002055,1
190199501002056,1
190199501002070,1
190199501002076,1
190199501002077,1
190199501002078,1
190199501002079,1
190199501002080,1
190199501002081,1
190199501002082,1
190199501002083,1
190199501002084,1
190199501002085,1
190199501002086,1
190199501002087,1
190199501002092,1
190199501002093,1
190199501002099,1
190199501002104,1
190199501001061,1
190199501001062,1
190199501001063,1
190199501001064,1
190199501001065,1
190199501001066,1
190199501001067,1
190199501001068,1
190199501001069,1
190199501001070,1
190199501001071,1
190199501001072,1
190199501001073,1
190199501001074,1
190199501001075,1
190199501001076,1
190199501001077,1
190199501001078,1
190199501001079,1
190199501001080,1
190199501001081,1
190199501001082,1
190199501001083,1
190199501001084,1
190199501001085,1
190199501001086,1
190199501001089,1
190199501001090,1
190199501001091,1
190199501001092,1
190199501001093,1
190199501001094,1
190199501001095,1
190199501001096,1
190199501001097,1
190199501001098,1
190199501001099,1
190199501001100,1
190199501001101,1
190199501001102,1
190199501001103,1
190199501001104,1
190199501001107,1
190199501002088,1
190199501002089,1
190199501002094,1
190199501002095,1
190199501002096,1
190199501002097,1
190199501002098,1
190199501003057,1
190199501003097,1
190199501001087,1
190199501001088,1
190199501001106,1
190199501002090,1
190199501002101,1
190199501003006,1
190199501003007,1
190199501003008,1
190199501003009,1
190199501003010,1
190199501003011,1
190199501003012,1
190199501003013,1
190199501003014,1
190199501003015,1
190199501003016,1
190199501003021,1
190199501003022,1
190199501003023,1
190199501003026,1
190199501003027,1
190199501003028,1
190199501003029,1
190199501003030,1
190199501003031,1
190199501003032,1
190199501003033,1
190199501003034,1
190199501003035,1
190199501003036,1
190199501003037,1
190199501003038,1
190199501003039,1
190199501003040,1
190199501003041,1
190199501003042,1
190199501003043,1
190199501003044,1
190199501003045,1
190199501003046,1
190199501003047,1
190199501003048,1
190199501003049,1
190199501003050,1
190199501003051,1
190199501003052,1
190199501003053,1
190199501003055,1
190199501003056,1
190199501003116,1
190199501003117,1
190199501003120,1
190199501003121,1
190199501002004,1
190199501002006,1
190199501002007,1
190199501002008,1
190199501002009,1
190199501002018,1
190199501002019,1
190199501002021,1
190199501002022,1
190199501002023,1
190199501002024,1
190199501002025,1
190199501002026,1
190199501002027,1
190199501002028,1
190199501002029,1
190199501002030,1
190199501002031,1
190199501002032,1
190199501002033,1
190199501002034,1
190199501002035,1
190199501002036,1
190199501002037,1
190199501002038,1
190199501002039,1
190199501002040,1
190199501002041,1
190199501002042,1
190199501002057,1
190199501002058,1
190199501002059,1
190199501002064,1
190199501002065,1
190199501002066,1
190199501002067,1
190199501002068,1
190199501002069,1
190199501002071,1
190199501002072,1
190199501002073,1
190199501002074,1
190199501002075,1
190199501002091,1
190199501002100,1
190199501003000,1
190199501003001,1
190199501003002,1
190199501003003,1
190199501003004,1
190199501003005,1
190199502001000,1
190199501002005,1
190199501002043,1
190199501002044,1
190199501002045,1
190199501002046,1
190199501002047,1
190199501002048,1
190199501002049,1
190199501002052,1
190199501002060,1
190199501002061,1
190199501002062,1
190199501002063,1
190199501002102,1
190199501002103,1
190199501002010,1
190199501002011,1
190199501002012,1
190199501002013,1
190199501002014,1
190199501002015,1
190199501002016,1
190199501002017,1
190199501002020,1
190199501003017,1
190199501003018,1
190199501003019,1
190199501003020,1
190199501003024,1
190199501003025,1
190199501003118,1
190199501003119,1
190199501003123,1
190199502002002,1
190199502002003,1
190199502002004,1
190199502002005,1
190199502002006,1
190199502002015,1
190199502002016,1
190199502002017,1
190199502002018,1
190199502002019,1
190199502002020,1
190199502002021,1
190199502002022,1
190199502002023,1
190199502002024,1
190199502002025,1
190199502002026,1
190199502002027,1
190199502002029,1
190199502002030,1
190199502002031,1
190199502002032,1
190199502002033,1
190199502002034,1
190199502002035,1
190199502002036,1
190199502002037,1
190199502002038,1
190199502002039,1
190199502002040,1
190199502002041,1
190199502002043,1
190199503001034,1
190199503001035,1
190199503001039,1
190199503001041,1
190199503001048,1
190199504002000,1
190199504002001,1
190199504002002,1
190199504002003,1
190199504002004,1
190199504002005,1
190199504002006,1
190199504002007,1
190199504002008,1
190199504002044,1
190199504002045,1
190199505001000,1
190199505001002,1
190199505001003,1
190199505001018,1
190199505001019,1
190199505001063,1
190199505002000,1
190199505002001,1
190199505002005,1
190199505002028,1
190199505003000,1
190199505003001,1
190199505003008,1
190199505003010,1
190199505003011,1
190199505003012,1
190199505003013,1
190199501003054,1
190199501003058,1
190199501003059,1
190199501003060,1
190199501003061,1
190199501003062,1
190199501003063,1
190199501003064,1
190199501003065,1
190199501003066,1
190199501003067,1
190199501003068,1
190199501003069,1
190199501003070,1
190199501003071,1
190199501003072,1
190199501003073,1
190199501003074,1
190199501003075,1
190199501003076,1
190199501003077,1
190199501003078,1
190199501003079,1
190199501003080,1
190199501003081,1
190199501003082,1
190199501003083,1
190199501003084,1
190199501003085,1
190199501003086,1
190199501003087,1
190199501003088,1
190199501003089,1
190199501003090,1
190199501003091,1
190199501003092,1
190199501003093,1
190199501003094,1
190199501003095,1
190199501003096,1
190199501003098,1
190199501003099,1
190199501003100,1
190199501003101,1
190199501003102,1
190199501003103,1
190199501003104,1
190199501003105,1
190199501003106,1
190199501003107,1
190199501003108,1
190199501003109,1
190199501003110,1
190199501003111,1
190199501003112,1
190199501003113,1
190199501003114,1
190199501003115,1
190199501003122,1
190199501003124,1
190199501003125,1
190199506001001,1
190199506001002,1
190199506001003,1
190199506001005,1
190199502001001,1
190199502001002,1
190199502001003,1
190199502001004,1
190199502001005,1
190199502001006,1
190199502001007,1
190199502001008,1
190199502001009,1
190199502001010,1
190199502001011,1
190199502001012,1
190199502001013,1
190199502001014,1
190199502001015,1
190199502001016,1
190199502001017,1
190199502001018,1
190199502001019,1
190199502001020,1
190199502001021,1
190199502001022,1
190199502001023,1
190199502001024,1
190199502001025,1
190199502001026,1
190199502001027,1
190199502001028,1
190199502001029,1
190199502001030,1
190199502001031,1
190199502001032,1
190199502001033,1
190199502001034,1
190199502001035,1
190199502001036,1
190199502001037,1
190199502001038,1
190199502001039,1
190199502001040,1
190199502001041,1
190199502001042,1
190199502001043,1
190199502001044,1
190199502001045,1
190199502001046,1
190199502001047,1
190199502001048,1
190199502001049,1
190199502001050,1
190199502001051,1
190199502001052,1
190199502001053,1
190199502001054,1
190199502001055,1
190199502001056,1
190199502001057,1
190199502001058,1
190199502001059,1
190199502001060,1
190199502001061,1
190199502001062,1
190199502001063,1
190199502001064,1
190199502001065,1
190199502001066,1
190199502001067,1
190199502001068,1
190199502001069,1
190199502001070,1
190199502001071,1
190199502001072,1
190199502001073,1
190199502001074,1
190199502001075,1
190199502001076,1
190199502001077,1
190199502001078,1
190199502001079,1
190199502001080,1
190199502001081,1
190199502001082,1
190199502001083,1
190199502001084,1
190199502001085,1
190199502001086,1
190199502001087,1
190199502001088,1
190199502001089,1
190199502001090,1
190199502001091,1
190199502001092,1
190199502001093,1
190199502001094,1
190199502001095,1
190199502001096,1
190199502001097,1
190199502001098,1
190199502001099,1
190199502001100,1
190199502001101,1
190199502001102,1
190199502001103,1
190199502001104,1
190199502001105,1
190199502001106,1
190199502001107,1
190199502001108,1
190199502001109,1
190199502001110,1
190199502001111,1
190199502001112,1
190199502001113,1
190199502001114,1
190199502001115,1
190199502001116,1
190199502002000,1
190199502002001,1
190199502002007,1
190199502002008,1
190199502002009,1
190199502002010,1
190199502002011,1
190199502002012,1
190199502002013,1
190199502002014,1
190199502002042,1
190199502003000,1
190199502003073,1
190199502003074,1
190199502003078,1
190199502003079,1
190199502003100,1
190199502003101,1
190199502003113,1
190199502003114,1
190199502002028,1
190199504001000,1
190199504001001,1
190199504001002,1
190199504001003,1
190199504001004,1
190199504001005,1
190199504001006,1
190199504001007,1
190199504001008,1
190199504001009,1
190199504001010,1
190199504001011,1
190199504001012,1
190199504001013,1
190199504001014,1
190199504001015,1
190199504001016,1
190199504001017,1
190199504001018,1
190199504001019,1
190199504001020,1
190199504001021,1
190199504001022,1
190199504001023,1
190199504001024,1
190199504001025,1
190199504001026,1
190199504001027,1
190199504001028,1
190199504001029,1
190199504001030,1
190199504001031,1
190199504001032,1
190199504001033,1
190199504001034,1
190199504001035,1
190199504001036,1
190199504001037,1
190199504001038,1
190199504001039,1
190199504001040,1
190199504001041,1
190199504001042,1
190199504001043,1
190199504001044,1
190199504001045,1
190199504001046,1
190199504001047,1
190199504001048,1
190199504001049,1
190199504001050,1
190199504001051,1
190199504001052,1
190199504001053,1
190199504001054,1
190199504001055,1
190199504001056,1
190199504001057,1
190199504001058,1
190199504001059,1
190199504001060,1
190199504001061,1
190199504001062,1
190199504001065,1
190199504001066,1
190199504001067,1
190199504001068,1
190199504001069,1
190199504001070,1
190199504001071,1
190199504001072,1
190199504001073,1
190199504001074,1
190199504002009,1
190199504002010,1
190199504002011,1
190199504002012,1
190199504002013,1
190199504002014,1
190199504002015,1
190199504002016,1
190199504002017,1
190199504002018,1
190199504002019,1
190199504002020,1
190199504002021,1
190199504002022,1
190199504002023,1
190199504002024,1
190199504002025,1
190199504002026,1
190199504002027,1
190199504002028,1
190199504002029,1
190199504002030,1
190199504002031,1
190199504002032,1
190199504002033,1
190199504002034,1
190199504002035,1
190199504002036,1
190199504002037,1
190199504002038,1
190199504002039,1
190199504002040,1
190199504002041,1
190199504002042,1
190199504002043,1
190199504002046,1
190199504002047,1
190199504002048,1
190199504002049,1
190199505001001,1
190199505001004,1
190199505001005,1
190199505001006,1
190199505001007,1
190199505001008,1
190199505001009,1
190199505001010,1
190199505001011,1
190199505001012,1
190199505001013,1
190199505001014,1
190199505001015,1
190199505001016,1
190199505001017,1
190199505001020,1
190199505001021,1
190199505001022,1
190199505001023,1
190199505001024,1
190199505001025,1
190199505001026,1
190199505001027,1
190199505001028,1
190199505001029,1
190199505001030,1
190199505001031,1
190199505001032,1
190199505001033,1
190199505001034,1
190199505001035,1
190199505001036,1
190199505001037,1
190199505001038,1
190199505001039,1
190199505001040,1
190199505001041,1
190199505001042,1
190199505001043,1
190199505001044,1
190199505001045,1
190199505001046,1
190199505001047,1
190199505001048,1
190199505001049,1
190199505001050,1
190199505001051,1
190199505001052,1
190199505001053,1
190199505001054,1
190199505001055,1
190199505001056,1
190199505001057,1
190199505001058,1
190199505001059,1
190199505001060,1
190199505001061,1
190199505001062,1
190199505001064,1
190199505001065,1
190199505001066,1
190199505001067,1
190199505001068,1
190199505001069,1
190199505002002,1
190199505002003,1
190199505002004,1
190199505002006,1
190199505002007,1
190199505002008,1
190199505002009,1
190199505002010,1
190199505002011,1
190199505002012,1
190199505002013,1
190199505002014,1
190199505002015,1
190199505002016,1
190199505002017,1
190199505002018,1
190199505002019,1
190199505002020,1
190199505002021,1
190199505002022,1
190199505002023,1
190199505002024,1
190199505002025,1
190199505002026,1
190199505002027,1
190199505002029,1
190199505002030,1
190199505002031,1
190199505002032,1
190199505002033,1
190199505002034,1
190199505002035,1
190199505002036,1
190199505002037,1
190199505002038,1
190199505002039,1
190199505002040,1
190199505002041,1
190199505002042,1
190199505002043,1
190199505002044,1
190199505002045,1
190199505002046,1
190199505002047,1
190199505002048,1
190199505002049,1
190199505002050,1
190199505002051,1
190199505002052,1
190199505002053,1
190199505002054,1
190199505002055,1
190199505002056,1
190199505003002,1
190199505003003,1
190199505003004,1
190199505003005,1
190199505003006,1
190199505003007,1
190199505003015,1
190199505003016,1
190199505003017,1
190199505003018,1
190199505003019,1
190199505003020,1
190199505003021,1
190199505003022,1
190199505003023,1
190199505003024,1
190199505003025,1
190199505003026,1
190199505003027,1
190199505003028,1
190199505003029,1
190199505003030,1
190199505003031,1
190199505003032,1
190199505004000,1
190199505004001,1
190199505004002,1
190199505004003,1
190199505004004,1
190199505004005,1
190199505004006,1
190199505004007,1
190199505004008,1
190199505004009,1
190199505004010,1
190199505004011,1
190199505004012,1
190199505004013,1
190199505004014,1
190199505004015,1
190199505004016,1
190199505004017,1
190199505004018,1
190199505004019,1
190199505004020,1
190199505004021,1
190199505004022,1
190199505004023,1
190199505004024,1
190199505004025,1
190199505004026,1
190199505004027,1
190199505004028,1
190199505004029,1
190199505004030,1
190199505004033,1
190199505004035,1
190199505004037,1
190199505004038,1
190199505004039,1
190199506003001,1
190199506003002,1
190199506003009,1
190199506003010,1
190199506003014,1
190199506003015,1
190199506003023,1
190199506004000,1
190199506004001,1
190199506004024,1
190199506004025,1
190199506004026,1
190199506004033,1
190199506004034,1
190199502003001,1
190199502003002,1
190199502003003,1
190199502003004,1
190199502003005,1
190199502003006,1
190199502003007,1
190199502003026,1
190199502003028,1
190199502003033,1
190199502003034,1
190199502003035,1
190199502003036,1
190199502003037,1
190199502003038,1
190199502003039,1
190199502003060,1
190199502003061,1
190199502003062,1
190199502003063,1
190199502003067,1
190199502003068,1
190199502003069,1
190199502003070,1
190199502003071,1
190199502003072,1
190199502003075,1
190199502003076,1
190199502003077,1
190199502003080,1
190199502003081,1
190199502003082,1
190199502003083,1
190199502003084,1
190199502003085,1
190199502003086,1
190199502003087,1
190199502003088,1
190199502003089,1
190199502003090,1
190199502003091,1
190199502003092,1
190199502003093,1
190199502003094,1
190199502003095,1
190199502003096,1
190199502003097,1
190199502003098,1
190199502003099,1
190199502003102,1
190199502003103,1
190199502003104,1
190199502003105,1
190199502003106,1
190199502003107,1
190199502003108,1
190199502003109,1
190199502003110,1
190199502003111,1
190199502003112,1
190199502003115,1
190199502003116,1
190199502003117,1
190199502003118,1
190199502003119,1
190199502003120,1
190199502003121,1
190199502003134,1
190199503001008,1
190199503001009,1
190199503001010,1
190199503001011,1
190199502003008,1
190199502003009,1
190199502003010,1
190199502003011,1
190199502003012,1
190199502003013,1
190199502003014,1
190199502003015,1
190199502003016,1
190199502003017,1
190199502003018,1
190199502003019,1
190199502003020,1
190199502003021,1
190199502003022,1
190199502003023,1
190199502003024,1
190199502003025,1
190199502003027,1
190199502003029,1
190199502003030,1
190199502003031,1
190199502003032,1
190199502003040,1
190199502003041,1
190199502003042,1
190199502003043,1
190199502003044,1
190199502003045,1
190199502003046,1
190199502003047,1
190199502003048,1
190199502003049,1
190199502003050,1
190199502003051,1
190199502003052,1
190199502003053,1
190199502003054,1
190199502003055,1
190199502003056,1
190199502003057,1
190199502003058,1
190199502003059,1
190199502003064,1
190199502003065,1
190199502003066,1
190199502003128,1
190199502003129,1
190199502003130,1
190199502003131,1
190199502003132,1
190199502003133,1
190199502003135,1
190199502003136,1
190199502003122,1
190199502003123,1
190199502003124,1
190199502003125,1
190199502003126,1
190199502003127,1
190199503001000,1
190199503001001,1
190199503001002,1
190199503001003,1
190199503001004,1
190199503001005,1
190199503001006,1
190199503001007,1
190199503001012,1
190199503001013,1
190199503001014,1
190199503001015,1
190199503001016,1
190199503001017,1
190199503001018,1
190199503001019,1
190199503001020,1
190199503001021,1
190199503001022,1
190199503001023,1
190199503001024,1
190199503001025,1
190199503001026,1
190199503001027,1
190199503001028,1
190199503001030,1
190199503001031,1
190199503001032,1
190199503001033,1
190199503001036,1
190199503001037,1
190199503001038,1
190199503001040,1
190199503001042,1
190199503001043,1
190199503001044,1
190199503001045,1
190199503001046,1
190199503001047,1
190199503001049,1
190199503001050,1
190199503001051,1
190199503003000,1
190199503003018,1
190199503003019,1
190199503001029,1
190199503002000,1
190199503002001,1
190199503002002,1
190199503002003,1
190199503002004,1
190199503002005,1
190199503002006,1
190199503002007,1
190199503002008,1
190199503002009,1
190199503002010,1
190199503002011,1
190199503002012,1
190199503002013,1
190199503002014,1
190199503002015,1
190199503002016,1
190199503002017,1
190199503002018,1
190199503002019,1
190199503002020,1
190199503002021,1
190199503002022,1
190199503002023,1
190199503002024,1
190199503002025,1
190199503002026,1
190199503002027,1
190199503002028,1
190199503002029,1
190199503002030,1
190199503002031,1
190199503002032,1
190199503002033,1
190199503002034,1
190199503002035,1
190199503002036,1
190199503002037,1
190199503002038,1
190199503002039,1
190199503002040,1
190199503002041,1
190199503002042,1
190199503002043,1
190199503002044,1
190199503002045,1
190199503002046,1
190199503002047,1
190199503002048,1
190199503002049,1
190199503002050,1
190199503002051,1
190199503002052,1
190199503002053,1
190199503002054,1
190199503002055,1
190199503002056,1
190199503002057,1
190199503003001,1
190199503003002,1
190199503003003,1
190199503003004,1
190199503003005,1
190199503003006,1
190199503003007,1
190199503003008,1
190199503003009,1
190199503003010,1
190199503003011,1
190199503003012,1
190199503003013,1
190199503003014,1
190199503003015,1
190199503003016,1
190199503003017,1
190199503003020,1
190199503003021,1
190199503003022,1
190199503003023,1
190199503003024,1
190199503003025,1
190199503003026,1
190199503003027,1
190199503003028,1
190199503003029,1
190199503003030,1
190199506004008,1
190199506004009,1
190199504001063,1
190199504001064,1
190199505003009,1
190199505003014,1
190199505004031,1
190199505004032,1
190199505004034,1
190199505004036,1
190199506001021,1
190199506001022,1
190199506001023,1
190199506001036,1
190199506001037,1
190199506001038,1
190199506001043,1
190199506001044,1
190199506001045,1
190199506001046,1
190199506001047,1
190199506001061,1
190199506001136,1
190199506003000,1
190199506003003,1
190199506003004,1
190199506003005,1
190199506003006,1
190199506003007,1
190199506003008,1
190199506003011,1
190199506003012,1
190199506003013,1
190199506003016,1
190199506003017,1
190199506003018,1
190199506003019,1
190199506003020,1
190199506003021,1
190199506003022,1
190199506003026,1
190199506003027,1
190199506003028,1
190199506003029,1
190199506003031,1
190199506003032,1
190199506003033,1
190199506003034,1
190199506003035,1
190199506003036,1
190199506003037,1
190199506003038,1
190199506003039,1
190199506003040,1
190199506003041,1
190199506004035,1
190199506004036,1
190199506004039,1
190199506004040,1
190199506004056,1
190199506001000,1
190199506001004,1
190199506001006,1
190199506001007,1
190199506001008,1
190199506001009,1
190199506001010,1
190199506001011,1
190199506001012,1
190199506001013,1
190199506001014,1
190199506001018,1
190199506001019,1
190199506001020,1
190199506001024,1
190199506001025,1
190199506001026,1
190199506001027,1
190199506001028,1
190199506001029,1
190199506001030,1
190199506001031,1
190199506001032,1
190199506001033,1
190199506001034,1
190199506001035,1
190199506001039,1
190199506001040,1
190199506001041,1
190199506001042,1
190199506001048,1
190199506001049,1
190199506001050,1
190199506001051,1
190199506001052,1
190199506001053,1
190199506001054,1
190199506001055,1
190199506001056,1
190199506001057,1
190199506001058,1
190199506001059,1
190199506001060,1
190199506001062,1
190199506001063,1
190199506001064,1
190199506001065,1
190199506001066,1
190199506001067,1
190199506001068,1
190199506001069,1
190199506001070,1
190199506001071,1
190199506001072,1
190199506001073,1
190199506001074,1
190199506001075,1
190199506001076,1
190199506001077,1
190199506001078,1
190199506001079,1
190199506001080,1
190199506001081,1
190199506001082,1
190199506001083,1
190199506001084,1
190199506001085,1
190199506001086,1
190199506001087,1
190199506001088,1
190199506001089,1
190199506001090,1
190199506001091,1
190199506001092,1
190199506001093,1
190199506001094,1
190199506001095,1
190199506001096,1
190199506001097,1
190199506001098,1
190199506001099,1
190199506001100,1
190199506001101,1
190199506001102,1
190199506001103,1
190199506001104,1
190199506001105,1
190199506001106,1
190199506001107,1
190199506001108,1
190199506001109,1
190199506001110,1
190199506001111,1
190199506001112,1
190199506001113,1
190199506001114,1
190199506001115,1
190199506001116,1
190199506001117,1
190199506001118,1
190199506001119,1
190199506001120,1
190199506001121,1
190199506001122,1
190199506001123,1
190199506001126,1
190199506001127,1
190199506001128,1
190199506001129,1
190199506001130,1
190199506001131,1
190199506001135,1
190199506001137,1
190199506002005,1
190199506002006,1
190199506002071,1
190199506002072,1
190199506003024,1
190199506003025,1
190199506003030,1
190199506001015,1
190199506001016,1
190199506001017,1
190199506002000,1
190199506002001,1
190199506002002,1
190199506002003,1
190199506002004,1
190199506002007,1
190199506002008,1
190199506002009,1
190199506002010,1
190199506002011,1
190199506002012,1
190199506002013,1
190199506002014,1
190199506002015,1
190199506002016,1
190199506002017,1
190199506002018,1
190199506002019,1
190199506002020,1
190199506002021,1
190199506002022,1
190199506002023,1
190199506002024,1
190199506002025,1
190199506002026,1
190199506002027,1
190199506002028,1
190199506002029,1
190199506002030,1
190199506002031,1
190199506002032,1
190199506002033,1
190199506002034,1
190199506002035,1
190199506002036,1
190199506002037,1
190199506002038,1
190199506002039,1
190199506002040,1
190199506002041,1
190199506002042,1
190199506002043,1
190199506002044,1
190199506002045,1
190199506002046,1
190199506002050,1
190199506002051,1
190199506002052,1
190199506002053,1
190199506002054,1
190199506002055,1
190199506002062,1
190199506002063,1
190199506001124,1
190199506001125,1
190199506001132,1
190199506001133,1
190199506001134,1
190199506002065,1
190199506002066,1
190199506002067,1
190199506002068,1
190199506002069,1
190199506002070,1
190199506002073,1
190199506002074,1
190199506002075,1
190199506002076,1
190199506002077,1
190199506002078,1
190199506002079,1
190199506002080,1
190199506002081,1
190199506002082,1
190199506002083,1
190199506002084,1
190199506002085,1
190199506002086,1
190199506002087,1
190199506002088,1
190199506002109,1
190199506002110,1
190199506002111,1
190199506002112,1
190199506002113,1
190199506002114,1
190199506002127,1
190199506002144,1
190199506002145,1
190199506002152,1
190199506002153,1
190199506002154,1
190199506002155,1
190199506002156,1
190199506002157,1
190199506002158,1
190199506002159,1
190199506002160,1
190199506002161,1
190199506002162,1
190199506002163,1
190199506002164,1
190199506002165,1
190199506002166,1
190199506002167,1
190199506002168,1
190199506002169,1
190199506002170,1
190199506002172,1
190199506002173,1
190199506002047,1
190199506002048,1
190199506002049,1
190199506002056,1
190199506002057,1
190199506002058,1
190199506002059,1
190199506002060,1
190199506002061,1
190199506002064,1
190199506002089,1
190199506002090,1
190199506002091,1
190199506002092,1
190199506002093,1
190199506002094,1
190199506002095,1
190199506002096,1
190199506002097,1
190199506002098,1
190199506002099,1
190199506002100,1
190199506002101,1
190199506002102,1
190199506002103,1
190199506002104,1
190199506002105,1
190199506002106,1
190199506002107,1
190199506002108,1
190199506002115,1
190199506002116,1
190199506002117,1
190199506002118,1
190199506002119,1
190199506002120,1
190199506002121,1
190199506002122,1
190199506002123,1
190199506002124,1
190199506002125,1
190199506002126,1
190199506002128,1
190199506002129,1
190199506002130,1
190199506002131,1
190199506002132,1
190199506002133,1
190199506002134,1
190199506002135,1
190199506002136,1
190199506002137,1
190199506002138,1
190199506002139,1
190199506002140,1
190199506002141,1
190199506002142,1
190199506002143,1
190199506002146,1
190199506002147,1
190199506002148,1
190199506002149,1
190199506002150,1
190199506002151,1
190199506002171,1
190199506003042,1
190199506003043,1
190199506003044,1
190199506003045,1
190199506003046,1
190199506003047,1
190199506003048,1
190199506003049,1
190199506003050,1
190199506003051,1
190199506003052,1
190199506003053,1
190199506003054,1
190199506003055,1
190199506003056,1
190199506003057,1
190199506003058,1
190199506003059,1
190199506003060,1
190199506003061,1
190199506003062,1
190199506003063,1
190199506003064,1
190199506003065,1
190199506003066,1
190199506003067,1
190199506003068,1
190199506003069,1
190199506003070,1
190199506003071,1
190199506003072,1
190199506003073,1
190199506003074,1
190199506003075,1
190199506003076,1
190199506003077,1
190199506003078,1
190199506003079,1
190199506003080,1
190199506003081,1
190199506003082,1
190199506003083,1
190199506003084,1
190199506003085,1
190199506003086,1
190199506003087,1
190199506003088,1
190199506003089,1
190199506003090,1
190199506003091,1
190199506003092,1
190199506003093,1
190199506003094,1
190199506003095,1
190199506003096,1
190199506003097,1
190199506004057,1
190199506004086,1
190199506004087,1
190199506004088,1
190199506004100,1
190199506004002,1
190199506004003,1
190199506004004,1
190199506004005,1
190199506004006,1
190199506004007,1
190199506004010,1
190199506004011,1
190199506004012,1
190199506004013,1
190199506004014,1
190199506004015,1
190199506004016,1
190199506004017,1
190199506004018,1
190199506004019,1
190199506004020,1
190199506004021,1
190199506004022,1
190199506004023,1
190199506004027,1
190199506004028,1
190199506004029,1
190199506004030,1
190199506004031,1
190199506004032,1
190199506004037,1
190199506004038,1
190199506004041,1
190199506004042,1
190199506004043,1
190199506004044,1
190199506004045,1
190199506004046,1
190199506004047,1
190199506004048,1
190199506004049,1
190199506004050,1
190199506004051,1
190199506004052,1
190199506004053,1
190199506004054,1
190199506004055,1
190199506004060,1
190199506004061,1
190199506004062,1
190199506004063,1
190199506004064,1
190199506004065,1
190199506004066,1
190199506004067,1
190199506004068,1
190199506004069,1
190199506004070,1
190199506004071,1
190199506004074,1
190199506004075,1
190199506004076,1
190199506004058,1
190199506004059,1
190199506004072,1
190199506004073,1
190199506004077,1
190199506004078,1
190199506004079,1
190199506004080,1
190199506004081,1
190199506004082,1
190199506004083,1
190199506004084,1
190199506004085,1
190199506004089,1
190199506004090,1
190199506004091,1
190199506004092,1
190199506004093,1
190199506004094,1
190199506004095,1
190199506004096,1
190199506004097,1
190199506004098,1
190199506004099,1
190199506004101,1
190199506004102,1
190199506004103,1
190199506004104,1
190199506004105,1
190199506004106,1
190199506004107,1
190199506004108,1
190199506004109,1
190199506004110,1
190199506004111,1
190199506004112,1
190199506004113,1
190199506004114,1
190199506004115,1
190199506004116,1
190199506004117,1
190199506004118,1
190199506004119,1
190199506004120,1
190199506004121,1
190199506004122,1
190199506004123,1
190199506004124,1
190199506004125,1
190199506004126,1
190199506004127,1
190199506004128,1
190199506004129,1
190199506004130,1
190199506004131,1
190199506004132,1
190199506004133,1
190199506004134,1
190199506004135,1
190199506004136,1
190199506004137,1
190199506004138,1
190199506004139,1
190199506004140,1
190199506004141,1
190199506004142,1
190199506004143,1
190199506004144,1
190199506004145,1
190199506004146,1
190199506004147,1
190199506004148,1
190199506004149,1
190199506004150,1
190199506004151,1
190199506004152,1
190199506004153,1
190199506004154,1
190199506004155,1
190199506004156,1
190199506004157,1
190199506004158,1
190199506004159,1
190199506004160,1
190199506004161,1
190199506004162,1
190199506004163,1
190199506004164,1
190199506004165,1
190199506004166,1
190199506004167,1
190199506004168,1
190199506004169,1
190199506004170,1
190199506004171,1
190199506004172,1
190199506004173,1
190199506004174,1
190199506004175,1
190199506004176,1
190199506004177,1
190199506004178,1
190199506004179,1
190199506004180,1
190199506004181,1
190199506004182,1
190199506004183,1
190199506004184,1
190219601001000,4
190219601001001,4
190219601001002,4
190219601001003,4
190219601001004,4
190219601001005,4
190219601001006,4
190219601001019,4
190219601001020,4
190219601001024,4
190219601001025,4
190219601001026,4
190219601001027,4
190219601001028,4
190219601001029,4
190219601001030,4
190219601001031,4
190219601001032,4
190219601001033,4
190219601001034,4
190219601001035,4
190219601001036,4
190219601001037,4
190219601001038,4
190219601001039,4
190219601001040,4
190219601001041,4
190219601001042,4
190219601001043,4
190219601001044,4
190219601001051,4
190219601001052,4
190219601001053,4
190219601001054,4
190219601001055,4
190219601001056,4
190219601001057,4
190219601001058,4
190219601001059,4
190219601001060,4
190219601001061,4
190219601001062,4
190219601001063,4
190219601001064,4
190219601001065,4
190219601001066,4
190219601001067,4
190219601001068,4
190219601001069,4
190219601001070,4
190219601001071,4
190219601001072,4
190219601001073,4
190219601001074,4
190219601001075,4
190219601001076,4
190219601001077,4
190219601001078,4
190219601001079,4
190219601001080,4
190219601001081,4
190219601001082,4
190219601001083,4
190219601001084,4
190219601001085,4
190219601001117,4
190219601001118,4
190219601001119,4
190219601001120,4
190219601001121,4
190219601001122,4
190219601001123,4
190219601001124,4
190219601001136,4
190219601001137,4
190219601001138,4
190219601001139,4
190219601001140,4
190219601001141,4
190219601001142,4
190219601001143,4
190219601001144,4
190219601001151,4
190219601001007,4
190219601001008,4
190219601001009,4
190219601001010,4
190219601001011,4
190219601001012,4
190219601001013,4
190219601001014,4
190219601001015,4
190219601001016,4
190219601001017,4
190219601001018,4
190219601001021,4
190219601001022,4
190219601001023,4
190219601001045,4
190219601001046,4
190219601001047,4
190219601001048,4
190219601001049,4
190219601001050,4
190219601001086,4
190219601001087,4
190219601001088,4
190219601001089,4
190219601001090,4
190219601001091,4
190219601001092,4
190219601001093,4
190219601001094,4
190219601001095,4
190219601001096,4
190219601001097,4
190219601001099,4
190219601001100,4
190219601001101,4
190219601001102,4
190219601001103,4
190219601001104,4
190219601001204,4
190219601001205,4
190219602002000,4
190219602002001,4
190219602002002,4
190219602002038,4
190219602002055,4
190219602002063,4
190219602002069,4
190219602002070,4
190219602002071,4
190219602002072,4
190219601001098,4
190219601001105,4
190219601001106,4
190219601001107,4
190219601001108,4
190219601001109,4
190219601001110,4
190219601001111,4
190219601001112,4
190219601001113,4
190219601001128,4
190219601001129,4
190219601001160,4
190219601001161,4
190219601001162,4
190219601001163,4
190219601001164,4
190219601001165,4
190219601001170,4
190219601001171,4
190219601001172,4
190219601001173,4
190219601001174,4
190219601001175,4
190219601001176,4
190219601001177,4
190219601001178,4
190219601001179,4
190219601001180,4
190219601001181,4
190219601001182,4
190219601001183,4
190219601001184,4
190219601001185,4
190219601001186,4
190219601001187,4
190219601001188,4
190219601001189,4
190219601001196,4
190219601001197,4
190219601001198,4
190219601001199,4
190219601001200,4
190219601001201,4
190219601001202,4
190219603001008,4
190219603001009,4
190219603001010,4
190219603001011,4
190219603001012,4
190219603001013,4
190219603001014,4
190219603001015,4
190219603001016,4
190219601001114,4
190219601001115,4
190219601001116,4
190219601001125,4
190219601001126,4
190219601001127,4
190219601001130,4
190219601001131,4
190219601001132,4
190219601001133,4
190219601001134,4
190219601001135,4
190219601001145,4
190219601001146,4
190219601001147,4
190219601001148,4
190219601001149,4
190219601001150,4
190219601001152,4
190219601001153,4
190219601001154,4
190219601001155,4
190219601001156,4
190219601001157,4
190219601001158,4
190219601001159,4
190219601001166,4
190219601001167,4
190219601001168,4
190219601001169,4
190219601001190,4
190219601001191,4
190219601001192,4
190219601001193,4
190219601001194,4
190219601001195,4
190219601001203,4
190219601001206,4
190219601002000,4
190219601002001,4
190219601002002,4
190219601002003,4
190219601002004,4
190219601002005,4
190219601002006,4
190219601002007,4
190219601002008,4
190219601002009,4
190219601002010,4
190219601002011,4
190219601002012,4
190219601002013,4
190219601002014,4
190219601002015,4
190219601002016,4
190219601002017,4
190219601002018,4
190219601002019,4
190219601002020,4
190219601002021,4
190219601002022,4
190219601002023,4
190219601002024,4
190219601002025,4
190219601002026,4
190219601002027,4
190219601002028,4
190219601002029,4
190219601002030,4
190219601002031,4
190219601002032,4
190219601002033,4
190219601002034,4
190219601002035,4
190219601002036,4
190219601002037,4
190219601002038,4
190219601002039,4
190219601002040,4
190219601002041,4
190219601002042,4
190219601002043,4
190219601002044,4
190219601002045,4
190219601002046,4
190219601002047,4
190219601002048,4
190219601002049,4
190219601002050,4
190219601002051,4
190219601002052,4
190219601002053,4
190219601002054,4
190219601002055,4
190219603001000,4
190219603001001,4
190219603001002,4
190219603001003,4
190219603001004,4
190219603001005,4
190219603001006,4
190219603001007,4
190219602001000,4
190219602001001,4
190219602001002,4
190219602001003,4
190219602001004,4
190219602001005,4
190219602001006,4
190219602001007,4
190219602001008,4
190219602001009,4
190219602001011,4
190219602001012,4
190219602001013,4
190219602001014,4
190219602001015,4
190219602001016,4
190219602001017,4
190219602001018,4
190219602001019,4
190219602001020,4
190219602001021,4
190219602001022,4
190219602001023,4
190219602001024,4
190219602001025,4
190219602001041,4
190219602001042,4
190219602001043,4
190219602001044,4
190219602001045,4
190219602001046,4
190219602001047,4
190219602001048,4
190219602001049,4
190219602001050,4
190219602001051,4
190219602001052,4
190219602001053,4
190219602001054,4
190219602001055,4
190219602001056,4
190219602001057,4
190219602001058,4
190219602001059,4
190219602001060,4
190219602001061,4
190219602001062,4
190219602001063,4
190219602001064,4
190219602001065,4
190219602001066,4
190219602001071,4
190219602001073,4
190219602001074,4
190219602001081,4
190219602001082,4
190219602001083,4
190219602001084,4
190219602001085,4
190219602001086,4
190219602001087,4
190219602001088,4
190219602001089,4
190219602001151,4
190219602001152,4
190219602001153,4
190219602001154,4
190219602001157,4
190219602001158,4
190219602001161,4
190219602001206,4
190219602001207,4
190219602001208,4
190219602001209,4
190219602001210,4
190219602001211,4
190219602001212,4
190219602001213,4
190219602001214,4
190219602002003,4
190219602002004,4
190219602002005,4
190219602002006,4
190219602002013,4
190219602002064,4
190219602002065,4
190219602002066,4
190219602002067,4
190219602002068,4
190219602001010,4
190219602001026,4
190219602001027,4
190219602001028,4
190219602001029,4
190219602001030,4
190219602001031,4
190219602001032,4
190219602001033,4
190219602001034,4
190219602001035,4
190219602001036,4
190219602001037,4
190219602001038,4
190219602001039,4
190219602001040,4
190219602001090,4
190219602001091,4
190219602001092,4
190219602001093,4
190219602001094,4
190219602001095,4
190219602001096,4
190219602001097,4
190219602001098,4
190219602001099,4
190219602001100,4
190219602001101,4
190219602001102,4
190219602001103,4
190219602001104,4
190219602001105,4
190219602001106,4
190219602001107,4
190219602001108,4
190219602001109,4
190219602001110,4
190219602001114,4
190219602001115,4
190219602001116,4
190219602001131,4
190219602001132,4
190219602001133,4
190219602001067,4
190219602001068,4
190219602001069,4
190219602001070,4
190219602001201,4
190219602001202,4
190219602001203,4
190219602001216,4
190219602001072,4
190219602001075,4
190219602001076,4
190219602001077,4
190219602001078,4
190219602001079,4
190219602001080,4
190219602001149,4
190219602001150,4
190219602001155,4
190219602001156,4
190219602001159,4
190219602001160,4
190219602001162,4
190219602001163,4
190219602001164,4
190219602001165,4
190219602001166,4
190219602001167,4
190219602001168,4
190219602001169,4
190219602001170,4
190219602001171,4
190219602001172,4
190219602001173,4
190219602001174,4
190219602001175,4
190219602001176,4
190219602001177,4
190219602001179,4
190219602001180,4
190219602001181,4
190219602001182,4
190219602001183,4
190219602001184,4
190219602001185,4
190219602001186,4
190219602001187,4
190219602001188,4
190219602001189,4
190219602001190,4
190219602001191,4
190219602001199,4
190219602001200,4
190219602001204,4
190219602001205,4
190219602001215,4
190219606003000,4
190219606003001,4
190219606003002,4
190219606003003,4
190219606003004,4
190219606003005,4
190219606003006,4
190219606003007,4
190219606003018,4
190219606003019,4
190219602001111,4
190219602001112,4
190219602001113,4
190219602001117,4
190219602001118,4
190219602001119,4
190219602001120,4
190219602001121,4
190219602001122,4
190219602001123,4
190219602001124,4
190219602001125,4
190219602001126,4
190219602001127,4
190219602001128,4
190219602001129,4
190219602001130,4
190219602001134,4
190219602001135,4
190219602001136,4
190219602001137,4
190219602001138,4
190219602001139,4
190219602001140,4
190219602001141,4
190219602001142,4
190219602001143,4
190219602001144,4
190219602001145,4
190219602001146,4
190219602001147,4
190219602001148,4
190219602001178,4
190219602001192,4
190219602001193,4
190219602001194,4
190219602001195,4
190219602001196,4
190219602001197,4
190219602001198,4
190219606003008,4
190219606003009,4
190219606003010,4
190219606003011,4
190219606003012,4
190219606003013,4
190219606003014,4
190219606003015,4
190219606003016,4
190219606003017,4
190219602002007,4
190219602002008,4
190219602002009,4
190219602002010,4
190219602002011,4
190219602002012,4
190219602002014,4
190219602002015,4
190219602002016,4
190219602002017,4
190219602002018,4
190219602002019,4
190219602002020,4
190219602002021,4
190219602002022,4
190219602002023,4
190219602002024,4
190219602002025,4
190219602002026,4
190219602002027,4
190219602002028,4
190219602002029,4
190219602002030,4
190219602002031,4
190219602002032,4
190219602002033,4
190219602002034,4
190219602002035,4
190219602002036,4
190219602002037,4
190219602002039,4
190219602002040,4
190219602002041,4
190219602002042,4
190219602002043,4
190219602002044,4
190219602002045,4
190219602002046,4
190219602002047,4
190219602002048,4
190219602002049,4
190219602002050,4
190219602002051,4
190219602002052,4
190219602002053,4
190219602002054,4
190219602002056,4
190219602002057,4
190219602002058,4
190219602002059,4
190219602002060,4
190219602002061,4
190219602002062,4
190219602002073,4
190219603001017,4
190219603001018,4
190219603001019,4
190219603001020,4
190219603001021,4
190219603001022,4
190219603001023,4
190219603001032,4
190219603001033,4
190219603001034,4
190219603001035,4
190219603001047,4
190219603001048,4
190219603001049,4
190219603001050,4
190219603001051,4
190219603001052,4
190219603001053,4
190219603001054,4
190219603001055,4
190219603001056,4
190219603001057,4
190219603001058,4
190219603001059,4
190219603001060,4
190219603001061,4
190219603001062,4
190219603001063,4
190219603001064,4
190219603001065,4
190219603001078,4
190219603001079,4
190219603001080,4
190219603001081,4
190219603001082,4
190219603001083,4
190219603001084,4
190219603001085,4
190219603001086,4
190219603001087,4
190219603001088,4
190219603001089,4
190219603001090,4
190219603001091,4
190219603001092,4
190219603001093,4
190219603001094,4
190219603001095,4
190219603001096,4
190219603001119,4
190219603001120,4
190219603001121,4
190219603001124,4
190219603001125,4
190219603001126,4
190219603001127,4
190219603001128,4
190219603001129,4
190219603001130,4
190219603001131,4
190219603001132,4
190219603001133,4
190219603001137,4
190219603001142,4
190219603001143,4
190219603001144,4
190219603001214,4
190219603001024,4
190219603001025,4
190219603001026,4
190219603001027,4
190219603001028,4
190219603001029,4
190219603001030,4
190219603001031,4
190219603001036,4
190219603001037,4
190219603001038,4
190219603001039,4
190219603001040,4
190219603001041,4
190219603001042,4
190219603001043,4
190219603001044,4
190219603001045,4
190219603001046,4
190219603001066,4
190219603001067,4
190219603001068,4
190219603001069,4
190219603001070,4
190219603001071,4
190219603001072,4
190219603001073,4
190219603001074,4
190219603001075,4
190219603001076,4
190219603001077,4
190219603001097,4
190219603001098,4
190219603001099,4
190219603001100,4
190219603001101,4
190219603001102,4
190219603001103,4
190219603001104,4
190219603001105,4
190219603001106,4
190219603001107,4
190219603001108,4
190219603001112,4
190219603001113,4
190219603001114,4
190219603001117,4
190219603001118,4
190219603001123,4
190219603001109,4
190219603001110,4
190219603001111,4
190219603001115,4
190219603001116,4
190219603001122,4
190219603001156,4
190219603001157,4
190219603001158,4
190219603001159,4
190219603001194,4
190219603001196,4
190219603001197,4
190219603001198,4
190219603001199,4
190219603001216,4
190219603002000,4
190219603002001,4
190219603002002,4
190219603002003,4
190219603002004,4
190219603002005,4
190219603002006,4
190219603002007,4
190219603002008,4
190219603002009,4
190219603002010,4
190219603002011,4
190219603002012,4
190219603002013,4
190219603002014,4
190219603002015,4
190219603002016,4
190219603002017,4
190219603002018,4
190219603002019,4
190219603002020,4
190219603002021,4
190219603002022,4
190219603002023,4
190219603002024,4
190219603002025,4
190219603002026,4
190219603002027,4
190219603002028,4
190219603002029,4
190219603002030,4
190219603002031,4
190219603002032,4
190219603002033,4
190219603002034,4
190219603002035,4
190219603002036,4
190219603002037,4
190219603002038,4
190219603002039,4
190219603002040,4
190219603002041,4
190219603002042,4
190219603002043,4
190219603002044,4
190219603002045,4
190219603002046,4
190219603002047,4
190219603002048,4
190219603002049,4
190219603002050,4
190219603002051,4
190219603002052,4
190219603002053,4
190219603002054,4
190219603002055,4
190219603002056,4
190219603002057,4
190219603002058,4
190219603002059,4
190219603002060,4
190219603002061,4
190219603002062,4
190219603002063,4
190219603002064,4
190219603002065,4
190219603002066,4
190219603002067,4
190219603002068,4
190219603002069,4
190219603002070,4
190219603002071,4
190219603002072,4
190219603002073,4
190219603002074,4
190219603002075,4
190219603002076,4
190219603002077,4
190219603001134,4
190219603001135,4
190219603001136,4
190219603001138,4
190219603001139,4
190219603001140,4
190219603001141,4
190219603001145,4
190219603001146,4
190219603001147,4
190219603001148,4
190219603001149,4
190219603001150,4
190219603001151,4
190219603001152,4
190219603001153,4
190219603001154,4
190219603001155,4
190219603001160,4
190219603001161,4
190219603001162,4
190219603001163,4
190219603001164,4
190219603001165,4
190219603001166,4
190219603001167,4
190219603001168,4
190219603001169,4
190219603001170,4
190219603001171,4
190219603001172,4
190219603001173,4
190219603001174,4
190219603001175,4
190219603001176,4
190219603001177,4
190219603001178,4
190219603001179,4
190219603001180,4
190219603001181,4
190219603001182,4
190219603001183,4
190219603001184,4
190219603001185,4
190219603001186,4
190219603001187,4
190219603001188,4
190219603001189,4
190219603001190,4
190219603001191,4
190219603001192,4
190219603001193,4
190219603001195,4
190219603001200,4
190219603001201,4
190219603001202,4
190219603001203,4
190219603001204,4
190219603001205,4
190219603001206,4
190219603001207,4
190219603001208,4
190219603001209,4
190219603001210,4
190219603001211,4
190219603001212,4
190219603001213,4
190219603001215,4
190219603001217,4
190219604001000,4
190219604001001,4
190219604001002,4
190219604001003,4
190219604001009,4
190219604001010,4
190219604001011,4
190219604001012,4
190219605001000,4
190219605001001,4
190219605001002,4
190219605001003,4
190219605001004,4
190219605001005,4
190219605001006,4
190219605001007,4
190219605001008,4
190219605001010,4
190219605001025,4
190219605002001,4
190219605002002,4
190219605002003,4
190219605002004,4
190219605002005,4
190219605002006,4
190219605002007,4
190219605003000,4
190219606001014,4
190219606003020,4
190219606003029,4
190219606003030,4
190219606003031,4
190219606003032,4
190219606003033,4
190219606003034,4
190219606003035,4
190219606003036,4
190219606003037,4
190219606003038,4
190219606003039,4
190219606003040,4
190219606003041,4
190219606003042,4
190219606003043,4
190219606003044,4
190219606003045,4
190219606003046,4
190219606003047,4
190219606003048,4
190219606003049,4
190219606003050,4
190219606003051,4
190219606003052,4
190219606003053,4
190219606003054,4
190219606003055,4
190219606003056,4
190219606003100,4
190219606003105,4
190219606003106,4
190219606003113,4
190219606003114,4
190219606003115,4
190219606003116,4
190219606003117,4
190219606003118,4
190219606003119,4
190219606003120,4
190219606003121,4
190219606003122,4
190219606003123,4
190219606003124,4
190219606003125,4
190219606003126,4
190219606003127,4
190219606003128,4
190219606003129,4
190219606003130,4
190219606003132,4
190219606003134,4
190219604001004,4
190219604001005,4
190219604001006,4
190219604001007,4
190219604001008,4
190219604001013,4
190219604001014,4
190219604001015,4
190219604001016,4
190219604001017,4
190219604001018,4
190219604001019,4
190219604001020,4
190219604001021,4
190219604001022,4
190219604001023,4
190219604001024,4
190219604001025,4
190219604001026,4
190219604001027,4
190219604001028,4
190219604001029,4
190219604001030,4
190219604001031,4
190219604001032,4
190219604001033,4
190219604001034,4
190219604001035,4
190219604001036,4
190219604001037,4
190219604001038,4
190219604001039,4
190219604001040,4
190219604001041,4
190219604001042,4
190219604001043,4
190219604001044,4
190219604001045,4
190219604002000,4
190219604002001,4
190219604002002,4
190219604002003,4
190219604002004,4
190219604002005,4
190219604002006,4
190219604002007,4
190219604002008,4
190219604002009,4
190219604002010,4
190219604002011,4
190219604002012,4
190219604002013,4
190219604002014,4
190219604002015,4
190219604002016,4
190219604002017,4
190219604002018,4
190219604002019,4
190219604002020,4
190219604002021,4
190219604002022,4
190219604002023,4
190219604002024,4
190219604002025,4
190219604002026,4
190219604002027,4
190219604002028,4
190219604002029,4
190219604002030,4
190219604002031,4
190219604002032,4
190219604002033,4
190219604002034,4
190219604002035,4
190219604002036,4
190219604002037,4
190219604002038,4
190219604002039,4
190219604002040,4
190219604002071,4
190219604002072,4
190219604002073,4
190219604002074,4
190219604003000,4
190219604003001,4
190219604003002,4
190219604003003,4
190219604003004,4
190219604003005,4
190219604003006,4
190219604003007,4
190219604003008,4
190219604003009,4
190219604003010,4
190219604003011,4
190219604003012,4
190219604003013,4
190219604003014,4
190219604003015,4
190219604003016,4
190219604003017,4
190219604003018,4
190219604003019,4
190219604003020,4
190219604003021,4
190219604003022,4
190219604003023,4
190219604003024,4
190219604003025,4
190219604003026,4
190219604003027,4
190219604003028,4
190219604003029,4
190219604003030,4
190219604003031,4
190219604003032,4
190219604003033,4
190219604003034,4
190219604003035,4
190219604003036,4
190219604003037,4
190219604003038,4
190219604003039,4
190219604003040,4
190219604003041,4
190219604003042,4
190219604003043,4
190219604003044,4
190219604003045,4
190219604003046,4
190219605001009,4
190219605001011,4
190219605001012,4
190219605001013,4
190219605001014,4
190219605001015,4
190219605001016,4
190219605001017,4
190219605001018,4
190219605001019,4
190219605001020,4
190219605001021,4
190219605001022,4
190219605001023,4
190219605001024,4
190219605001026,4
190219605001027,4
190219605001028,4
190219605001029,4
190219605001030,4
190219605001031,4
190219605001032,4
190219605001033,4
190219605001034,4
190219605001035,4
190219605001036,4
190219605001037,4
190219605001038,4
190219605001039,4
190219605001040,4
190219605001041,4
190219605001042,4
190219605001043,4
190219605001044,4
190219605001045,4
190219605001046,4
190219605001048,4
190219605001049,4
190219605001050,4
190219605002000,4
190219605002008,4
190219605002009,4
190219605002010,4
190219605002011,4
190219605002012,4
190219605002013,4
190219605002014,4
190219605002015,4
190219605002016,4
190219605002017,4
190219605002018,4
190219605002019,4
190219605002022,4
190219605002023,4
190219605002024,4
190219605002025,4
190219605003001,4
190219605003002,4
190219605003003,4
190219605003004,4
190219605003005,4
190219605003006,4
190219605003007,4
190219605003008,4
190219605003009,4
190219605003010,4
190219605003011,4
190219605003012,4
190219605003013,4
190219605003014,4
190219605003015,4
190219605003016,4
190219605003017,4
190219605003018,4
190219605003019,4
190219605003020,4
190219605003021,4
190219605003022,4
190219605003023,4
190219605003024,4
190219605003025,4
190219605003026,4
190219605003027,4
190219605003028,4
190219605003029,4
190219605003030,4
190219605003031,4
190219605003032,4
190219605003033,4
190219605003034,4
190219605003035,4
190219605003036,4
190219605004000,4
190219605004001,4
190219605004002,4
190219605004003,4
190219605004004,4
190219605004005,4
190219605004006,4
190219605004007,4
190219605004008,4
190219605004009,4
190219605004010,4
190219605004011,4
190219605004012,4
190219605004013,4
190219605004014,4
190219605004015,4
190219605004016,4
190219605004017,4
190219605004018,4
190219605004019,4
190219605004020,4
190219605004021,4
190219605004022,4
190219605004023,4
190219606001013,4
190219606001015,4
190219606001017,4
190219606001018,4
190219606001019,4
190219606001020,4
190219606001021,4
190219606001022,4
190219606001023,4
190219606001028,4
190219606001118,4
190219604002041,4
190219604002042,4
190219604002046,4
190219604002047,4
190219604002057,4
190219604002061,4
190219604002063,4
190219604002064,4
190219604002065,4
190219604002066,4
190219604002067,4
190219604002068,4
190219604002069,4
190219604002070,4
190219604002075,4
190219604003047,4
190219605001047,4
190219605002020,4
190219605002021,4
190219605002026,4
190219605004024,4
190219606001010,4
190219606001011,4
190219606001012,4
190219606001016,4
190219606001024,4
190219606001025,4
190219606001026,4
190219606001027,4
190219606001029,4
190219606001030,4
190219606001031,4
190219606001032,4
190219606001033,4
190219606001034,4
190219606001035,4
190219606001036,4
190219606001037,4
190219606001080,4
190219606001081,4
190219606001091,4
190219606001093,4
190219606001094,4
190219606001095,4
190219606001099,4
190219606001106,4
190219606001107,4
190219606001108,4
190219606001109,4
190219606001110,4
190219606001111,4
190219606001112,4
190219606001113,4
190219606001114,4
190219606001119,4
190219604002043,4
190219604002044,4
190219604002045,4
190219604002048,4
190219604002049,4
190219604002050,4
190219604002051,4
190219604002052,4
190219604002053,4
190219604002054,4
190219604002055,4
190219604002056,4
190219604002058,4
190219604002059,4
190219604002060,4
190219604002062,4
190219606001000,4
190219606001001,4
190219606001002,4
190219606001003,4
190219606001004,4
190219606001005,4
190219606001006,4
190219606002000,4
190219606002001,4
190219606002002,4
190219606002003,4
190219606002004,4
190219606002005,4
190219606002006,4
190219606002007,4
190219606002008,4
190219606002009,4
190219606002010,4
190219606002011,4
190219606002012,4
190219606002013,4
190219606002014,4
190219606002015,4
190219606002016,4
190219606002017,4
190219606002018,4
190219606002019,4
190219606002020,4
190219606002021,4
190219606002022,4
190219606002023,4
190219606002024,4
190219606002025,4
190219606002026,4
190219606002027,4
190219606002028,4
190219606002029,4
190219606002030,4
190219606002031,4
190219606002032,4
190219606002033,4
190219606002034,4
190219606002035,4
190219606002036,4
190219606002037,4
190219606002038,4
190219606002039,4
190219606002040,4
190219606002041,4
190219606002042,4
190219606002043,4
190219606002044,4
190219606002045,4
190219606002046,4
190219606002047,4
190219606002048,4
190219606002049,4
190219606002050,4
190219606002051,4
190219606002052,4
190219606002053,4
190219606002054,4
190219606002055,4
190219606002056,4
190219606002057,4
190219606002058,4
190219606002059,4
190219606002060,4
190219606002061,4
190219606003021,4
190219606003022,4
190219606003023,4
190219606003024,4
190219606003025,4
190219606003026,4
190219606003027,4
190219606003028,4
190219606003057,4
190219606003058,4
190219606003059,4
190219606003060,4
190219606003061,4
190219606003062,4
190219606003063,4
190219606003064,4
190219606003065,4
190219606003066,4
190219606003067,4
190219606003068,4
190219606003069,4
190219606003070,4
190219606003071,4
190219606003072,4
190219606003073,4
190219606003074,4
190219606003075,4
190219606003076,4
190219606003077,4
190219606003078,4
190219606003079,4
190219606003080,4
190219606003081,4
190219606003082,4
190219606003083,4
190219606003084,4
190219606003085,4
190219606003086,4
190219606003087,4
190219606003088,4
190219606003089,4
190219606003090,4
190219606003091,4
190219606003092,4
190219606003093,4
190219606003094,4
190219606003095,4
190219606003096,4
190219606003097,4
190219606003098,4
190219606003099,4
190219606003101,4
190219606003102,4
190219606003103,4
190219606003104,4
190219606003107,4
190219606003108,4
190219606003109,4
190219606003110,4
190219606003111,4
190219606003112,4
190219606003131,4
190219606003133,4
190219606001007,4
190219606001008,4
190219606001009,4
190219606001038,4
190219606001039,4
190219606001040,4
190219606001041,4
190219606001042,4
190219606001043,4
190219606001044,4
190219606001045,4
190219606001046,4
190219606001047,4
190219606001048,4
190219606001049,4
190219606001050,4
190219606001051,4
190219606001052,4
190219606001053,4
190219606001054,4
190219606001055,4
190219606001056,4
190219606001057,4
190219606001058,4
190219606001059,4
190219606001060,4
190219606001061,4
190219606001062,4
190219606001063,4
190219606001064,4
190219606001065,4
190219606001066,4
190219606001067,4
190219606001068,4
190219606001069,4
190219606001070,4
190219606001071,4
190219606001072,4
190219606001073,4
190219606001074,4
190219606001075,4
190219606001076,4
190219606001077,4
190219606001078,4
190219606001079,4
190219606001082,4
190219606001083,4
190219606001084,4
190219606001085,4
190219606001086,4
190219606001087,4
190219606001088,4
190219606001089,4
190219606001090,4
190219606001092,4
190219606001096,4
190219606001097,4
190219606001098,4
190219606001100,4
190219606001101,4
190219606001102,4
190219606001103,4
190219606001104,4
190219606001105,4
190219606001115,4
190219606001116,4
190219606001117,4
190230701001000,4
190230701001001,4
190230701001004,4
190230701001082,4
190230701001083,4
190230701001084,4
190230701001085,4
190230701001131,4
190230701001132,4
190230701001133,4
190230701001134,4
190230701001135,4
190230701001136,4
190230701001137,4
190230701001145,4
190230701001146,4
190230701002122,4
190230701002123,4
190230701002124,4
190230701002125,4
190230701002126,4
190230701002129,4
190230701002130,4
190230701002131,4
190230701002132,4
190230701002133,4
190230701002134,4
190230701002135,4
190230701002136,4
190230701002137,4
190230701002138,4
190230701002139,4
190230701002140,4
190230701002141,4
190230701002142,4
190230701002143,4
190230701002144,4
190230701002145,4
190230701002146,4
190230701002147,4
190230701002148,4
190230701002149,4
190230701002150,4
190230701002151,4
190230701002152,4
190230701002153,4
190230701002154,4
190230701002155,4
190230701002156,4
190230701002157,4
190230701002158,4
190230701002159,4
190230701002160,4
190230701002161,4
190230701002162,4
190230701002163,4
190230701002164,4
190230701002165,4
190230701002166,4
190230701002167,4
190230701002168,4
190230701002169,4
190230701002175,4
190230701002176,4
190230701002177,4
190230701002178,4
190230701002179,4
190230701002180,4
190230701002181,4
190230701002182,4
190230701002183,4
190230701002184,4
190230701002185,4
190230701002186,4
190230701002187,4
190230701002188,4
190230701002189,4
190230701002190,4
190230701002191,4
190230701002192,4
190230701002193,4
190230701002194,4
190230701002195,4
190230701002196,4
190230701002197,4
190230701002203,4
190230705001000,4
190230705001017,4
190230701001002,4
190230701001003,4
190230701001006,4
190230701001007,4
190230701001008,4
190230701001009,4
190230701001010,4
190230701001011,4
190230701001012,4
190230701001013,4
190230701001014,4
190230701001015,4
190230701001016,4
190230701001017,4
190230701001018,4
190230701001019,4
190230701001020,4
190230701001021,4
190230701001022,4
190230701001023,4
190230701001024,4
190230701001025,4
190230701001037,4
190230701001038,4
190230701001039,4
190230701001040,4
190230701001041,4
190230701001042,4
190230701001043,4
190230701001044,4
190230701001045,4
190230701001046,4
190230701001047,4
190230701001048,4
190230701001049,4
190230701001050,4
190230701001051,4
190230701001052,4
190230701001053,4
190230701001054,4
190230701001055,4
190230701001056,4
190230701001057,4
190230701001058,4
190230701001059,4
190230701001060,4
190230701001061,4
190230701001062,4
190230701001063,4
190230701001064,4
190230701001065,4
190230701001066,4
190230701001067,4
190230701001068,4
190230701001069,4
190230701001070,4
190230701001071,4
190230701001072,4
190230701001073,4
190230701001074,4
190230701001075,4
190230701001076,4
190230701001077,4
190230701001078,4
190230701001079,4
190230701001080,4
190230701001081,4
190230701001086,4
190230701001087,4
190230701001088,4
190230701001089,4
190230701001090,4
190230701001091,4
190230701001092,4
190230701001093,4
190230701001094,4
190230701001095,4
190230701001096,4
190230701001097,4
190230701001098,4
190230701001099,4
190230701001100,4
190230701001101,4
190230701001102,4
190230701001103,4
190230701001104,4
190230701001105,4
190230701001106,4
190230701001107,4
190230701001108,4
190230701001109,4
190230701001110,4
190230701001111,4
190230701001112,4
190230701001113,4
190230701001114,4
190230701001115,4
190230701001116,4
190230701001123,4
190230701001153,4
190230701001154,4
190230701001005,4
190230701001026,4
190230701001027,4
190230701001028,4
190230701001029,4
190230701001030,4
190230701001031,4
190230701001032,4
190230701001033,4
190230701001034,4
190230701001035,4
190230701001036,4
190230701001117,4
190230701001118,4
190230701001119,4
190230701001120,4
190230701001121,4
190230701001122,4
190230701001124,4
190230701001125,4
190230701001126,4
190230701001127,4
190230701001128,4
190230701001129,4
190230701001130,4
190230701001138,4
190230701001139,4
190230701001140,4
190230701001141,4
190230701001142,4
190230701001143,4
190230701001144,4
190230701001147,4
190230701001148,4
190230701001152,4
190230701001158,4
190230701002090,4
190230701002091,4
190230701002092,4
190230701002093,4
190230701002094,4
190230701002095,4
190230701002096,4
190230701002097,4
190230701002098,4
190230701002099,4
190230701002100,4
190230701002101,4
190230701002102,4
190230701002103,4
190230701002104,4
190230701002198,4
190230701002199,4
190230701002200,4
190230701002202,4
190230701002204,4
190230701002206,4
190230703001053,4
190230703001054,4
190230703001064,4
190230703001065,4
190230703001067,4
190230703001068,4
190230703001075,4
190230703001155,4
190230701001149,4
190230701001150,4
190230701001151,4
190230701001155,4
190230701001156,4
190230701001157,4
190230701001159,4
190230701001160,4
190230701001161,4
190230701001162,4
190230701001163,4
190230701001164,4
190230701001165,4
190230701001166,4
190230701001167,4
190230701001168,4
190230701001169,4
190230701001170,4
190230701001171,4
190230701001172,4
190230701001173,4
190230701001174,4
190230701001175,4
190230701001176,4
190230701001192,4
190230701001193,4
190230701001194,4
190230701001195,4
190230701001196,4
190230701001197,4
190230701001198,4
190230701001199,4
190230701001200,4
190230701001201,4
190230701001202,4
190230701001203,4
190230701001204,4
190230701001205,4
190230701001206,4
190230701001207,4
190230704001006,4
190230705002014,4
190230705002015,4
190230701001177,4
190230701001178,4
190230701001179,4
190230701001180,4
190230701001181,4
190230701001182,4
190230701001183,4
190230701001184,4
190230701001185,4
190230701001186,4
190230701001187,4
190230701001188,4
190230701001189,4
190230701001190,4
190230701001191,4
190230702001002,4
190230702001003,4
190230702001004,4
190230702001039,4
190230702001040,4
190230702001041,4
190230702001071,4
190230702001072,4
190230702001128,4
190230703001147,4
190230703001148,4
190230703001149,4
190230703001157,4
190230703001158,4
190230704001007,4
190230704001008,4
190230704001009,4
190230704001010,4
190230704001029,4
190230701002000,4
190230701002001,4
190230701002002,4
190230701002003,4
190230701002004,4
190230701002005,4
190230701002006,4
190230701002020,4
190230701002021,4
190230701002022,4
190230701002023,4
190230701002024,4
190230701002025,4
190230701002026,4
190230701002027,4
190230701002028,4
190230701002029,4
190230701002030,4
190230701002031,4
190230701002032,4
190230701002033,4
190230701002034,4
190230701002035,4
190230701002036,4
190230701002037,4
190230701002038,4
190230701002039,4
190230701002040,4
190230701002041,4
190230701002042,4
190230701002043,4
190230701002044,4
190230701002045,4
190230701002046,4
190230701002069,4
190230701002070,4
190230701002108,4
190230701002109,4
190230701002110,4
190230701002111,4
190230701002112,4
190230701002113,4
190230701002114,4
190230701002115,4
190230701002116,4
190230701002117,4
190230701002118,4
190230701002119,4
190230701002120,4
190230701002121,4
190230701002127,4
190230701002128,4
190230701002007,4
190230701002008,4
190230701002009,4
190230701002010,4
190230701002011,4
190230701002012,4
190230701002013,4
190230701002018,4
190230701002019,4
190230701002047,4
190230701002048,4
190230701002049,4
190230701002050,4
190230701002051,4
190230701002052,4
190230701002053,4
190230701002054,4
190230701002055,4
190230701002056,4
190230701002057,4
190230701002058,4
190230701002059,4
190230701002060,4
190230701002061,4
190230701002062,4
190230701002063,4
190230701002064,4
190230701002065,4
190230701002066,4
190230701002067,4
190230701002068,4
190230701002071,4
190230701002072,4
190230701002073,4
190230701002074,4
190230701002075,4
190230701002076,4
190230701002077,4
190230701002078,4
190230701002079,4
190230701002080,4
190230701002081,4
190230701002082,4
190230701002083,4
190230701002084,4
190230701002085,4
190230701002086,4
190230701002087,4
190230701002088,4
190230701002089,4
190230701002105,4
190230701002106,4
190230701002107,4
190230701002201,4
190230701002205,4
190230701002207,4
190230701002208,4
190230701002209,4
190230703001031,4
190230703001032,4
190230703002000,4
190230703002009,4
190230703002033,4
190230703002034,4
190230703002035,4
190230703002036,4
190230703002037,4
190230703002038,4
190230703002050,4
190230703002051,4
190230703002054,4
190230703002055,4
190230703002056,4
190230703002057,4
190230703002058,4
190230703002059,4
190230701002014,4
190230701002017,4
190230703001000,4
190230703001001,4
190230703001002,4
190230703001003,4
190230703001004,4
190230703001005,4
190230703001006,4
190230703001007,4
190230703001008,4
190230703001009,4
190230703001010,4
190230703001011,4
190230703001012,4
190230703001013,4
190230703001014,4
190230703001015,4
190230703001016,4
190230703001017,4
190230703001018,4
190230703001019,4
190230703001020,4
190230703001021,4
190230703001022,4
190230703001023,4
190230703001024,4
190230703001026,4
190230703001027,4
190230703001028,4
190230703001029,4
190230703001030,4
190230703001033,4
190230703001034,4
190230703001035,4
190230703001036,4
190230703001037,4
190230703001038,4
190230703001039,4
190230703001040,4
190230703001041,4
190230703001044,4
190230703001159,4
190230703002001,4
190230703002008,4
190230703002027,4
190230703002028,4
190230703002039,4
190230703002040,4
190230703002041,4
190230703002044,4
190230703002045,4
190230703002046,4
190230703002047,4
190230703002052,4
190230703002053,4
190230703003000,4
190230703003002,4
190230703003003,4
190230703003004,4
190230703003005,4
190230703003006,4
190230703003007,4
190230703003008,4
190230703003009,4
190230703003010,4
190230703003011,4
190230703003014,4
190230703003018,4
190230703003019,4
190230703003028,4
190230703003041,4
190230701002015,4
190230701002016,4
190230703002002,4
190230703002003,4
190230703002004,4
190230703002005,4
190230703002006,4
190230703002007,4
190230703002010,4
190230703002011,4
190230703002012,4
190230703002013,4
190230703002014,4
190230703002015,4
190230703002016,4
190230703002017,4
190230703002018,4
190230703002019,4
190230703002020,4
190230703002021,4
190230703002022,4
190230703002023,4
190230703002024,4
190230703002025,4
190230703002026,4
190230703002029,4
190230703002030,4
190230703002031,4
190230703002032,4
190230703002042,4
190230703002043,4
190230703002048,4
190230703002049,4
190230703003001,4
190230703003012,4
190230703003013,4
190230703003015,4
190230703003016,4
190230703003017,4
190230703003020,4
190230703003021,4
190230703003022,4
190230703003023,4
190230703003024,4
190230703003025,4
190230703003026,4
190230703003027,4
190230703003029,4
190230703003030,4
190230703003031,4
190230703003032,4
190230703003033,4
190230703003034,4
190230703003035,4
190230703003036,4
190230703003037,4
190230703003038,4
190230703003039,4
190230703003040,4
190230703003042,4
190230703003043,4
190230703003044,4
190230701002170,4
190230701002171,4
190230701002172,4
190230701002173,4
190230701002174,4
190230701002210,4
190230701002211,4
190230701002212,4
190230705001001,4
190230705001002,4
190230705001003,4
190230705001004,4
190230705001005,4
190230705001006,4
190230705001007,4
190230705001008,4
190230705001009,4
190230705001010,4
190230705001011,4
190230705001012,4
190230705001013,4
190230705001014,4
190230705001015,4
190230705001016,4
190230705001018,4
190230705001019,4
190230705001020,4
190230705001021,4
190230705001022,4
190230705001023,4
190230705001024,4
190230705001025,4
190230705001026,4
190230705001027,4
190230705001028,4
190230705001029,4
190230705001030,4
190230705001031,4
190230705001032,4
190230705001033,4
190230705001034,4
190230705001035,4
190230705001036,4
190230705001037,4
190230705001038,4
190230705001039,4
190230705001040,4
190230705001041,4
190230705001042,4
190230705001043,4
190230705001044,4
190230705001045,4
190230705001046,4
190230705001047,4
190230705001048,4
190230705001049,4
190230705001050,4
190230705001051,4
190230705001052,4
190230705001053,4
190230705001054,4
190230705001055,4
190230705001056,4
190230705001057,4
190230705001058,4
190230705001059,4
190230705001060,4
190230705001061,4
190230705001062,4
190230705001063,4
190230705001064,4
190230705001065,4
190230705001066,4
190230705001067,4
190230705001068,4
190230705001069,4
190230705001070,4
190230705001071,4
190230705001072,4
190230705001073,4
190230705001074,4
190230705001075,4
190230705001076,4
190230705001077,4
190230705001078,4
190230705001079,4
190230705002000,4
190230705002001,4
190230705002002,4
190230705002003,4
190230705002004,4
190230705002005,4
190230705002006,4
190230705002007,4
190230705002008,4
190230705002009,4
190230705002010,4
190230705002011,4
190230705002012,4
190230705002013,4
190230705002016,4
190230705002017,4
190230705002018,4
190230705002019,4
190230705002020,4
190230705002021,4
190230705002022,4
190230705002023,4
190230705002024,4
190230705002025,4
190230705002026,4
190230705002027,4
190230705002028,4
190230705002029,4
190230705002030,4
190230705002031,4
190230705002032,4
190230705002033,4
190230705002034,4
190230705002035,4
190230705002036,4
190230705002043,4
190230702001000,4
190230702001001,4
190230702001005,4
190230702002063,4
190230702002064,4
190230702002065,4
190230702002068,4
190230702002109,4
190230702002117,4
190230702002118,4
190230703001042,4
190230703001043,4
190230703001045,4
190230703001046,4
190230703001047,4
190230703001048,4
190230703001049,4
190230703001050,4
190230703001051,4
190230703001052,4
190230703001055,4
190230703001056,4
190230703001057,4
190230703001058,4
190230703001059,4
190230703001060,4
190230703001061,4
190230703001062,4
190230703001063,4
190230703001069,4
190230703001070,4
190230703001071,4
190230703001072,4
190230703001073,4
190230703001074,4
190230703001084,4
190230703001085,4
190230703001086,4
190230703001087,4
190230703001088,4
190230703001089,4
190230703001090,4
190230703001091,4
190230703001092,4
190230703001093,4
190230703001094,4
190230703001095,4
190230703001096,4
190230703001150,4
190230703001153,4
190230703001154,4
190230702001006,4
190230702001007,4
190230702001014,4
190230702001016,4
190230702001017,4
190230702001018,4
190230702001021,4
190230702001022,4
190230702001023,4
190230702001024,4
190230702001025,4
190230702001026,4
190230702001027,4
190230702001028,4
190230702001029,4
190230702001030,4
190230702001031,4
190230702001032,4
190230702001033,4
190230702001034,4
190230702001035,4
190230702001036,4
190230702001037,4
190230702001038,4
190230702001042,4
190230702001043,4
190230702001044,4
190230702001045,4
190230702001046,4
190230702001047,4
190230702001048,4
190230702001049,4
190230702001050,4
190230702001051,4
190230702001052,4
190230702001053,4
190230702001054,4
190230702001057,4
190230702001058,4
190230702001059,4
190230702001060,4
190230702001061,4
190230702001062,4
190230702001066,4
190230702001067,4
190230702001068,4
190230702001069,4
190230702001070,4
190230702001073,4
190230702001074,4
190230702001075,4
190230702001076,4
190230702001077,4
190230702001078,4
190230702001079,4
190230702001080,4
190230702001124,4
190230702001125,4
190230702001129,4
190230702001008,4
190230702001009,4
190230702001010,4
190230702001011,4
190230702001012,4
190230702001013,4
190230702001015,4
190230702001019,4
190230702001020,4
190230702002042,4
190230702002043,4
190230702002044,4
190230702002053,4
190230702002054,4
190230702002055,4
190230702002056,4
190230702002058,4
190230702002059,4
190230702002060,4
190230702002061,4
190230702002062,4
190230702002066,4
190230702002067,4
190230702002069,4
190230702002070,4
190230702002071,4
190230702002072,4
190230702002073,4
190230702002074,4
190230702002075,4
190230702002076,4
190230702002077,4
190230702002078,4
190230702002079,4
190230702002080,4
190230702002081,4
190230702002082,4
190230702002083,4
190230702002084,4
190230702002085,4
190230702002086,4
190230702002087,4
190230702002088,4
190230702002093,4
190230702002107,4
190230702002108,4
190230702002110,4
190230702002113,4
190230702002114,4
190230702002115,4
190230702002116,4
190230702003000,4
190230702003001,4
190230702003002,4
190230702003003,4
190230702003004,4
190230702003005,4
190230702003006,4
190230702003007,4
190230702003008,4
190230702003009,4
190230702003010,4
190230702003011,4
190230702003012,4
190230702003013,4
190230702003014,4
190230702003015,4
190230702003016,4
190230702003017,4
190230702003018,4
190230702003019,4
190230702003020,4
190230702003021,4
190230702003022,4
190230702003023,4
190230702003024,4
190230702003025,4
190230702003026,4
190230702003027,4
190230702003028,4
190230702003029,4
190230702003030,4
190230702003031,4
190230702003032,4
190230702003033,4
190230702003034,4
190230702003035,4
190230702003036,4
190230702003037,4
190230702003038,4
190230702001055,4
190230702001056,4
190230702001063,4
190230702001064,4
190230702001065,4
190230702001081,4
190230702001082,4
190230702001083,4
190230702001084,4
190230702001085,4
190230702001086,4
190230702001087,4
190230702001088,4
190230702001089,4
190230702001090,4
190230702001091,4
190230702001092,4
190230702001093,4
190230702001094,4
190230702001095,4
190230702001096,4
190230702001097,4
190230702001098,4
190230702001099,4
190230702001100,4
190230702001101,4
190230702001102,4
190230702001103,4
190230702001104,4
190230702001105,4
190230702001106,4
190230702001107,4
190230702001108,4
190230702001109,4
190230702001110,4
190230702001111,4
190230702001112,4
190230702001113,4
190230702001114,4
190230702001115,4
190230702001116,4
190230702001117,4
190230702001118,4
190230702001119,4
190230702001120,4
190230702001121,4
190230702001122,4
190230702001123,4
190230702001126,4
190230702001127,4
190230704001042,4
190230704001043,4
190230704001062,4
190230704001063,4
190230702002000,4
190230702002001,4
190230702002002,4
190230702002003,4
190230702002004,4
190230702002005,4
190230702002006,4
190230702002007,4
190230702002008,4
190230702002009,4
190230702002010,4
190230702002011,4
190230702002012,4
190230702002013,4
190230702002014,4
190230702002015,4
190230702002016,4
190230702002017,4
190230702002018,4
190230702002019,4
190230702002020,4
190230702002021,4
190230702002022,4
190230702002023,4
190230702002024,4
190230702002025,4
190230702002026,4
190230702002027,4
190230702002028,4
190230702002029,4
190230702002030,4
190230702002031,4
190230702002032,4
190230702002033,4
190230702002034,4
190230702002035,4
190230702002036,4
190230702002037,4
190230702002038,4
190230702002039,4
190230702002040,4
190230702002041,4
190230702002045,4
190230702002046,4
190230702002047,4
190230702002048,4
190230702002049,4
190230702002050,4
190230702002051,4
190230702002052,4
190230702002057,4
190230702002119,4
190230702002120,4
190230702002121,4
190230702002122,4
190230702002123,4
190230702002124,4
190230702002125,4
190230702002126,4
190230702002127,4
190230702002128,4
190230702002129,4
190230702002130,4
190230703001025,4
190230702002089,4
190230702002090,4
190230702002091,4
190230702002092,4
190230702002094,4
190230702002095,4
190230702002096,4
190230702002097,4
190230702002098,4
190230702002099,4
190230702002100,4
190230702002101,4
190230702002102,4
190230702002103,4
190230702002104,4
190230702002105,4
190230702002106,4
190230702002111,4
190230702002112,4
190230703001066,4
190230703001076,4
190230703001077,4
190230703001078,4
190230703001079,4
190230703001080,4
190230703001081,4
190230703001082,4
190230703001083,4
190230703001097,4
190230703001098,4
190230703001099,4
190230703001100,4
190230703001101,4
190230703001102,4
190230703001103,4
190230703001104,4
190230703001105,4
190230703001106,4
190230703001107,4
190230703001108,4
190230703001109,4
190230703001110,4
190230703001111,4
190230703001112,4
190230703001113,4
190230703001114,4
190230703001115,4
190230703001116,4
190230703001117,4
190230703001118,4
190230703001119,4
190230703001120,4
190230703001121,4
190230703001122,4
190230703001123,4
190230703001124,4
190230703001125,4
190230703001126,4
190230703001127,4
190230703001128,4
190230703001129,4
190230703001130,4
190230703001131,4
190230703001132,4
190230703001133,4
190230703001134,4
190230703001135,4
190230703001136,4
190230703001137,4
190230703001138,4
190230703001139,4
190230703001140,4
190230703001141,4
190230703001142,4
190230703001143,4
190230703001144,4
190230703001145,4
190230703001146,4
190230703001151,4
190230703001152,4
190230703001156,4
190230704001000,4
190230704001001,4
190230704001002,4
190230704001003,4
190230704001004,4
190230704001005,4
190230704001011,4
190230704001012,4
190230704001013,4
190230704001014,4
190230704001015,4
190230704001016,4
190230704001017,4
190230704001018,4
190230704001019,4
190230704001020,4
190230704001021,4
190230704001036,4
190230704001115,4
190230704001117,4
190230704001118,4
190230704001119,4
190230704001120,4
190230704001121,4
190230704001122,4
190230704001123,4
190230704001127,4
190230704001128,4
190230704001129,4
190230704001130,4
190230704001131,4
190230704001132,4
190230704001133,4
190230704002046,4
190230704003000,4
190230704003003,4
190230704003004,4
190230704003005,4
190230704003006,4
190230704003008,4
190230704003038,4
190230704003039,4
190230704003040,4
190230705003006,4
190230705003007,4
190230705003008,4
190230705003009,4
190230705003010,4
190230705003011,4
190230705003012,4
190230704001022,4
190230704001023,4
190230704001024,4
190230704001025,4
190230704001026,4
190230704001027,4
190230704001028,4
190230704001030,4
190230704001031,4
190230704001032,4
190230704001033,4
190230704001034,4
190230704001035,4
190230704001037,4
190230704001038,4
190230704001039,4
190230704001040,4
190230704001041,4
190230704001044,4
190230704001045,4
190230704001046,4
190230704001047,4
190230704001048,4
190230704001049,4
190230704001050,4
190230704001051,4
190230704001052,4
190230704001053,4
190230704001054,4
190230704001055,4
190230704001056,4
190230704001057,4
190230704001058,4
190230704001059,4
190230704001060,4
190230704001061,4
190230704001064,4
190230704001065,4
190230704001066,4
190230704001067,4
190230704001068,4
190230704001069,4
190230704001070,4
190230704001071,4
190230704001072,4
190230704001073,4
190230704001074,4
190230704001075,4
190230704001076,4
190230704001077,4
190230704001078,4
190230704001079,4
190230704001080,4
190230704001081,4
190230704001082,4
190230704001083,4
190230704001084,4
190230704001085,4
190230704001086,4
190230704001087,4
190230704001088,4
190230704001089,4
190230704001090,4
190230704001091,4
190230704001092,4
190230704001093,4
190230704001094,4
190230704001095,4
190230704001096,4
190230704001097,4
190230704001098,4
190230704001099,4
190230704001100,4
190230704001101,4
190230704001102,4
190230704001103,4
190230704001104,4
190230704001105,4
190230704001106,4
190230704001107,4
190230704001108,4
190230704001109,4
190230704001110,4
190230704001111,4
190230704001112,4
190230704001113,4
190230704001114,4
190230704001116,4
190230704002000,4
190230704002001,4
190230704002018,4
190230704002020,4
190230704002021,4
190230704001124,4
190230704001125,4
190230704001126,4
190230704002002,4
190230704002003,4
190230704002004,4
190230704002005,4
190230704002006,4
190230704002007,4
190230704002008,4
190230704002009,4
190230704002010,4
190230704002011,4
190230704002012,4
190230704002013,4
190230704002014,4
190230704002015,4
190230704002016,4
190230704002017,4
190230704002019,4
190230704002022,4
190230704002023,4
190230704002024,4
190230704002025,4
190230704002026,4
190230704002027,4
190230704002028,4
190230704002029,4
190230704002030,4
190230704002031,4
190230704002032,4
190230704002033,4
190230704002034,4
190230704002035,4
190230704002036,4
190230704002037,4
190230704002038,4
190230704002039,4
190230704002040,4
190230704002041,4
190230704002042,4
190230704002043,4
190230704002044,4
190230704002045,4
190230704002047,4
190230704003001,4
190230704003002,4
190230704003007,4
190230704003009,4
190230704003010,4
190230704003011,4
190230704003012,4
190230704003013,4
190230704003014,4
190230704003015,4
190230704003016,4
190230704003017,4
190230704003018,4
190230704003019,4
190230704003020,4
190230704003021,4
190230704003022,4
190230704003023,4
190230704003024,4
190230704003025,4
190230704003026,4
190230704003027,4
190230704003028,4
190230704003029,4
190230704003030,4
190230704003031,4
190230704003032,4
190230704003033,4
190230704003034,4
190230704003035,4
190230704003036,4
190230704003037,4
190230705002037,4
190230705002038,4
190230705002039,4
190230705002040,4
190230705002041,4
190230705002042,4
190230705002044,4
190230705002045,4
190230705002046,4
190230705002047,4
190230705002048,4
190230705002049,4
190230705002050,4
190230705002051,4
190230705002052,4
190230705002053,4
190230705002054,4
190230705002055,4
190230705002056,4
190230705002057,4
190230705002058,4
190230705002059,4
190230705002060,4
190230705002061,4
190230705002062,4
190230705002063,4
190230705003000,4
190230705003001,4
190230705003002,4
190230705003003,4
190230705003004,4
190230705003005,4
190230705003013,4
190230705003014,4
190230705003015,4
190230705003016,4
190230705003017,4
190230705003018,4
190230705003019,4
190230705003020,4
190230705003021,4
190230705003022,4
190230705003023,4
190230705003024,4
190230705003025,4
190230705003026,4
190230705003027,4
190230705003028,4
190230705003029,4
190230705003030,4
190230705003031,4
190230705003032,4
190230705003033,4
190230705003034,4
190230705003035,4
190230705003036,4
190230705003037,4
190230705003038,4
190230705003039,4
190230705003040,4
190230705003041,4
190230705003042,4
190230705003043,4
190230705003044,4
190230705003045,4
190230705003046,4
190230705003047,4
190230705003048,4
190230705003049,4
190230705003050,4
190230705003051,4
190230705003052,4
190230705003053,4
190230705003054,4
190230705003055,4
190230705003056,4
190230705003057,4
190259501001000,4
190259501001001,4
190259501001002,4
190259501001003,4
190259501001004,4
190259501001005,4
190259501001044,4
190259501001045,4
190259501001046,4
190259501001047,4
190259501001048,4
190259501001049,4
190259501001050,4
190259501001051,4
190259501001052,4
190259501001053,4
190259501001054,4
190259501001055,4
190259501001056,4
190259501001057,4
190259501001058,4
190259501001059,4
190259501001060,4
190259501001061,4
190259501001062,4
190259501001063,4
190259501001075,4
190259501001076,4
190259501001077,4
190259501001078,4
190259501001079,4
190259501001080,4
190259501001081,4
190259501001082,4
190259501001083,4
190259501001114,4
190259501001115,4
190259501001116,4
190259501001117,4
190259501001118,4
190259501001119,4
190259501002000,4
190259501003000,4
190259501003002,4
190259501001006,4
190259501001007,4
190259501001008,4
190259501001009,4
190259501001010,4
190259501001011,4
190259501001012,4
190259501001013,4
190259501001014,4
190259501001015,4
190259501001016,4
190259501001017,4
190259501001018,4
190259501001019,4
190259501001020,4
190259501001021,4
190259501001022,4
190259501001023,4
190259501001024,4
190259501001025,4
190259501001026,4
190259501001027,4
190259501001028,4
190259501001029,4
190259501001030,4
190259501001031,4
190259501001032,4
190259501001033,4
190259501001034,4
190259501001035,4
190259501001036,4
190259501001037,4
190259501001038,4
190259501001039,4
190259501001040,4
190259501001041,4
190259501001042,4
190259501001043,4
190259501001064,4
190259501001065,4
190259501001066,4
190259501001067,4
190259501001068,4
190259501001069,4
190259501001070,4
190259501001071,4
190259501001072,4
190259501001073,4
190259501001074,4
190259501001084,4
190259501001085,4
190259501001086,4
190259501001087,4
190259501001088,4
190259501001089,4
190259501001090,4
190259501001091,4
190259501001092,4
190259501001093,4
190259501001094,4
190259501001095,4
190259501001096,4
190259501001097,4
190259501001098,4
190259501001099,4
190259501001100,4
190259501001101,4
190259501001103,4
190259501001104,4
190259501001105,4
190259501001106,4
190259501001107,4
190259501001108,4
190259501001109,4
190259501001111,4
190259501001113,4
190259501001120,4
190259502001082,4
190259501001102,4
190259501001110,4
190259501001112,4
190259502002105,4
190259502002116,4
190259502002117,4
190259502002119,4
190259502002120,4
190259502002122,4
190259502002123,4
190259502002124,4
190259502002125,4
190259502002126,4
190259502002127,4
190259502002128,4
190259502002129,4
190259502002130,4
190259502002131,4
190259502002132,4
190259502002133,4
190259502002134,4
190259502002135,4
190259502002136,4
190259502002140,4
190259502002141,4
190259502002144,4
190259502002145,4
190259502002146,4
190259502002148,4
190259502002149,4
190259502002150,4
190259502002151,4
190259502002152,4
190259502002153,4
190259502002154,4
190259502002155,4
190259502002169,4
190259502002170,4
190259502002219,4
190259502002220,4
190259502002222,4
190259502002223,4
190259502002224,4
190259502002225,4
190259502002226,4
190259502002227,4
190259502002228,4
190259502002235,4
190259502002236,4
190259502002237,4
190259502002238,4
190259502002239,4
190259502002247,4
190259502002248,4
190259502002249,4
190259502003002,4
190259502003003,4
190259502003004,4
190259501002001,4
190259501002002,4
190259501002003,4
190259501002004,4
190259501002005,4
190259501002006,4
190259501002007,4
190259501002008,4
190259501002009,4
190259501002010,4
190259501002011,4
190259501002012,4
190259501002013,4
190259501002014,4
190259501002015,4
190259501002016,4
190259501002017,4
190259501002018,4
190259501002019,4
190259501002020,4
190259501002021,4
190259501002022,4
190259501002023,4
190259501002024,4
190259501002025,4
190259501002026,4
190259501002027,4
190259501002028,4
190259501002029,4
190259501002030,4
190259501002031,4
190259501002032,4
190259501002033,4
190259501002034,4
190259501002035,4
190259501002036,4
190259501002037,4
190259501003001,4
190259501003003,4
190259501003004,4
190259501003005,4
190259501003006,4
190259501003007,4
190259501003008,4
190259501003009,4
190259501003010,4
190259501003011,4
190259501003012,4
190259501003013,4
190259501003014,4
190259501003015,4
190259501003016,4
190259501003017,4
190259501003018,4
190259501003019,4
190259501003020,4
190259501003021,4
190259501003022,4
190259501003023,4
190259501003024,4
190259501003025,4
190259501003026,4
190259501003027,4
190259501003028,4
190259501003029,4
190259501003030,4
190259501003031,4
190259501003032,4
190259501003033,4
190259501003034,4
190259501003035,4
190259501003036,4
190259501003037,4
190259502001000,4
190259502001001,4
190259502001002,4
190259502001003,4
190259502001006,4
190259502001007,4
190259502001008,4
190259502001009,4
190259502001010,4
190259502001011,4
190259502001012,4
190259502001013,4
190259502001014,4
190259502001017,4
190259502001018,4
190259502001019,4
190259502001020,4
190259502001021,4
190259502001022,4
190259502001023,4
190259502001024,4
190259502001025,4
190259502001026,4
190259502001027,4
190259502001028,4
190259502001029,4
190259502001030,4
190259502001031,4
190259502001032,4
190259502001033,4
190259502001034,4
190259502001035,4
190259502001036,4
190259502001037,4
190259502001038,4
190259502001039,4
190259502001040,4
190259502001041,4
190259502001042,4
190259502001043,4
190259502001044,4
190259502001045,4
190259502001046,4
190259502001047,4
190259502001048,4
190259502001049,4
190259502001050,4
190259502001051,4
190259502001052,4
190259502001053,4
190259502001054,4
190259502001055,4
190259502001056,4
190259502001057,4
190259502001058,4
190259502001059,4
190259502001060,4
190259502001061,4
190259502001062,4
190259502001063,4
190259502001064,4
190259502001065,4
190259502001066,4
190259502001067,4
190259502001068,4
190259502001069,4
190259502001070,4
190259502001071,4
190259502001072,4
190259502001073,4
190259502001074,4
190259502001075,4
190259502001077,4
190259502001078,4
190259502001079,4
190259502001080,4
190259502001081,4
190259502001083,4
190259502001085,4
190259502001086,4
190259502001087,4
190259502001004,4
190259502001005,4
190259502001015,4
190259502001016,4
190259502001076,4
190259502001084,4
190259502002000,4
190259502002001,4
190259502002002,4
190259502002003,4
190259502002004,4
190259502002020,4
190259502002021,4
190259502002024,4
190259502002025,4
190259502002026,4
190259502002027,4
190259502002028,4
190259502002029,4
190259502002030,4
190259502002031,4
190259502002032,4
190259502002033,4
190259502002034,4
190259502002035,4
190259502002063,4
190259502002064,4
190259502002065,4
190259502002072,4
190259502002073,4
190259502002074,4
190259502002075,4
190259502002076,4
190259502002077,4
190259502002078,4
190259502002079,4
190259502002080,4
190259502002081,4
190259502002082,4
190259502002083,4
190259502002084,4
190259502002085,4
190259502002086,4
190259502002087,4
190259502002088,4
190259502002089,4
190259502002090,4
190259502002091,4
190259502002092,4
190259502002093,4
190259502002094,4
190259502002095,4
190259502002096,4
190259502002097,4
190259502002098,4
190259502002099,4
190259502002100,4
190259502002101,4
190259502002102,4
190259502002103,4
190259502002104,4
190259502002108,4
190259502002109,4
190259502002113,4
190259502002114,4
190259502002115,4
190259502002118,4
190259502002121,4
190259502002243,4
190259502002251,4
190259502002005,4
190259502002006,4
190259502002007,4
190259502002008,4
190259502002009,4
190259502002010,4
190259502002011,4
190259502002012,4
190259502002013,4
190259502002014,4
190259502002015,4
190259502002016,4
190259502002017,4
190259502002018,4
190259502002019,4
190259502002022,4
190259502002023,4
190259502002036,4
190259502002037,4
190259502002038,4
190259502002039,4
190259502002040,4
190259502002041,4
190259502002042,4
190259502002043,4
190259502002044,4
190259502002045,4
190259502002046,4
190259502002047,4
190259502002048,4
190259502002049,4
190259502002050,4
190259502002051,4
190259502002052,4
190259502002053,4
190259502002054,4
190259502002055,4
190259502002056,4
190259502002057,4
190259502002058,4
190259502002059,4
190259502002060,4
190259502002061,4
190259502002062,4
190259502002066,4
190259502002067,4
190259502002068,4
190259502002069,4
190259502002070,4
190259502002071,4
190259502002244,4
190259502002245,4
190259502002246,4
190259502002253,4
190259502002106,4
190259502002107,4
190259502002110,4
190259502002111,4
190259502002112,4
190259502002156,4
190259502002157,4
190259502002158,4
190259502002159,4
190259502002160,4
190259502002161,4
190259502002162,4
190259502002163,4
190259502002164,4
190259502002165,4
190259502002166,4
190259502002167,4
190259502002168,4
190259502002171,4
190259502002172,4
190259502002173,4
190259502002174,4
190259502002175,4
190259502002176,4
190259502002177,4
190259502002178,4
190259502002179,4
190259502002180,4
190259502002181,4
190259502002182,4
190259502002183,4
190259502002184,4
190259502002185,4
190259502002188,4
190259502002189,4
190259502002190,4
190259502002191,4
190259502002192,4
190259502002193,4
190259502002194,4
190259502002195,4
190259502002196,4
190259502002197,4
190259502002198,4
190259502002199,4
190259502002200,4
190259502002201,4
190259502002205,4
190259502002206,4
190259502002207,4
190259502002208,4
190259502002209,4
190259502002210,4
190259502002211,4
190259502002212,4
190259502002213,4
190259502002214,4
190259502002215,4
190259502002216,4
190259502002217,4
190259502002218,4
190259502002221,4
190259502002229,4
190259502002230,4
190259502002231,4
190259502002232,4
190259502002233,4
190259502002234,4
190259502002240,4
190259502002241,4
190259502002242,4
190259502002250,4
190259502002137,4
190259502002138,4
190259502002139,4
190259502002142,4
190259502002143,4
190259502002147,4
190259502002252,4
190259502003000,4
190259502003001,4
190259503002010,4
190259503002011,4
190259503002012,4
190259503002013,4
190259503002014,4
190259503002015,4
190259503002016,4
190259503002017,4
190259503002018,4
190259503002019,4
190259503002020,4
190259503002021,4
190259503002022,4
190259503002023,4
190259503002024,4
190259503002040,4
190259503002041,4
190259503002042,4
190259503002043,4
190259503002044,4
190259503002045,4
190259503002046,4
190259503002047,4
190259503002048,4
190259503002049,4
190259503002050,4
190259503002051,4
190259503002052,4
190259503002053,4
190259503002054,4
190259503002055,4
190259503002074,4
190259503002075,4
190259503002076,4
190259503002077,4
190259503002078,4
190259503002079,4
190259503002080,4
190259503002111,4
190259503002112,4
190259503002113,4
190259503002114,4
190259503002115,4
190259503002116,4
190259503002117,4
190259503002118,4
190259503002119,4
190259503002120,4
190259503002121,4
190259503002122,4
190259503002123,4
190259503002124,4
190259503002125,4
190259503002126,4
190259503002127,4
190259503002128,4
190259503002129,4
190259503002130,4
190259503002131,4
190259503002171,4
190259503002172,4
190259503002173,4
190259503002174,4
190259503002185,4
190259502002186,4
190259502002187,4
190259502002202,4
190259502002203,4
190259502002204,4
190259502003005,4
190259502003006,4
190259502003007,4
190259502003008,4
190259502003009,4
190259502003010,4
190259502003011,4
190259502003012,4
190259502003013,4
190259502003014,4
190259502003015,4
190259502003016,4
190259502003017,4
190259502003018,4
190259502003019,4
190259502003020,4
190259502003021,4
190259502003022,4
190259502003023,4
190259502003024,4
190259502003025,4
190259502003026,4
190259502003027,4
190259502003028,4
190259502003029,4
190259502003030,4
190259502003031,4
190259502003032,4
190259502003033,4
190259502003034,4
190259502003035,4
190259502003036,4
190259502003037,4
190259502003038,4
190259502003039,4
190259502003040,4
190259502003041,4
190259502003042,4
190259502003043,4
190259502003044,4
190259502003045,4
190259502003046,4
190259502003047,4
190259502003048,4
190259502003049,4
190259502003050,4
190259502003051,4
190259502003052,4
190259502003053,4
190259502003054,4
190259502003055,4
190259502003056,4
190259502003057,4
190259502003058,4
190259502003059,4
190259502003060,4
190259502003061,4
190259502003062,4
190259502003063,4
190259502003064,4
190259502003065,4
190259502003066,4
190259502003067,4
190259502003068,4
190259502003069,4
190259502003070,4
190259502003071,4
190259502003072,4
190259502003073,4
190259502003074,4
190259502003075,4
190259502003076,4
190259502003077,4
190259502003078,4
190259502003079,4
190259502003080,4
190259502003081,4
190259502003082,4
190259502003083,4
190259502003084,4
190259502003085,4
190259502003086,4
190259502003087,4
190259502003088,4
190259502003089,4
190259502003090,4
190259502003091,4
190259502003092,4
190259502003093,4
190259502003094,4
190259502003095,4
190259502003096,4
190259502003097,4
190259502003098,4
190259502003099,4
190259502003100,4
190259502003101,4
190259502003102,4
190259502003103,4
190259502003104,4
190259502003105,4
190259502003106,4
190259502003107,4
190259502003108,4
190259502003109,4
190259502003110,4
190259502003111,4
190259502003112,4
190259502003113,4
190259502003114,4
190259502003115,4
190259502003116,4
190259502003117,4
190259502003118,4
190259502003119,4
190259502003120,4
190259502003121,4
190259503002203,4
190259503002204,4
190259503001000,4
190259503001001,4
190259503001002,4
190259503001003,4
190259503001004,4
190259503001005,4
190259503001006,4
190259503001007,4
190259503001008,4
190259503001012,4
190259503001013,4
190259503001043,4
190259503001044,4
190259503001045,4
190259503002153,4
190259503002154,4
190259503002161,4
190259503002162,4
190259503002166,4
190259503002178,4
190259503002179,4
190259503002180,4
190259503002228,4
190259503002229,4
190259503002230,4
190259503002231,4
190259503002232,4
190259503002233,4
190259503002234,4
190259503002235,4
190259503002236,4
190259503002237,4
190259503002238,4
190259503002239,4
190259503002240,4
190259503002243,4
190259503002246,4
190259503002247,4
190259503002249,4
190259503002250,4
190259503002251,4
190259503002252,4
190259503002253,4
190259503002254,4
190259503002255,4
190259503002256,4
190259503002257,4
190259503002258,4
190259503002259,4
190259503002260,4
190259503002261,4
190259503002262,4
190259503002263,4
190259503002264,4
190259503002265,4
190259503002266,4
190259503002267,4
190259503002268,4
190259503002269,4
190259503002270,4
190259503002271,4
190259503002272,4
190259503002273,4
190259503002274,4
190259503002275,4
190259503002276,4
190259503002277,4
190259503002278,4
190259503002279,4
190259503002280,4
190259503002281,4
190259503002282,4
190259503002283,4
190259503002284,4
190259503002285,4
190259503002286,4
190259503002290,4
190259503002291,4
190259503002292,4
190259503002378,4
190259503001009,4
190259503001010,4
190259503001011,4
190259503001014,4
190259503001016,4
190259503001032,4
190259503001033,4
190259503001034,4
190259503001035,4
190259503001036,4
190259503001037,4
190259503001038,4
190259503001039,4
190259503001040,4
190259503001041,4
190259503001042,4
190259503001046,4
190259503001047,4
190259503001048,4
190259503001049,4
190259503001050,4
190259503001051,4
190259503001052,4
190259503001053,4
190259503001054,4
190259503001055,4
190259503001056,4
190259503001057,4
190259503001058,4
190259503001059,4
190259503001060,4
190259503001061,4
190259503001062,4
190259503001063,4
190259503001066,4
190259503001067,4
190259503001068,4
190259503001069,4
190259503001070,4
190259503001071,4
190259503001072,4
190259503001073,4
190259503001074,4
190259503001075,4
190259503001076,4
190259503001077,4
190259503001078,4
190259503001079,4
190259503001080,4
190259503001081,4
190259503001082,4
190259503001083,4
190259503001084,4
190259503001085,4
190259503001086,4
190259503001087,4
190259503001088,4
190259503001091,4
190259503001107,4
190259503001108,4
190259503001109,4
190259503001110,4
190259503001111,4
190259503001015,4
190259503001017,4
190259503001018,4
190259503001019,4
190259503001020,4
190259503001021,4
190259503001022,4
190259503001023,4
190259503001024,4
190259503001025,4
190259503001026,4
190259503001027,4
190259503001028,4
190259503001029,4
190259503001030,4
190259503001031,4
190259503001064,4
190259503001065,4
190259503001092,4
190259503001093,4
190259503001094,4
190259503001095,4
190259503001096,4
190259503001097,4
190259503001098,4
190259503001099,4
190259503001100,4
190259503001101,4
190259503001102,4
190259503001103,4
190259503001104,4
190259503001105,4
190259503001106,4
190259503001089,4
190259503001090,4
190259503002212,4
190259503002213,4
190259503002214,4
190259503002218,4
190259503002219,4
190259503002220,4
190259503002221,4
190259503002288,4
190259503002289,4
190259503002295,4
190259503002296,4
190259503002297,4
190259503002298,4
190259503002299,4
190259503002300,4
190259503002301,4
190259503002302,4
190259503002303,4
190259503002304,4
190259503002305,4
190259503002306,4
190259503002307,4
190259503002308,4
190259503002309,4
190259503002310,4
190259503002311,4
190259503002312,4
190259503002313,4
190259503002314,4
190259503002315,4
190259503002316,4
190259503002317,4
190259503002318,4
190259503002319,4
190259503002320,4
190259503002321,4
190259503002322,4
190259503002323,4
190259503002324,4
190259503002325,4
190259503002326,4
190259503002327,4
190259503002328,4
190259503002329,4
190259503002330,4
190259503002331,4
190259503002332,4
190259503002333,4
190259503002334,4
190259503002335,4
190259503002336,4
190259503002337,4
190259503002338,4
190259503002339,4
190259503002340,4
190259503002341,4
190259503002342,4
190259503002343,4
190259503002344,4
190259503002345,4
190259503002346,4
190259503002347,4
190259503002348,4
190259503002349,4
190259503002350,4
190259503002351,4
190259503002352,4
190259503002353,4
190259503002354,4
190259503002355,4
190259503002356,4
190259503002357,4
190259503002358,4
190259503002359,4
190259503002360,4
190259503002361,4
190259503002362,4
190259503002363,4
190259503002364,4
190259503002365,4
190259503002366,4
190259503002367,4
190259503002368,4
190259503002369,4
190259503002370,4
190259503002371,4
190259503002372,4
190259503002373,4
190259503002374,4
190259503002375,4
190259503002376,4
190259503002377,4
190259503002379,4
190259504001111,4
190259504001180,4
190259504001181,4
190259504001184,4
190259504001186,4
190259503002000,4
190259503002001,4
190259503002002,4
190259503002003,4
190259503002004,4
190259503002005,4
190259503002006,4
190259503002007,4
190259503002008,4
190259503002009,4
190259503002025,4
190259503002026,4
190259503002027,4
190259503002028,4
190259503002029,4
190259503002030,4
190259503002031,4
190259503002032,4
190259503002033,4
190259503002034,4
190259503002035,4
190259503002036,4
190259503002037,4
190259503002038,4
190259503002039,4
190259503002056,4
190259503002057,4
190259503002058,4
190259503002059,4
190259503002060,4
190259503002061,4
190259503002062,4
190259503002063,4
190259503002064,4
190259503002065,4
190259503002066,4
190259503002067,4
190259503002068,4
190259503002069,4
190259503002070,4
190259503002071,4
190259503002072,4
190259503002073,4
190259503002081,4
190259503002082,4
190259503002083,4
190259503002084,4
190259503002085,4
190259503002086,4
190259503002087,4
190259503002088,4
190259503002089,4
190259503002090,4
190259503002091,4
190259503002092,4
190259503002093,4
190259503002094,4
190259503002095,4
190259503002096,4
190259503002097,4
190259503002098,4
190259503002099,4
190259503002100,4
190259503002101,4
190259503002102,4
190259503002103,4
190259503002104,4
190259503002105,4
190259503002106,4
190259503002107,4
190259503002108,4
190259503002109,4
190259503002110,4
190259503002132,4
190259503002133,4
190259503002134,4
190259503002135,4
190259503002136,4
190259503002137,4
190259503002138,4
190259503002139,4
190259503002140,4
190259503002141,4
190259503002142,4
190259503002143,4
190259503002144,4
190259503002145,4
190259503002146,4
190259503002147,4
190259503002155,4
190259503002163,4
190259503002164,4
190259503002165,4
190259503002248,4
190259503002380,4
190259503002381,4
190259503002383,4
190259503002384,4
190259503002148,4
190259503002149,4
190259503002150,4
190259503002151,4
190259503002152,4
190259503002156,4
190259503002157,4
190259503002158,4
190259503002159,4
190259503002160,4
190259503002241,4
190259503002242,4
190259503002244,4
190259503002245,4
190259503002293,4
190259503002294,4
190259503002167,4
190259503002168,4
190259503002169,4
190259503002170,4
190259503002175,4
190259503002176,4
190259503002177,4
190259503002181,4
190259503002182,4
190259503002183,4
190259503002184,4
190259503002186,4
190259503002187,4
190259503002188,4
190259503002189,4
190259503002190,4
190259503002191,4
190259503002192,4
190259503002193,4
190259503002194,4
190259503002195,4
190259503002196,4
190259503002197,4
190259503002198,4
190259503002199,4
190259503002200,4
190259503002201,4
190259503002202,4
190259503002205,4
190259503002206,4
190259503002207,4
190259503002208,4
190259503002209,4
190259503002210,4
190259503002211,4
190259503002215,4
190259503002216,4
190259503002217,4
190259503002222,4
190259503002223,4
190259503002224,4
190259503002225,4
190259503002226,4
190259503002227,4
190259503002287,4
190259503002382,4
190259504001000,4
190259504001001,4
190259504001002,4
190259504001003,4
190259504001004,4
190259504001005,4
190259504001006,4
190259504001018,4
190259504001019,4
190259504001020,4
190259504001021,4
190259504001022,4
190259504001023,4
190259504001024,4
190259504001025,4
190259504001026,4
190259504001027,4
190259504001028,4
190259504001029,4
190259504001030,4
190259504001040,4
190259504001041,4
190259504001042,4
190259504001043,4
190259504001063,4
190259504001064,4
190259504001065,4
190259504001066,4
190259504001067,4
190259504001068,4
190259504001069,4
190259504001070,4
190259504001071,4
190259504001072,4
190259504001073,4
190259504001074,4
190259504001075,4
190259504001077,4
190259504001078,4
190259504001079,4
190259504001080,4
190259504001081,4
190259504001082,4
190259504001083,4
190259504001084,4
190259504001085,4
190259504001086,4
190259504001087,4
190259504001088,4
190259504001089,4
190259504001094,4
190259504001103,4
190259504001007,4
190259504001008,4
190259504001009,4
190259504001010,4
190259504001011,4
190259504001012,4
190259504001013,4
190259504001014,4
190259504001015,4
190259504001016,4
190259504001017,4
190259504001031,4
190259504001032,4
190259504001033,4
190259504001034,4
190259504001035,4
190259504001036,4
190259504001037,4
190259504001038,4
190259504001039,4
190259504001044,4
190259504001045,4
190259504001046,4
190259504001047,4
190259504001048,4
190259504001049,4
190259504001050,4
190259504001051,4
190259504001052,4
190259504001053,4
190259504001054,4
190259504001055,4
190259504001056,4
190259504001057,4
190259504001058,4
190259504001059,4
190259504001060,4
190259504001061,4
190259504001062,4
190259504001076,4
190259504001109,4
190259504001124,4
190259504001125,4
190259504001126,4
190259504001127,4
190259504001128,4
190259504001129,4
190259504001130,4
190259504001131,4
190259504001132,4
190259504001133,4
190259504001134,4
190259504001135,4
190259504001136,4
190259504001137,4
190259504001138,4
190259504001139,4
190259504001140,4
190259504001141,4
190259504001142,4
190259504001143,4
190259504001164,4
190259504001165,4
190259504001090,4
190259504001091,4
190259504001092,4
190259504001093,4
190259504001095,4
190259504001096,4
190259504001097,4
190259504001098,4
190259504001099,4
190259504001100,4
190259504001101,4
190259504001102,4
190259504001104,4
190259504001105,4
190259504001106,4
190259504001107,4
190259504001108,4
190259504001110,4
190259504001112,4
190259504001113,4
190259504001114,4
190259504001174,4
190259504001175,4
190259504001176,4
190259504001177,4
190259504001178,4
190259504001179,4
190259504002000,4
190259504002001,4
190259504002011,4
190259504002012,4
190259504002014,4
190259504003061,4
190259504003062,4
190259504001115,4
190259504001116,4
190259504001117,4
190259504001118,4
190259504001119,4
190259504001120,4
190259504001121,4
190259504001122,4
190259504001123,4
190259504001144,4
190259504001145,4
190259504001146,4
190259504001147,4
190259504001148,4
190259504001149,4
190259504001150,4
190259504001151,4
190259504001152,4
190259504001153,4
190259504001154,4
190259504001155,4
190259504001156,4
190259504001157,4
190259504001158,4
190259504001159,4
190259504001160,4
190259504001161,4
190259504001162,4
190259504001163,4
190259504001166,4
190259504001167,4
190259504001168,4
190259504001169,4
190259504001170,4
190259504001171,4
190259504001172,4
190259504001173,4
190259504001182,4
190259504001183,4
190259504001185,4
190259504002002,4
190259504002003,4
190259504002004,4
190259504002005,4
190259504002006,4
190259504002007,4
190259504003019,4
190259504003020,4
190259504003021,4
190259504003022,4
190259504003063,4
190259504002008,4
190259504002009,4
190259504002010,4
190259504002013,4
190259504002015,4
190259504002016,4
190259504002017,4
190259504002018,4
190259504002019,4
190259504002020,4
190259504002021,4
190259504002022,4
190259504002023,4
190259504002024,4
190259504002025,4
190259504002026,4
190259504002027,4
190259504002028,4
190259504002029,4
190259504002030,4
190259504002031,4
190259504002032,4
190259504002033,4
190259504002034,4
190259504002035,4
190259504002036,4
190259504002037,4
190259504002038,4
190259504002039,4
190259504002040,4
190259504002041,4
190259504002042,4
190259504002043,4
190259504002044,4
190259504002045,4
190259504002046,4
190259504002047,4
190259504002048,4
190259504002049,4
190259504002050,4
190259504002051,4
190259504002052,4
190259504002053,4
190259504002054,4
190259504002055,4
190259504002056,4
190259504002057,4
190259504002058,4
190259504002059,4
190259504002060,4
190259504002061,4
190259504002062,4
190259504002063,4
190259504002064,4
190259504002065,4
190259504002066,4
190259504002067,4
190259504002068,4
190259504002069,4
190259504002070,4
190259504002071,4
190259504002072,4
190259504002073,4
190259504002074,4
190259504002075,4
190259504002076,4
190259504002077,4
190259504002078,4
190259504002079,4
190259504002080,4
190259504002081,4
190259504002082,4
190259504002083,4
190259504002084,4
190259504002085,4
190259504002086,4
190259504002087,4
190259504002088,4
190259504002089,4
190259504002090,4
190259504002091,4
190259504003000,4
190259504003001,4
190259504003002,4
190259504003003,4
190259504003004,4
190259504003005,4
190259504003006,4
190259504003007,4
190259504003008,4
190259504003009,4
190259504003010,4
190259504003011,4
190259504003012,4
190259504003013,4
190259504003014,4
190259504003015,4
190259504003016,4
190259504003017,4
190259504003018,4
190259504003023,4
190259504003024,4
190259504003025,4
190259504003026,4
190259504003027,4
190259504003028,4
190259504003029,4
190259504003030,4
190259504003031,4
190259504003032,4
190259504003033,4
190259504003034,4
190259504003035,4
190259504003036,4
190259504003037,4
190259504003038,4
190259504003039,4
190259504003040,4
190259504003041,4
190259504003042,4
190259504003043,4
190259504003044,4
190259504003045,4
190259504003046,4
190259504003047,4
190259504003048,4
190259504003049,4
190259504003050,4
190259504003051,4
190259504003052,4
190259504003053,4
190259504003054,4
190259504003055,4
190259504003056,4
190259504003057,4
190259504003058,4
190259504003059,4
190259504003060,4
190279601001000,4
190279601001001,4
190279601001002,4
190279601001003,4
190279601001004,4
190279601001005,4
190279601001006,4
190279601001007,4
190279601001008,4
190279601001009,4
190279601001041,4
190279601001042,4
190279601001043,4
190279601001044,4
190279601001045,4
190279601001046,4
190279601001047,4
190279601001048,4
190279601001049,4
190279601001050,4
190279601001051,4
190279601001052,4
190279601001053,4
190279601001054,4
190279601001055,4
190279601001056,4
190279601001057,4
190279601001058,4
190279601001059,4
190279601001060,4
190279601001061,4
190279601001062,4
190279601001063,4
190279601001064,4
190279601001065,4
190279601001066,4
190279601001067,4
190279601001068,4
190279601001069,4
190279601001070,4
190279601001071,4
190279601001072,4
190279601001073,4
190279601001074,4
190279601001075,4
190279601001076,4
190279601001077,4
190279601001078,4
190279601001079,4
190279601001080,4
190279601001081,4
190279601001082,4
190279601001083,4
190279601001084,4
190279601001085,4
190279601001086,4
190279601001087,4
190279601001088,4
190279601001089,4
190279601001092,4
190279601001093,4
190279601001128,4
190279601001375,4
190279601001376,4
190279601001377,4
190279601001378,4
190279601001379,4
190279601001380,4
190279601001381,4
190279601001382,4
190279601001383,4
190279601001384,4
190279601001385,4
190279601001386,4
190279601001387,4
190279601001388,4
190279601001389,4
190279601001390,4
190279601001391,4
190279601001392,4
190279601001393,4
190279601001394,4
190279601001395,4
190279601001396,4
190279601001399,4
190279601001400,4
190279601001010,4
190279601001011,4
190279601001012,4
190279601001013,4
190279601001014,4
190279601001015,4
190279601001016,4
190279601001017,4
190279601001030,4
190279601001031,4
190279601001032,4
190279601001033,4
190279601001034,4
190279601001035,4
190279601001036,4
190279601001037,4
190279601001038,4
190279601001039,4
190279601001040,4
190279601001090,4
190279601001091,4
190279601001094,4
190279601001095,4
190279601001096,4
190279601001097,4
190279601001098,4
190279601001099,4
190279601001100,4
190279601001101,4
190279601001102,4
190279601001103,4
190279601001104,4
190279601001105,4
190279601001106,4
190279601001107,4
190279601001108,4
190279601001109,4
190279601001110,4
190279601001111,4
190279601001112,4
190279601001113,4
190279601001114,4
190279601001115,4
190279601001118,4
190279601001119,4
190279601001120,4
190279601001121,4
190279601001122,4
190279601001123,4
190279601001124,4
190279601001125,4
190279601001126,4
190279601001127,4
190279601001129,4
190279601001130,4
190279601001155,4
190279601001156,4
190279601001157,4
190279601001158,4
190279601001159,4
190279601001018,4
190279601001019,4
190279601001020,4
190279601001021,4
190279601001022,4
190279601001023,4
190279601001024,4
190279601001025,4
190279601001026,4
190279601001027,4
190279601001028,4
190279601001029,4
190279601001116,4
190279601001117,4
190279601001160,4
190279601001161,4
190279601001162,4
190279601001163,4
190279601001164,4
190279601001165,4
190279601001166,4
190279601001167,4
190279601001168,4
190279601001169,4
190279601001170,4
190279601001171,4
190279601001172,4
190279601001173,4
190279601001174,4
190279601001175,4
190279601001176,4
190279601001177,4
190279601001178,4
190279601001179,4
190279601001180,4
190279601001181,4
190279601001182,4
190279601001183,4
190279601001184,4
190279601001185,4
190279601001186,4
190279601001187,4
190279601001188,4
190279601001205,4
190279601001367,4
190279602001000,4
190279602001010,4
190279602001011,4
190279602001039,4
190279601001131,4
190279601001132,4
190279601001133,4
190279601001146,4
190279601001147,4
190279601001148,4
190279601001149,4
190279601001150,4
190279601001151,4
190279601001152,4
190279601001153,4
190279601001154,4
190279601001249,4
190279601001250,4
190279601001251,4
190279601001252,4
190279601001253,4
190279601001254,4
190279601001255,4
190279601001256,4
190279601001257,4
190279601001258,4
190279601001259,4
190279601001260,4
190279601001261,4
190279601001262,4
190279601001263,4
190279601001264,4
190279601001265,4
190279601001266,4
190279601001267,4
190279601001268,4
190279601001269,4
190279601001270,4
190279601001271,4
190279601001272,4
190279601001273,4
190279601001274,4
190279601001275,4
190279601001276,4
190279601001277,4
190279601001278,4
190279601001279,4
190279601001280,4
190279601001281,4
190279601001282,4
190279601001283,4
190279601001284,4
190279601001285,4
190279601001286,4
190279601001287,4
190279601001288,4
190279601001289,4
190279601001290,4
190279601001291,4
190279601001292,4
190279601001293,4
190279601001295,4
190279601001296,4
190279601001299,4
190279601001300,4
190279601001301,4
190279601001304,4
190279601001358,4
190279601001362,4
190279601002111,4
190279601002112,4
190279601002113,4
190279601002114,4
190279601002115,4
190279601002116,4
190279603001000,4
190279603002024,4
190279604004000,4
190279604004023,4
190279604004024,4
190279604004030,4
190279604004031,4
190279601001134,4
190279601001135,4
190279601001136,4
190279601001137,4
190279601001138,4
190279601001139,4
190279601001140,4
190279601001141,4
190279601001142,4
190279601001143,4
190279601001144,4
190279601001145,4
190279601001368,4
190279601001369,4
190279601001370,4
190279601001371,4
190279601001372,4
190279601001397,4
190279601001398,4
190279601001189,4
190279601001190,4
190279601001191,4
190279601001192,4
190279601001193,4
190279601001194,4
190279601001195,4
190279601001196,4
190279601001197,4
190279601001198,4
190279601001199,4
190279601001200,4
190279601001201,4
190279601001202,4
190279601001203,4
190279601001204,4
190279601001206,4
190279601001207,4
190279601001208,4
190279601001209,4
190279601001210,4
190279601001211,4
190279601001212,4
190279601001213,4
190279601001214,4
190279601001215,4
190279601001216,4
190279601001217,4
190279601001218,4
190279601001219,4
190279601001220,4
190279601001221,4
190279601001222,4
190279601001223,4
190279601001224,4
190279601001225,4
190279601001226,4
190279601001227,4
190279601001228,4
190279601001229,4
190279601001230,4
190279601001231,4
190279601001232,4
190279601001233,4
190279601001234,4
190279601001235,4
190279601001236,4
190279601001237,4
190279601001238,4
190279601001239,4
190279601001240,4
190279601001241,4
190279601001242,4
190279601001243,4
190279601001244,4
190279601001245,4
190279601001246,4
190279601001247,4
190279601001248,4
190279601001363,4
190279601001364,4
190279601001365,4
190279601001366,4
190279601001373,4
190279601001374,4
190279602001139,4
190279602001140,4
190279602001215,4
190279602001216,4
190279603001013,4
190279603001014,4
190279603001015,4
190279603001016,4
190279603001020,4
190279604002003,4
190279604002008,4
190279604002010,4
190279604002011,4
190279604002023,4
190279604002024,4
190279604002025,4
190279604003002,4
190279604003011,4
190279604003025,4
190279604003026,4
190279601001294,4
190279601001297,4
190279601001298,4
190279601001302,4
190279601001303,4
190279601001305,4
190279601001306,4
190279601001307,4
190279601001308,4
190279601001309,4
190279601001310,4
190279601001311,4
190279601001312,4
190279601001313,4
190279601001314,4
190279601001315,4
190279601001316,4
190279601001317,4
190279601001318,4
190279601001319,4
190279601001320,4
190279601001321,4
190279601001322,4
190279601001323,4
190279601001324,4
190279601001325,4
190279601001326,4
190279601001327,4
190279601001328,4
190279601001329,4
190279601001330,4
190279601001331,4
190279601001332,4
190279601001333,4
190279601001334,4
190279601001335,4
190279601001336,4
190279601001337,4
190279601001338,4
190279601001339,4
190279601001340,4
190279601001341,4
190279601001342,4
190279601001343,4
190279601001344,4
190279601001345,4
190279601001346,4
190279601001347,4
190279601001348,4
190279601001349,4
190279601001350,4
190279601001351,4
190279601001352,4
190279601001353,4
190279601001354,4
190279601001355,4
190279601001356,4
190279601001357,4
190279601002119,4
190279601002120,4
190279601002121,4
190279601002122,4
190279601002123,4
190279601002124,4
190279601002155,4
190279601001359,4
190279601001360,4
190279601001361,4
190279601001401,4
190279603001001,4
190279603001002,4
190279603001003,4
190279603001004,4
190279603001005,4
190279603001006,4
190279603001007,4
190279603001008,4
190279603001009,4
190279603001010,4
190279603001011,4
190279603001012,4
190279603001017,4
190279603001018,4
190279603001019,4
190279603001021,4
190279603001022,4
190279603001023,4
190279603001024,4
190279603001025,4
190279603001026,4
190279603001027,4
190279603001028,4
190279603001029,4
190279603001030,4
190279603001031,4
190279603001032,4
190279603001033,4
190279603001034,4
190279603001035,4
190279603001036,4
190279603001037,4
190279603001038,4
190279603001039,4
190279603001040,4
190279603001041,4
190279603001042,4
190279603001043,4
190279603001044,4
190279603001045,4
190279603001046,4
190279603001047,4
190279603001048,4
190279603001049,4
190279603001050,4
190279603001051,4
190279603001052,4
190279603001053,4
190279603001054,4
190279603001055,4
190279603001056,4
190279603002000,4
190279603002001,4
190279603002002,4
190279603002003,4
190279603002004,4
190279603002005,4
190279603002006,4
190279603002007,4
190279603002008,4
190279603002009,4
190279603002010,4
190279603002011,4
190279603002012,4
190279603002013,4
190279603002014,4
190279603002015,4
190279603002016,4
190279603002017,4
190279603002018,4
190279603002019,4
190279603002020,4
190279603002021,4
190279603002022,4
190279603002023,4
190279603002025,4
190279603002026,4
190279603002027,4
190279603002028,4
190279603002029,4
190279603002030,4
190279603002031,4
190279603002032,4
190279603002033,4
190279603002034,4
190279603002035,4
190279603002036,4
190279603002037,4
190279603003000,4
190279603003001,4
190279603003002,4
190279603003003,4
190279603003004,4
190279603003005,4
190279603003006,4
190279603003007,4
190279603003008,4
190279603003009,4
190279603003010,4
190279603003011,4
190279603003012,4
190279603003013,4
190279603003014,4
190279603003015,4
190279603003016,4
190279603003017,4
190279603003018,4
190279603003019,4
190279603003020,4
190279603003021,4
190279603003022,4
190279603003023,4
190279603003024,4
190279603003025,4
190279603003026,4
190279603003027,4
190279603003028,4
190279603003029,4
190279603003030,4
190279603003031,4
190279603003032,4
190279603003033,4
190279603003034,4
190279603003035,4
190279603003036,4
190279603003037,4
190279603003038,4
190279603003039,4
190279603003040,4
190279603003041,4
190279603003042,4
190279603003043,4
190279603003044,4
190279603003045,4
190279603003046,4
190279603003047,4
190279603003048,4
190279603003049,4
190279603003050,4
190279603003051,4
190279603003052,4
190279603003053,4
190279603003054,4
190279603003055,4
190279603003056,4
190279603003057,4
190279603003058,4
190279603003059,4
190279603003060,4
190279603003061,4
190279604001000,4
190279604001001,4
190279604001002,4
190279604001003,4
190279604001004,4
190279604001005,4
190279604001006,4
190279604001007,4
190279604001008,4
190279604001009,4
190279604001010,4
190279604001011,4
190279604001012,4
190279604001013,4
190279604001014,4
190279604001015,4
190279604001016,4
190279604001017,4
190279604001018,4
190279604001019,4
190279604001020,4
190279604001021,4
190279604001022,4
190279604001023,4
190279604001024,4
190279604001025,4
190279604001026,4
190279604001027,4
190279604001028,4
190279604001029,4
190279604001030,4
190279604001031,4
190279604001032,4
190279604001033,4
190279604001034,4
190279604001035,4
190279604001036,4
190279604001037,4
190279604001038,4
190279604001039,4
190279604001040,4
190279604001041,4
190279604001042,4
190279604002000,4
190279604002001,4
190279604002002,4
190279604002004,4
190279604002005,4
190279604002006,4
190279604002007,4
190279604002009,4
190279604002012,4
190279604002013,4
190279604002014,4
190279604002015,4
190279604002016,4
190279604002017,4
190279604002018,4
190279604002019,4
190279604002020,4
190279604002021,4
190279604002022,4
190279604002026,4
190279604002027,4
190279604002028,4
190279604002029,4
190279604002030,4
190279604002031,4
190279604002032,4
190279604002033,4
190279604002034,4
190279604002035,4
190279604002036,4
190279604002037,4
190279604002038,4
190279604002039,4
190279604002040,4
190279604002041,4
190279604002042,4
190279604002043,4
190279604002044,4
190279604002045,4
190279604002046,4
190279604002047,4
190279604002048,4
190279604002049,4
190279604002050,4
190279604003000,4
190279604003001,4
190279604003003,4
190279604003004,4
190279604003005,4
190279604003006,4
190279604003007,4
190279604003008,4
190279604003009,4
190279604003010,4
190279604003012,4
190279604003013,4
190279604003014,4
190279604003015,4
190279604003016,4
190279604003017,4
190279604003018,4
190279604003019,4
190279604003020,4
190279604003021,4
190279604003022,4
190279604003023,4
190279604003024,4
190279604004001,4
190279604004002,4
190279604004003,4
190279604004004,4
190279604004005,4
190279604004006,4
190279604004007,4
190279604004008,4
190279604004009,4
190279604004010,4
190279604004011,4
190279604004012,4
190279604004013,4
190279604004014,4
190279604004015,4
190279604004016,4
190279604004017,4
190279604004018,4
190279604004019,4
190279604004020,4
190279604004021,4
190279604004022,4
190279604004025,4
190279604004026,4
190279604004027,4
190279604004028,4
190279604004029,4
190279604004032,4
190279604004033,4
190279604004034,4
190279604004035,4
190279604004036,4
190279604004037,4
190279604004038,4
190279604004039,4
190279604004040,4
190279604004041,4
190279604004042,4
190279604004043,4
190279604004044,4
190279604004045,4
190279604004046,4
190279604004047,4
190279604004048,4
190279604004049,4
190279604004050,4
190279604004051,4
190279604004052,4
190279604004053,4
190279604004054,4
190279601002000,4
190279601002001,4
190279601002002,4
190279601002003,4
190279601002004,4
190279601002005,4
190279601002006,4
190279601002007,4
190279601002008,4
190279601002009,4
190279601002010,4
190279601002011,4
190279601002012,4
190279601002013,4
190279601002014,4
190279601002015,4
190279601002016,4
190279601002017,4
190279601002018,4
190279601002019,4
190279601002020,4
190279601002021,4
190279601002022,4
190279601002023,4
190279601002024,4
190279601002025,4
190279601002026,4
190279601002027,4
190279601002028,4
190279601002029,4
190279601002030,4
190279601002031,4
190279601002032,4
190279601002033,4
190279601002034,4
190279601002035,4
190279601002036,4
190279601002037,4
190279601002038,4
190279601002039,4
190279601002040,4
190279601002041,4
190279601002042,4
190279601002043,4
190279601002044,4
190279601002045,4
190279601002046,4
190279601002047,4
190279601002048,4
190279601002049,4
190279601002050,4
190279601002051,4
190279601002052,4
190279601002053,4
190279601002054,4
190279601002055,4
190279601002056,4
190279601002057,4
190279601002058,4
190279601002059,4
190279601002060,4
190279601002061,4
190279601002062,4
190279601002063,4
190279601002064,4
190279601002065,4
190279601002066,4
190279601002067,4
190279601002068,4
190279601002069,4
190279601002070,4
190279601002071,4
190279601002072,4
190279601002073,4
190279601002074,4
190279601002075,4
190279601002076,4
190279601002077,4
190279601002078,4
190279601002079,4
190279601002080,4
190279601002081,4
190279601002082,4
190279601002083,4
190279601002084,4
190279601002085,4
190279601002086,4
190279601002087,4
190279601002088,4
190279601002089,4
190279601002090,4
190279601002091,4
190279601002092,4
190279601002093,4
190279601002094,4
190279601002100,4
190279601002101,4
190279601002102,4
190279601002103,4
190279601002104,4
190279601002105,4
190279601002106,4
190279601002107,4
190279601002108,4
190279601002109,4
190279601002110,4
190279601002117,4
190279601002176,4
190279601002095,4
190279601002096,4
190279601002097,4
190279601002098,4
190279601002099,4
190279601002134,4
190279601002135,4
190279601002118,4
190279601002125,4
190279601002126,4
190279601002127,4
190279601002128,4
190279601002129,4
190279601002130,4
190279601002131,4
190279601002132,4
190279601002133,4
190279601002136,4
190279601002137,4
190279601002138,4
190279601002139,4
190279601002140,4
190279601002141,4
190279601002142,4
190279601002143,4
190279601002144,4
190279601002145,4
190279601002146,4
190279601002147,4
190279601002148,4
190279601002149,4
190279601002150,4
190279601002151,4
190279601002152,4
190279601002153,4
190279601002154,4
190279601002156,4
190279601002157,4
190279601002158,4
190279601002159,4
190279601002160,4
190279601002161,4
190279601002162,4
190279601002163,4
190279601002164,4
190279601002165,4
190279601002166,4
190279601002167,4
190279601002168,4
190279601002169,4
190279601002170,4
190279601002171,4
190279601002172,4
190279601002173,4
190279601002174,4
190279601002175,4
190279601002177,4
190279602001001,4
190279602001002,4
190279602001003,4
190279602001004,4
190279602001005,4
190279602001006,4
190279602001007,4
190279602001008,4
190279602001009,4
190279602001012,4
190279602001013,4
190279602001014,4
190279602001015,4
190279602001016,4
190279602001017,4
190279602001018,4
190279602001019,4
190279602001020,4
190279602001021,4
190279602001022,4
190279602001023,4
190279602001024,4
190279602001025,4
190279602001026,4
190279602001027,4
190279602001029,4
190279602001030,4
190279602001031,4
190279602001032,4
190279602001033,4
190279602001034,4
190279602001035,4
190279602001036,4
190279602001037,4
190279602001038,4
190279602001054,4
190279602001055,4
190279602001056,4
190279602001057,4
190279602001058,4
190279602001059,4
190279602001060,4
190279602001061,4
190279602001062,4
190279602001063,4
190279602001064,4
190279602001065,4
190279602001066,4
190279602001067,4
190279602001068,4
190279602001069,4
190279602001070,4
190279602001071,4
190279602001086,4
190279602001312,4
190279602001313,4
190279602001317,4
190279602001028,4
190279602001040,4
190279602001041,4
190279602001042,4
190279602001043,4
190279602001044,4
190279602001045,4
190279602001046,4
190279602001047,4
190279602001048,4
190279602001049,4
190279602001050,4
190279602001051,4
190279602001052,4
190279602001053,4
190279602001315,4
190279602001318,4
190279602001319,4
190279602001320,4
190279602001321,4
190279602001322,4
190279602001323,4
190279602001324,4
190279602001325,4
190279602001326,4
190279602001327,4
190279602001328,4
190279602001329,4
190279602001330,4
190279602001331,4
190279602001332,4
190279602001333,4
190279602001334,4
190279602001335,4
190279602001072,4
190279602001073,4
190279602001074,4
190279602001075,4
190279602001076,4
190279602001077,4
190279602001078,4
190279602001079,4
190279602001080,4
190279602001081,4
190279602001082,4
190279602001083,4
190279602001084,4
190279602001085,4
190279602001087,4
190279602001088,4
190279602001089,4
190279602001090,4
190279602001091,4
190279602001092,4
190279602001093,4
190279602001094,4
190279602001095,4
190279602001096,4
190279602001097,4
190279602001098,4
190279602001099,4
190279602001100,4
190279602001101,4
190279602001102,4
190279602001103,4
190279602001104,4
190279602001105,4
190279602001106,4
190279602001107,4
190279602001108,4
190279602001109,4
190279602001110,4
190279602001111,4
190279602001112,4
190279602001113,4
190279602001114,4
190279602001115,4
190279602001116,4
190279602001117,4
190279602001118,4
190279602001119,4
190279602001120,4
190279602001121,4
190279602001122,4
190279602001123,4
190279602001124,4
190279602001125,4
190279602001126,4
190279602001127,4
190279602001128,4
190279602001129,4
190279602001130,4
190279602001131,4
190279602001132,4
190279602001133,4
190279602001134,4
190279602001135,4
190279602001136,4
190279602001137,4
190279602001138,4
190279602001141,4
190279602001142,4
190279602001143,4
190279602001144,4
190279602001145,4
190279602001146,4
190279602001147,4
190279602001148,4
190279602001149,4
190279602001150,4
190279602001151,4
190279602001152,4
190279602001153,4
190279602001154,4
190279602001155,4
190279602001156,4
190279602001157,4
190279602001158,4
190279602001159,4
190279602001160,4
190279602001161,4
190279602001162,4
190279602001163,4
190279602001164,4
190279602001165,4
190279602001166,4
190279602001167,4
190279602001168,4
190279602001169,4
190279602001170,4
190279602001171,4
190279602001172,4
190279602001173,4
190279602001178,4
190279602001183,4
190279602001184,4
190279602001308,4
190279602001309,4
190279602001310,4
190279602001174,4
190279602001175,4
190279602001176,4
190279602001177,4
190279602001179,4
190279602001180,4
190279602001181,4
190279602001182,4
190279602001185,4
190279602001186,4
190279602001187,4
190279602001188,4
190279602001189,4
190279602001190,4
190279602001191,4
190279602001192,4
190279602001193,4
190279602001194,4
190279602001195,4
190279602001196,4
190279602001197,4
190279602001198,4
190279602001199,4
190279602001200,4
190279602001201,4
190279602001202,4
190279602001203,4
190279602001204,4
190279602001205,4
190279602001206,4
190279602001207,4
190279602001208,4
190279602001209,4
190279602001243,4
190279602001244,4
190279602001245,4
190279602001247,4
190279602001248,4
190279602001249,4
190279602001250,4
190279602001251,4
190279602001252,4
190279602001253,4
190279602001254,4
190279602001255,4
190279602001256,4
190279602001257,4
190279602001258,4
190279602001259,4
190279602001260,4
190279602001261,4
190279602001262,4
190279602001263,4
190279602001264,4
190279602001305,4
190279602001306,4
190279602001307,4
190279602001311,4
190279602001314,4
190279602001316,4
190279602001210,4
190279602001213,4
190279602001214,4
190279602001217,4
190279602001218,4
190279602001219,4
190279602001220,4
190279602001221,4
190279602001222,4
190279602001223,4
190279602001224,4
190279602001225,4
190279602001226,4
190279602001227,4
190279602001228,4
190279602001229,4
190279602001230,4
190279602001231,4
190279602001232,4
190279602001233,4
190279602001234,4
190279602001235,4
190279602001236,4
190279602001237,4
190279602001238,4
190279602001239,4
190279602001240,4
190279602001241,4
190279602001246,4
190279602001265,4
190279602001266,4
190279602001267,4
190279602001268,4
190279602001269,4
190279602001270,4
190279602001271,4
190279602001272,4
190279602001273,4
190279602001274,4
190279602001275,4
190279602001276,4
190279602001277,4
190279602001278,4
190279602001279,4
190279602001280,4
190279602001281,4
190279602001282,4
190279602001283,4
190279602001284,4
190279602001285,4
190279602001286,4
190279602001298,4
190279602001299,4
190279602001211,4
190279602001212,4
190279602001242,4
190279602001287,4
190279602001288,4
190279602001289,4
190279602001290,4
190279602001291,4
190279602001292,4
190279602001293,4
190279602001294,4
190279602001295,4
190279602001296,4
190279602001297,4
190279602001300,4
190279602001301,4
190279602001302,4
190279602001303,4
190279602001304,4
190279605001000,4
190279605001001,4
190279605001002,4
190279605001003,4
190279605001004,4
190279605001005,4
190279605001006,4
190279605001010,4
190279605001011,4
190279605001012,4
190279605001013,4
190279605001014,4
190279605001015,4
190279605001016,4
190279605001017,4
190279605001018,4
190279605001019,4
190279605001020,4
190279605001021,4
190279605001022,4
190279605001023,4
190279605001024,4
190279605001025,4
190279605001026,4
190279605001094,4
190279605001095,4
190279605001096,4
190279605001097,4
190279605001098,4
190279605001099,4
190279605001100,4
190279605001101,4
190279605001102,4
190279605001103,4
190279605001104,4
190279605001105,4
190279605001112,4
190279605001113,4
190279605001114,4
190279605001115,4
190279605001116,4
190279605001117,4
190279605001130,4
190279605001131,4
190279605001132,4
190279605001133,4
190279605001134,4
190279605001135,4
190279605001136,4
190279605001137,4
190279605001139,4
190279605001189,4
190279605001190,4
190279605001191,4
190279605001199,4
190279605001200,4
190279605001214,4
190279605001007,4
190279605001008,4
190279605001009,4
190279605001027,4
190279605001028,4
190279605001029,4
190279605001030,4
190279605001031,4
190279605001032,4
190279605001033,4
190279605001034,4
190279605001035,4
190279605001036,4
190279605001037,4
190279605001038,4
190279605001039,4
190279605001040,4
190279605001041,4
190279605001042,4
190279605001043,4
190279605001044,4
190279605001045,4
190279605001046,4
190279605001047,4
190279605001048,4
190279605001049,4
190279605001050,4
190279605001051,4
190279605001052,4
190279605001053,4
190279605001054,4
190279605001055,4
190279605001056,4
190279605001057,4
190279605001058,4
190279605001059,4
190279605001060,4
190279605001061,4
190279605001062,4
190279605001063,4
190279605001064,4
190279605001065,4
190279605001066,4
190279605001067,4
190279605001068,4
190279605001069,4
190279605001070,4
190279605001071,4
190279605001072,4
190279605001073,4
190279605001074,4
190279605001075,4
190279605001076,4
190279605001077,4
190279605001078,4
190279605001079,4
190279605001080,4
190279605001081,4
190279605001082,4
190279605001083,4
190279605001084,4
190279605001085,4
190279605001086,4
190279605001087,4
190279605001088,4
190279605001089,4
190279605001090,4
190279605001091,4
190279605001092,4
190279605001093,4
190279605001183,4
190279605001184,4
190279605001185,4
190279605001186,4
190279605001187,4
190279605001188,4
190279605001201,4
190279605001202,4
190279605001203,4
190279605001204,4
190279605001205,4
190279605001208,4
190279605001209,4
190279605001210,4
190279605001211,4
190279605001212,4
190279605001213,4
190279605001215,4
190279605001106,4
190279605001107,4
190279605001108,4
190279605001109,4
190279605001110,4
190279605001111,4
190279605001118,4
190279605001119,4
190279605001120,4
190279605001121,4
190279605001122,4
190279605001123,4
190279605001124,4
190279605001125,4
190279605001126,4
190279605001127,4
190279605001128,4
190279605001129,4
190279605001138,4
190279605001140,4
190279605001141,4
190279605001142,4
190279605001143,4
190279605001144,4
190279605001145,4
190279605001146,4
190279605001147,4
190279605001148,4
190279605001149,4
190279605001150,4
190279605001151,4
190279605001152,4
190279605001153,4
190279605001154,4
190279605001155,4
190279605001156,4
190279605001157,4
190279605001158,4
190279605001159,4
190279605001160,4
190279605001161,4
190279605001162,4
190279605001163,4
190279605001164,4
190279605001165,4
190279605001166,4
190279605001167,4
190279605001168,4
190279605001169,4
190279605001170,4
190279605001171,4
190279605001172,4
190279605001173,4
190279605001174,4
190279605001175,4
190279605001176,4
190279605001177,4
190279605001178,4
190279605001179,4
190279605001180,4
190279605001181,4
190279605001182,4
190279605001192,4
190279605001193,4
190279605001194,4
190279605001195,4
190279605001196,4
190279605001197,4
190279605001198,4
190279605001206,4
190279605001207,4
190279606001000,4
190279606001001,4
190279606001002,4
190279606001003,4
190279606001004,4
190279606001005,4
190279606001006,4
190279606001007,4
190279606001017,4
190279606001018,4
190279606001019,4
190279606001020,4
190279606001021,4
190279606001022,4
190279606001023,4
190279606001024,4
190279606001025,4
190279606001026,4
190279606001027,4
190279606001028,4
190279606001029,4
190279606001030,4
190279606001031,4
190279606001032,4
190279606001033,4
190279606001034,4
190279606001035,4
190279606001036,4
190279606001037,4
190279606001038,4
190279606001039,4
190279606001040,4
190279606001043,4
190279606001044,4
190279606001045,4
190279606001046,4
190279606001047,4
190279606001048,4
190279606001049,4
190279606001050,4
190279606001051,4
190279606001052,4
190279606001053,4
190279606001054,4
190279606001055,4
190279606001056,4
190279606001057,4
190279606001058,4
190279606001059,4
190279606001060,4
190279606001061,4
190279606001062,4
190279606001063,4
190279606001064,4
190279606001065,4
190279606001066,4
190279606001067,4
190279606001068,4
190279606001069,4
190279606001070,4
190279606001071,4
190279606001072,4
190279606001073,4
190279606001074,4
190279606001075,4
190279606001076,4
190279606001077,4
190279606001078,4
190279606001079,4
190279606001080,4
190279606001081,4
190279606001082,4
190279606001083,4
190279606001084,4
190279606001085,4
190279606001086,4
190279606001087,4
190279606001088,4
190279606001089,4
190279606001090,4
190279606001105,4
190279606001106,4
190279606001108,4
190279606001121,4
190279606001122,4
190279606001123,4
190279606001124,4
190279606001125,4
190279606001126,4
190279606001127,4
190279606001135,4
190279606001136,4
190279606001137,4
190279606001139,4
190279606001008,4
190279606001009,4
190279606001010,4
190279606001011,4
190279606001012,4
190279606001013,4
190279606001014,4
190279606001015,4
190279606001016,4
190279606001041,4
190279606001042,4
190279606001091,4
190279606001092,4
190279606001093,4
190279606001094,4
190279606001095,4
190279606001096,4
190279606001097,4
190279606001098,4
190279606001099,4
190279606001100,4
190279606001101,4
190279606001102,4
190279606001103,4
190279606001104,4
190279606001107,4
190279606001109,4
190279606001110,4
190279606001111,4
190279606001112,4
190279606001113,4
190279606001114,4
190279606001115,4
190279606001116,4
190279606001117,4
190279606001118,4
190279606001119,4
190279606001120,4
190279606001128,4
190279606001129,4
190279606001130,4
190279606001131,4
190279606001132,4
190279606001133,4
190279606001134,4
190279606001138,4
190279606002000,4
190279606002001,4
190279606002002,4
190279606002003,4
190279606002004,4
190279606002005,4
190279606002006,4
190279606002007,4
190279606002008,4
190279606002009,4
190279606002010,4
190279606002011,4
190279606002012,4
190279606002013,4
190279606002014,4
190279606002015,4
190279606002016,4
190279606002017,4
190279606002018,4
190279606002019,4
190279606002020,4
190279606002021,4
190279606002022,4
190279606002023,4
190279606002024,4
190279606002025,4
190279606002026,4
190279606002027,4
190279606002028,4
190279606002029,4
190279606002030,4
190279606002031,4
190279606002032,4
190279606002033,4
190279606002034,4
190279606002035,4
190279606002036,4
190279606002037,4
190279606002038,4
190279606002039,4
190279606002040,4
190279606002041,4
190279606002042,4
190279606002043,4
190279606002044,4
190279606002045,4
190279606002046,4
190279606002047,4
190279606002048,4
190279606002049,4
190279606002050,4
190279606002051,4
190279606002052,4
190279606002053,4
190279606002054,4
190279606002055,4
190279606002056,4
190279606002057,4
190279606002058,4
190279606002059,4
190279606002060,4
190279606002061,4
190279606002062,4
190279606002063,4
190279606002064,4
190279606002065,4
190279606002066,4
190279606002067,4
190279606002068,4
190279606002069,4
190279606002070,4
190279606002071,4
190279606002072,4
190279606002073,4
190279606002074,4
190291901001000,3
190291901001001,3
190291901001002,3
190291901001003,3
190291901001004,3
190291901001005,3
190291901001007,3
190291901001008,3
190291901001009,3
190291901001072,3
190291901001073,3
190291901001074,3
190291901001075,3
190291901001076,3
190291901001077,3
190291901001078,3
190291901001079,3
190291901001080,3
190291901001081,3
190291901001082,3
190291901001083,3
190291901001084,3
190291901001085,3
190291901001086,3
190291901001087,3
190291901001088,3
190291901001089,3
190291901001090,3
190291901001092,3
190291901001093,3
190291901001094,3
190291901001095,3
190291901001096,3
190291901001097,3
190291901001099,3
190291901001100,3
190291901001102,3
190291901001103,3
190291901001104,3
190291901001105,3
190291901001115,3
190291901001116,3
190291901001117,3
190291901001118,3
190291901001119,3
190291901001120,3
190291901001121,3
190291901001122,3
190291901001123,3
190291901001124,3
190291901001125,3
190291901001126,3
190291901001127,3
190291901001128,3
190291901001129,3
190291901001130,3
190291901001131,3
190291901001135,3
190291901001136,3
190291901001148,3
190291901001149,3
190291901001150,3
190291901001258,3
190291901002007,3
190291901002008,3
190291901002017,3
190291901002039,3
190291901002040,3
190291901002041,3
190291901002042,3
190291901002043,3
190291901002044,3
190291901002140,3
190291901002141,3
190291901002155,3
190291901002156,3
190291901002157,3
190291901002286,3
190291901002287,3
190291901001006,3
190291901001010,3
190291901001011,3
190291901001012,3
190291901001013,3
190291901001014,3
190291901001015,3
190291901001016,3
190291901001034,3
190291901001035,3
190291901001036,3
190291901001037,3
190291901001038,3
190291901001039,3
190291901001040,3
190291901001041,3
190291901001042,3
190291901001062,3
190291901001063,3
190291901001064,3
190291901001065,3
190291901001066,3
190291901001067,3
190291901001068,3
190291901001069,3
190291901001070,3
190291901001071,3
190291901001091,3
190291901001098,3
190291901001101,3
190291901001106,3
190291901001107,3
190291901001108,3
190291901001109,3
190291901001110,3
190291901001111,3
190291901001112,3
190291901001113,3
190291901001114,3
190291901001132,3
190291901001133,3
190291901001134,3
190291901001140,3
190291901001141,3
190291901001151,3
190291901001152,3
190291901001153,3
190291901001154,3
190291901001155,3
190291901001156,3
190291901001157,3
190291901001158,3
190291901001159,3
190291901001160,3
190291901001163,3
190291901001164,3
190291901001165,3
190291901001166,3
190291901001223,3
190291901001224,3
190291901001225,3
190291901001226,3
190291901001227,3
190291901001228,3
190291901001229,3
190291901001247,3
190291901001248,3
190291901001252,3
190291904001000,3
190291904001001,3
190291905002000,3
190291905002001,3
190291905002002,3
190291905002003,3
190291905002009,3
190291901001017,3
190291901001018,3
190291901001019,3
190291901001020,3
190291901001021,3
190291901001022,3
190291901001023,3
190291901001024,3
190291901001025,3
190291901001026,3
190291901001027,3
190291901001028,3
190291901001029,3
190291901001030,3
190291901001031,3
190291901001032,3
190291901001033,3
190291901001043,3
190291901001044,3
190291901001045,3
190291901001046,3
190291901001047,3
190291901001048,3
190291901001049,3
190291901001050,3
190291901001051,3
190291901001052,3
190291901001053,3
190291901001054,3
190291901001055,3
190291901001056,3
190291901001057,3
190291901001058,3
190291901001059,3
190291901001060,3
190291901001061,3
190291901001161,3
190291901001162,3
190291901001167,3
190291901001168,3
190291901001169,3
190291901001170,3
190291901001171,3
190291901001172,3
190291901001173,3
190291901001174,3
190291901001175,3
190291901001176,3
190291901001177,3
190291901001178,3
190291901001179,3
190291901001180,3
190291901001181,3
190291901001182,3
190291901001183,3
190291901001184,3
190291901001185,3
190291901001186,3
190291901001187,3
190291901001188,3
190291901001189,3
190291901001190,3
190291901001191,3
190291901001192,3
190291901001193,3
190291901001194,3
190291901001195,3
190291901001196,3
190291901001197,3
190291901001198,3
190291901001199,3
190291901001200,3
190291901001201,3
190291901001202,3
190291901001203,3
190291901001204,3
190291901001205,3
190291901001206,3
190291901001209,3
190291901001210,3
190291901001213,3
190291901001214,3
190291901001215,3
190291901001217,3
190291901001218,3
190291901001219,3
190291901001220,3
190291901001221,3
190291901001222,3
190291901001244,3
190291901001245,3
190291901001246,3
190291901001254,3
190291901001255,3
190291901001256,3
190291901001257,3
190291901001137,3
190291901001138,3
190291901001147,3
190291901002160,3
190291901002161,3
190291901002162,3
190291901002163,3
190291901002164,3
190291901002165,3
190291901002166,3
190291901002167,3
190291901002168,3
190291901002169,3
190291901002170,3
190291901002171,3
190291901002178,3
190291901002179,3
190291901002180,3
190291901002181,3
190291901002182,3
190291901002183,3
190291901002184,3
190291901002185,3
190291901002186,3
190291901002187,3
190291901002188,3
190291901002189,3
190291901002190,3
190291901002191,3
190291901002192,3
190291901002193,3
190291901002194,3
190291901002195,3
190291901002196,3
190291901002197,3
190291901002198,3
190291901002199,3
190291901002200,3
190291901002201,3
190291901002202,3
190291901002203,3
190291901002204,3
190291901002205,3
190291901002206,3
190291901002207,3
190291901002208,3
190291901002209,3
190291901002210,3
190291901002211,3
190291901002212,3
190291901002213,3
190291901002214,3
190291901002219,3
190291901002220,3
190291901002221,3
190291901002222,3
190291901002223,3
190291901002224,3
190291901002225,3
190291901002244,3
190291901002245,3
190291901002246,3
190291901002247,3
190291901002248,3
190291901002249,3
190291901002250,3
190291901002251,3
190291901002252,3
190291901002257,3
190291901002273,3
190291901002274,3
190291901002275,3
190291901002276,3
190291901002277,3
190291901002278,3
190291901002279,3
190291901002280,3
190291901002281,3
190291901002282,3
190291901002288,3
190291903002007,3
190291901001139,3
190291901001142,3
190291901001143,3
190291901001144,3
190291901001145,3
190291901001146,3
190291901002172,3
190291901002173,3
190291901002174,3
190291901002175,3
190291901002177,3
190291901002215,3
190291901002216,3
190291901002217,3
190291901002218,3
190291901002253,3
190291901002254,3
190291901002255,3
190291901002256,3
190291903001000,3
190291903001001,3
190291903001002,3
190291903001003,3
190291903001004,3
190291903001005,3
190291903001006,3
190291903001007,3
190291903001008,3
190291903001009,3
190291903001010,3
190291903001011,3
190291903001012,3
190291903001013,3
190291903001014,3
190291903001019,3
190291903001020,3
190291903001026,3
190291904001003,3
190291904001004,3
190291904001005,3
190291904001006,3
190291904002036,3
190291904002037,3
190291905001062,3
190291901001207,3
190291901001208,3
190291901001211,3
190291901001212,3
190291901001216,3
190291901001230,3
190291901001231,3
190291901001232,3
190291901001233,3
190291901001234,3
190291901001235,3
190291901001236,3
190291901001237,3
190291901001238,3
190291901001239,3
190291901001240,3
190291901001241,3
190291901001242,3
190291901001243,3
190291901001249,3
190291902001000,3
190291902001001,3
190291902001002,3
190291902001003,3
190291902001004,3
190291902001005,3
190291902001006,3
190291902001007,3
190291902001008,3
190291902001009,3
190291902001010,3
190291902001011,3
190291902001012,3
190291902001013,3
190291902001014,3
190291902001015,3
190291902001016,3
190291902001017,3
190291902001018,3
190291902001019,3
190291902001023,3
190291902001024,3
190291902001025,3
190291902001029,3
190291902001043,3
190291902001044,3
190291902001045,3
190291902001046,3
190291902001047,3
190291903001015,3
190291903001016,3
190291905001063,3
190291905002079,3
190291905002080,3
190291905002081,3
190291901001250,3
190291901001251,3
190291901001253,3
190291901002176,3
190291904001002,3
190291904001007,3
190291904001008,3
190291904001009,3
190291904001010,3
190291904001011,3
190291904001012,3
190291904001013,3
190291904001014,3
190291904001015,3
190291904001016,3
190291904001017,3
190291904001018,3
190291904001019,3
190291904001020,3
190291904001021,3
190291904001022,3
190291904001023,3
190291904001024,3
190291904001025,3
190291904001026,3
190291904001027,3
190291904001028,3
190291904001029,3
190291904001030,3
190291904001031,3
190291904001032,3
190291904001033,3
190291904001034,3
190291904001035,3
190291904001036,3
190291904001037,3
190291904001038,3
190291904001039,3
190291904001040,3
190291904001041,3
190291904001042,3
190291904001043,3
190291904001044,3
190291904001045,3
190291904001046,3
190291904001047,3
190291904001048,3
190291904001049,3
190291904001050,3
190291904001051,3
190291904001052,3
190291904001053,3
190291904001054,3
190291904001055,3
190291904001056,3
190291904001057,3
190291904001058,3
190291904001059,3
190291904001060,3
190291904001061,3
190291904001062,3
190291904001063,3
190291904001064,3
190291904001065,3
190291904001066,3
190291904001067,3
190291904001068,3
190291904001069,3
190291904001070,3
190291904001071,3
190291904001072,3
190291904001073,3
190291904001074,3
190291904001075,3
190291904001076,3
190291904001077,3
190291904001078,3
190291904001079,3
190291904001080,3
190291904001081,3
190291904001082,3
190291904001083,3
190291904001084,3
190291904001085,3
190291904001086,3
190291904001087,3
190291904001088,3
190291904001089,3
190291904001090,3
190291904001091,3
190291904001092,3
190291904001093,3
190291904001094,3
190291904001095,3
190291904001096,3
190291904001097,3
190291904001098,3
190291904001099,3
190291904001100,3
190291904001101,3
190291904001102,3
190291904001103,3
190291904001104,3
190291904001105,3
190291904001106,3
190291904001107,3
190291904001108,3
190291904001109,3
190291904001110,3
190291904001111,3
190291904001112,3
190291904001113,3
190291904001114,3
190291904001115,3
190291904001116,3
190291904001117,3
190291904001118,3
190291904001119,3
190291904001120,3
190291904001121,3
190291904001122,3
190291904001123,3
190291904001124,3
190291904001125,3
190291904001126,3
190291904002000,3
190291904002001,3
190291904002002,3
190291904002003,3
190291904002004,3
190291904002005,3
190291904002006,3
190291904002007,3
190291904002008,3
190291904002009,3
190291904002010,3
190291904002011,3
190291904002012,3
190291904002013,3
190291904002014,3
190291904002015,3
190291904002016,3
190291904002017,3
190291904002018,3
190291904002019,3
190291904002020,3
190291904002021,3
190291904002022,3
190291904002023,3
190291904002024,3
190291904002025,3
190291904002026,3
190291904002027,3
190291904002028,3
190291904002029,3
190291904002030,3
190291904002031,3
190291904002032,3
190291904002033,3
190291904002034,3
190291904002035,3
190291905001000,3
190291905001001,3
190291905001002,3
190291905001003,3
190291905001004,3
190291905001005,3
190291905001006,3
190291905001007,3
190291905001008,3
190291905001009,3
190291905001010,3
190291905001011,3
190291905001012,3
190291905001013,3
190291905001014,3
190291905001015,3
190291905001016,3
190291905001017,3
190291905001018,3
190291905001019,3
190291905001020,3
190291905001021,3
190291905001022,3
190291905001023,3
190291905001024,3
190291905001025,3
190291905001026,3
190291905001027,3
190291905001028,3
190291905001029,3
190291905001030,3
190291905001031,3
190291905001032,3
190291905001033,3
190291905001034,3
190291905001035,3
190291905001036,3
190291905001037,3
190291905001038,3
190291905001039,3
190291905001040,3
190291905001041,3
190291905001042,3
190291905001043,3
190291905001044,3
190291905001045,3
190291905001046,3
190291905001047,3
190291905001048,3
190291905001049,3
190291905001050,3
190291905001051,3
190291905001052,3
190291905001053,3
190291905001054,3
190291905001055,3
190291905001056,3
190291905001057,3
190291905001058,3
190291905001059,3
190291905001060,3
190291905001061,3
190291905001064,3
190291905001065,3
190291905001066,3
190291905001067,3
190291905001068,3
190291905001069,3
190291905001070,3
190291905001071,3
190291905001072,3
190291905001073,3
190291905001074,3
190291905001075,3
190291905001076,3
190291905002004,3
190291905002005,3
190291905002006,3
190291905002007,3
190291905002008,3
190291905002010,3
190291905002011,3
190291905002012,3
190291905002013,3
190291905002014,3
190291905002015,3
190291905002016,3
190291905002017,3
190291905002018,3
190291905002019,3
190291905002020,3
190291905002021,3
190291905002022,3
190291905002023,3
190291905002024,3
190291905002025,3
190291905002026,3
190291905002027,3
190291905002028,3
190291905002029,3
190291905002030,3
190291905002031,3
190291905002032,3
190291905002033,3
190291905002034,3
190291905002035,3
190291905002036,3
190291905002037,3
190291905002038,3
190291905002039,3
190291905002040,3
190291905002041,3
190291905002042,3
190291905002043,3
190291905002044,3
190291905002045,3
190291905002046,3
190291905002047,3
190291905002048,3
190291905002049,3
190291905002050,3
190291905002051,3
190291905002052,3
190291905002053,3
190291905002054,3
190291905002055,3
190291905002056,3
190291905002057,3
190291905002058,3
190291905002059,3
190291905002060,3
190291905002061,3
190291905002062,3
190291905002063,3
190291905002064,3
190291905002065,3
190291905002066,3
190291905002067,3
190291905002068,3
190291905002069,3
190291905002070,3
190291905002071,3
190291905002072,3
190291905002073,3
190291905002074,3
190291905002075,3
190291905002076,3
190291905002077,3
190291905002078,3
190291905002082,3
190291905002083,3
190291905002084,3
190291905002085,3
190291905002086,3
190291905002087,3
190291905002088,3
190291905002089,3
190291905002090,3
190291905002091,3
190291905002092,3
190291905002093,3
190291905002094,3
190291905002095,3
190291905002096,3
190291905002097,3
190291905002098,3
190291905002099,3
190291905002100,3
190291905002101,3
190291905002102,3
190291905002103,3
190291905002104,3
190291905002105,3
190291905002106,3
190291905002107,3
190291905002108,3
190291905002109,3
190291905002110,3
190291905002111,3
190291905002112,3
190291905002113,3
190291905002114,3
190291905002115,3
190291905002116,3
190291905002117,3
190291905002118,3
190291905002119,3
190291905002120,3
190291905002121,3
190291905002122,3
190291905002123,3
190291905002124,3
190291905002125,3
190291905002126,3
190291905002127,3
190291905002128,3
190291905002129,3
190291905002130,3
190291905002131,3
190291905002132,3
190291905002133,3
190291905002134,3
190291905002135,3
190291905002136,3
190291905002137,3
190291905002138,3
190291905002139,3
190291905002140,3
190291905002141,3
190291905002142,3
190291905002143,3
190291905002144,3
190291905002145,3
190291905002146,3
190291905002147,3
190291905002148,3
190291905002149,3
190291905002150,3
190291905002151,3
190291905002152,3
190291905002153,3
190291905002154,3
190291905002155,3
190291905002156,3
190291901002000,3
190291901002001,3
190291901002002,3
190291901002003,3
190291901002004,3
190291901002005,3
190291901002006,3
190291901002009,3
190291901002010,3
190291901002011,3
190291901002012,3
190291901002013,3
190291901002014,3
190291901002015,3
190291901002016,3
190291901002018,3
190291901002019,3
190291901002020,3
190291901002021,3
190291901002022,3
190291901002023,3
190291901002024,3
190291901002025,3
190291901002026,3
190291901002027,3
190291901002028,3
190291901002029,3
190291901002030,3
190291901002031,3
190291901002032,3
190291901002033,3
190291901002034,3
190291901002035,3
190291901002036,3
190291901002037,3
190291901002038,3
190291901002045,3
190291901002046,3
190291901002047,3
190291901002048,3
190291901002049,3
190291901002050,3
190291901002051,3
190291901002052,3
190291901002053,3
190291901002054,3
190291901002055,3
190291901002056,3
190291901002057,3
190291901002058,3
190291901002059,3
190291901002060,3
190291901002061,3
190291901002062,3
190291901002063,3
190291901002064,3
190291901002065,3
190291901002066,3
190291901002067,3
190291901002068,3
190291901002069,3
190291901002070,3
190291901002071,3
190291901002072,3
190291901002073,3
190291901002074,3
190291901002075,3
190291901002076,3
190291901002077,3
190291901002078,3
190291901002079,3
190291901002080,3
190291901002081,3
190291901002082,3
190291901002083,3
190291901002084,3
190291901002085,3
190291901002086,3
190291901002087,3
190291901002088,3
190291901002089,3
190291901002090,3
190291901002091,3
190291901002092,3
190291901002093,3
190291901002094,3
190291901002095,3
190291901002096,3
190291901002097,3
190291901002098,3
190291901002099,3
190291901002100,3
190291901002101,3
190291901002102,3
190291901002103,3
190291901002104,3
190291901002105,3
190291901002106,3
190291901002107,3
190291901002108,3
190291901002109,3
190291901002110,3
190291901002111,3
190291901002112,3
190291901002113,3
190291901002114,3
190291901002115,3
190291901002116,3
190291901002117,3
190291901002118,3
190291901002119,3
190291901002120,3
190291901002121,3
190291901002122,3
190291901002123,3
190291901002124,3
190291901002125,3
190291901002126,3
190291901002127,3
190291901002128,3
190291901002129,3
190291901002130,3
190291901002131,3
190291901002132,3
190291901002133,3
190291901002134,3
190291901002135,3
190291901002136,3
190291901002137,3
190291901002138,3
190291901002139,3
190291901002142,3
190291901002143,3
190291901002144,3
190291901002145,3
190291901002146,3
190291901002147,3
190291901002150,3
190291901002151,3
190291901002153,3
190291901002154,3
190291901002158,3
190291901002284,3
190291901002285,3
190291901002289,3
190291901002148,3
190291901002149,3
190291901002152,3
190291901002159,3
190291901002226,3
190291901002227,3
190291901002228,3
190291901002229,3
190291901002230,3
190291901002231,3
190291901002232,3
190291901002233,3
190291901002234,3
190291901002235,3
190291901002236,3
190291901002237,3
190291901002238,3
190291901002239,3
190291901002240,3
190291901002241,3
190291901002242,3
190291901002243,3
190291901002258,3
190291901002259,3
190291901002260,3
190291901002261,3
190291901002262,3
190291901002263,3
190291901002264,3
190291901002265,3
190291901002266,3
190291901002267,3
190291901002268,3
190291901002269,3
190291901002270,3
190291901002271,3
190291901002272,3
190291901002283,3
190291902001020,3
190291902001021,3
190291902001022,3
190291902001026,3
190291902001027,3
190291902001028,3
190291902001030,3
190291902001031,3
190291902001032,3
190291902001033,3
190291902001034,3
190291902001035,3
190291902001036,3
190291902001037,3
190291902001038,3
190291902001039,3
190291902001040,3
190291902001041,3
190291902001042,3
190291902001048,3
190291902001049,3
190291902001050,3
190291902001051,3
190291902001052,3
190291902001053,3
190291902001054,3
190291902001055,3
190291902001056,3
190291902001057,3
190291902001058,3
190291902001059,3
190291902001060,3
190291902001061,3
190291902001062,3
190291902001063,3
190291902001064,3
190291902001065,3
190291902001066,3
190291902001067,3
190291902001068,3
190291902001069,3
190291902001070,3
190291902001071,3
190291902001072,3
190291902001073,3
190291902001074,3
190291902001075,3
190291902001076,3
190291902001077,3
190291902001078,3
190291902001079,3
190291902001080,3
190291902001081,3
190291902001082,3
190291902001083,3
190291902001084,3
190291902001085,3
190291902001086,3
190291902001087,3
190291902001088,3
190291902001089,3
190291902001090,3
190291902001091,3
190291902001092,3
190291902001093,3
190291902001094,3
190291902001095,3
190291902001096,3
190291902001097,3
190291902001098,3
190291902001099,3
190291902001100,3
190291902001101,3
190291902001102,3
190291902001103,3
190291902001104,3
190291902001105,3
190291902001106,3
190291902001107,3
190291902001108,3
190291902001109,3
190291902001110,3
190291902001111,3
190291902001112,3
190291902001113,3
190291902001114,3
190291902001115,3
190291902001116,3
190291902001117,3
190291902001118,3
190291902001119,3
190291902001120,3
190291902001124,3
190291902001125,3
190291902001126,3
190291902001127,3
190291902001128,3
190291903001017,3
190291903001018,3
190291903001044,3
190291902001121,3
190291902001122,3
190291902001123,3
190291902002000,3
190291902002001,3
190291902002002,3
190291902002003,3
190291902002004,3
190291902002011,3
190291902002012,3
190291903001021,3
190291903001022,3
190291903001023,3
190291903001024,3
190291903001025,3
190291903001027,3
190291903001028,3
190291903001038,3
190291903001039,3
190291903001040,3
190291903001041,3
190291903001042,3
190291903001043,3
190291903001045,3
190291903001046,3
190291903001047,3
190291903001076,3
190291903001077,3
190291903001078,3
190291903001079,3
190291903001080,3
190291903001081,3
190291903001082,3
190291903001083,3
190291903001084,3
190291903001085,3
190291903001086,3
190291903001087,3
190291903001088,3
190291903001138,3
190291903001139,3
190291903001140,3
190291903001141,3
190291903001142,3
190291903001143,3
190291903001144,3
190291903001145,3
190291903001146,3
190291903001147,3
190291903001153,3
190291903001154,3
190291903001155,3
190291903001156,3
190291902002005,3
190291902002006,3
190291902002007,3
190291902002008,3
190291902002009,3
190291902002010,3
190291902002013,3
190291902002014,3
190291902002015,3
190291902002016,3
190291902002017,3
190291902002018,3
190291902002020,3
190291902002021,3
190291902002022,3
190291902002023,3
190291902002024,3
190291902002025,3
190291902002026,3
190291902002158,3
190291902002159,3
190291902002160,3
190291902002161,3
190291902002162,3
190291902002163,3
190291902002164,3
190291902002165,3
190291902002166,3
190291902002167,3
190291902002168,3
190291902002169,3
190291902002170,3
190291902002171,3
190291902002172,3
190291902002173,3
190291902002174,3
190291902002175,3
190291902002176,3
190291902002190,3
190291902002191,3
190291902002192,3
190291902002193,3
190291902002194,3
190291902002195,3
190291902002196,3
190291902002197,3
190291902002198,3
190291902002199,3
190291902002200,3
190291902002201,3
190291902002202,3
190291902002203,3
190291902002204,3
190291902002206,3
190291902002207,3
190291902002208,3
190291902002209,3
190291902002210,3
190291902002211,3
190291902002212,3
190291902002213,3
190291902002214,3
190291902002216,3
190291902002019,3
190291902002027,3
190291902002028,3
190291902002029,3
190291902002030,3
190291902002031,3
190291902002032,3
190291902002033,3
190291902002034,3
190291902002035,3
190291902002036,3
190291902002037,3
190291902002038,3
190291902002039,3
190291902002040,3
190291902002041,3
190291902002042,3
190291902002043,3
190291902002044,3
190291902002045,3
190291902002046,3
190291902002047,3
190291902002048,3
190291902002049,3
190291902002050,3
190291902002051,3
190291902002052,3
190291902002053,3
190291902002054,3
190291902002055,3
190291902002056,3
190291902002057,3
190291902002058,3
190291902002059,3
190291902002060,3
190291902002061,3
190291902002062,3
190291902002063,3
190291902002064,3
190291902002065,3
190291902002066,3
190291902002067,3
190291902002068,3
190291902002069,3
190291902002070,3
190291902002071,3
190291902002072,3
190291902002073,3
190291902002074,3
190291902002075,3
190291902002076,3
190291902002077,3
190291902002078,3
190291902002079,3
190291902002080,3
190291902002081,3
190291902002082,3
190291902002083,3
190291902002084,3
190291902002085,3
190291902002086,3
190291902002087,3
190291902002088,3
190291902002089,3
190291902002090,3
190291902002091,3
190291902002092,3
190291902002093,3
190291902002094,3
190291902002095,3
190291902002096,3
190291902002097,3
190291902002098,3
190291902002099,3
190291902002100,3
190291902002101,3
190291902002102,3
190291902002103,3
190291902002104,3
190291902002105,3
190291902002106,3
190291902002107,3
190291902002108,3
190291902002109,3
190291902002110,3
190291902002111,3
190291902002112,3
190291902002113,3
190291902002114,3
190291902002115,3
190291902002116,3
190291902002117,3
190291902002118,3
190291902002119,3
190291902002120,3
190291902002121,3
190291902002122,3
190291902002123,3
190291902002124,3
190291902002125,3
190291902002126,3
190291902002127,3
190291902002128,3
190291902002129,3
190291902002130,3
190291902002131,3
190291902002132,3
190291902002133,3
190291902002134,3
190291902002135,3
190291902002136,3
190291902002137,3
190291902002138,3
190291902002139,3
190291902002140,3
190291902002141,3
190291902002142,3
190291902002143,3
190291902002144,3
190291902002145,3
190291902002146,3
190291902002147,3
190291902002148,3
190291902002149,3
190291902002150,3
190291902002151,3
190291902002152,3
190291902002153,3
190291902002154,3
190291902002155,3
190291902002156,3
190291902002157,3
190291902002177,3
190291902002178,3
190291902002179,3
190291902002180,3
190291902002181,3
190291902002182,3
190291902002183,3
190291902002184,3
190291902002185,3
190291902002186,3
190291902002187,3
190291902002188,3
190291902002189,3
190291902002205,3
190291902002215,3
190291903001029,3
190291903001030,3
190291903001031,3
190291903001032,3
190291903001033,3
190291903001034,3
190291903001035,3
190291903001036,3
190291903001037,3
190291903001048,3
190291903001049,3
190291903001050,3
190291903001051,3
190291903001052,3
190291903001053,3
190291903001054,3
190291903001055,3
190291903001056,3
190291903001057,3
190291903001058,3
190291903001059,3
190291903001060,3
190291903001061,3
190291903001062,3
190291903001063,3
190291903001064,3
190291903001065,3
190291903001066,3
190291903001067,3
190291903001068,3
190291903001069,3
190291903001070,3
190291903001071,3
190291903001072,3
190291903001073,3
190291903001074,3
190291903001075,3
190291903001089,3
190291903001090,3
190291903001091,3
190291903001092,3
190291903001098,3
190291903001099,3
190291903001148,3
190291903001149,3
190291903001150,3
190291903001151,3
190291903001152,3
190291903002006,3
190291903002009,3
190291903002010,3
190291903002011,3
190291903002029,3
190291903002030,3
190291903002118,3
190291903002119,3
190291903002120,3
190291903001093,3
190291903001094,3
190291903001095,3
190291903001096,3
190291903001097,3
190291903001100,3
190291903001101,3
190291903001102,3
190291903001103,3
190291903001104,3
190291903001105,3
190291903001106,3
190291903001107,3
190291903001108,3
190291903001109,3
190291903001110,3
190291903001111,3
190291903001112,3
190291903001113,3
190291903001114,3
190291903001115,3
190291903001116,3
190291903001117,3
190291903001118,3
190291903001119,3
190291903001120,3
190291903001121,3
190291903001122,3
190291903001123,3
190291903001124,3
190291903001125,3
190291903001126,3
190291903001127,3
190291903001128,3
190291903001129,3
190291903001130,3
190291903001131,3
190291903001132,3
190291903001133,3
190291903001134,3
190291903001135,3
190291903001136,3
190291903001137,3
190291903002000,3
190291903002001,3
190291903002002,3
190291903002003,3
190291903002004,3
190291903002005,3
190291903002008,3
190291903002012,3
190291903002013,3
190291903002014,3
190291903002015,3
190291903002016,3
190291903002017,3
190291903002018,3
190291903002019,3
190291903002020,3
190291903002021,3
190291903002022,3
190291903002023,3
190291903002024,3
190291903002025,3
190291903002026,3
190291903002027,3
190291903002028,3
190291903002031,3
190291903002032,3
190291903002033,3
190291903002034,3
190291903002035,3
190291903002036,3
190291903002037,3
190291903002038,3
190291903002042,3
190291903002043,3
190291903002044,3
190291903002055,3
190291903002056,3
190291903002057,3
190291903002058,3
190291903002039,3
190291903002040,3
190291903002041,3
190291903002045,3
190291903002046,3
190291903002047,3
190291903002048,3
190291903002049,3
190291903002050,3
190291903002051,3
190291903002052,3
190291903002053,3
190291903002054,3
190291903002095,3
190291903002096,3
190291903002097,3
190291903002098,3
190291903002099,3
190291903002100,3
190291903002101,3
190291903002102,3
190291903002103,3
190291903002104,3
190291903002105,3
190291903002106,3
190291903002107,3
190291903002108,3
190291903002109,3
190291903002110,3
190291903002111,3
190291903002112,3
190291903002113,3
190291903002114,3
190291903002115,3
190291903002116,3
190291903002117,3
190291903002059,3
190291903002060,3
190291903002061,3
190291903002062,3
190291903002063,3
190291903002064,3
190291903002065,3
190291903002066,3
190291903002067,3
190291903002068,3
190291903002069,3
190291903002070,3
190291903002071,3
190291903002072,3
190291903002073,3
190291903002074,3
190291903002075,3
190291903002076,3
190291903002077,3
190291903002078,3
190291903002079,3
190291903002080,3
190291903002081,3
190291903002082,3
190291903002083,3
190291903002084,3
190291903002085,3
190291903002086,3
190291903002087,3
190291903002088,3
190291903002089,3
190291903002090,3
190291903002091,3
190291903002092,3
190291903002093,3
190291903002094,3
190314501001000,2
190314501001001,2
190314501001002,2
190314501001003,2
190314501001004,2
190314501001005,2
190314501001006,2
190314501001007,2
190314501001025,2
190314501001026,2
190314501001027,2
190314501001028,2
190314501001029,2
190314501001030,2
190314501001031,2
190314501001032,2
190314501001033,2
190314501001034,2
190314501001038,2
190314501001039,2
190314501001040,2
190314501001041,2
190314501001042,2
190314501001043,2
190314501001044,2
190314501001045,2
190314501001046,2
190314501001047,2
190314501001048,2
190314501001049,2
190314501001050,2
190314501001051,2
190314501001052,2
190314501001053,2
190314501001054,2
190314501001055,2
190314501001056,2
190314501001057,2
190314501001058,2
190314501001059,2
190314501001063,2
190314501001064,2
190314501001065,2
190314501001066,2
190314501001067,2
190314501001068,2
190314501001069,2
190314501001082,2
190314501001083,2
190314501001084,2
190314501001086,2
190314501001087,2
190314501001088,2
190314501001176,2
190314501001179,2
190314501001008,2
190314501001009,2
190314501001010,2
190314501001011,2
190314501001012,2
190314501001013,2
190314501001014,2
190314501001015,2
190314501001016,2
190314501001017,2
190314501001018,2
190314501001019,2
190314501001020,2
190314501001021,2
190314501001022,2
190314501001023,2
190314501001024,2
190314501001035,2
190314501001036,2
190314501001037,2
190314501001060,2
190314501001061,2
190314501001062,2
190314501001070,2
190314501001071,2
190314501001072,2
190314501001073,2
190314501001074,2
190314501001075,2
190314501001076,2
190314501001077,2
190314501001078,2
190314501001079,2
190314501001080,2
190314501001081,2
190314501001085,2
190314501001180,2
190314501002000,2
190314501002001,2
190314501002002,2
190314501002003,2
190314501002004,2
190314501002005,2
190314501002006,2
190314501002007,2
190314501002008,2
190314501002009,2
190314501002010,2
190314501002011,2
190314501002012,2
190314501002013,2
190314501002014,2
190314501002015,2
190314501002016,2
190314501002017,2
190314501002018,2
190314501002019,2
190314501002020,2
190314501002021,2
190314501002022,2
190314501002023,2
190314501002024,2
190314501002025,2
190314501002026,2
190314501002027,2
190314501002028,2
190314501002029,2
190314501002030,2
190314501002031,2
190314501002032,2
190314501002033,2
190314501002034,2
190314501002035,2
190314501002036,2
190314501002037,2
190314501002038,2
190314501002039,2
190314501002040,2
190314501002041,2
190314501002042,2
190314501002043,2
190314501002044,2
190314501002045,2
190314501002046,2
190314501002047,2
190314501002048,2
190314501002049,2
190314501002050,2
190314501002051,2
190314501002052,2
190314501002053,2
190314501002054,2
190314501002055,2
190314501002056,2
190314501002057,2
190314501002058,2
190314501002059,2
190314501002060,2
190314501002061,2
190314501001089,2
190314501001090,2
190314501001091,2
190314501001094,2
190314501001095,2
190314501001096,2
190314501001097,2
190314501001098,2
190314501001099,2
190314501001100,2
190314501001101,2
190314501001112,2
190314501001113,2
190314501001114,2
190314501001115,2
190314501001116,2
190314501001117,2
190314501001118,2
190314501001119,2
190314501001120,2
190314501001121,2
190314501001122,2
190314501001123,2
190314501001124,2
190314501001156,2
190314501001157,2
190314501001158,2
190314501001159,2
190314501001160,2
190314501001161,2
190314501001162,2
190314501001163,2
190314501001164,2
190314501001165,2
190314501001166,2
190314503001000,2
190314503001001,2
190314503001002,2
190314503001003,2
190314503001004,2
190314503001010,2
190314503001011,2
190314503001014,2
190314503001016,2
190314503001017,2
190314503001018,2
190314501001092,2
190314501001093,2
190314501001125,2
190314501001126,2
190314502004000,2
190314502004001,2
190314502004002,2
190314502004003,2
190314502004004,2
190314502004029,2
190314502004030,2
190314502004033,2
190314502004034,2
190314502004035,2
190314502004036,2
190314502004037,2
190314502004038,2
190314502004039,2
190314502004040,2
190314502004041,2
190314502004042,2
190314502004043,2
190314502004044,2
190314502004045,2
190314502004046,2
190314502004047,2
190314502004048,2
190314502004049,2
190314502004050,2
190314502004051,2
190314502004052,2
190314502004053,2
190314502004054,2
190314502004060,2
190314502004061,2
190314502004062,2
190314502004063,2
190314502004131,2
190314503001005,2
190314503001006,2
190314503002000,2
190314501001102,2
190314501001103,2
190314501001104,2
190314501001105,2
190314501001106,2
190314501001107,2
190314501001108,2
190314501001111,2
190314501001127,2
190314501001128,2
190314501001129,2
190314501001130,2
190314501001131,2
190314501001132,2
190314501001133,2
190314501001134,2
190314501001135,2
190314501001136,2
190314501001137,2
190314501001138,2
190314501001139,2
190314501001140,2
190314501001141,2
190314501001142,2
190314501001143,2
190314501001144,2
190314501001145,2
190314501001146,2
190314501001147,2
190314501001148,2
190314501001149,2
190314501001150,2
190314501001151,2
190314501001152,2
190314501001153,2
190314501001154,2
190314501001155,2
190314501001167,2
190314501001168,2
190314501001169,2
190314501001170,2
190314501001171,2
190314501001172,2
190314501001173,2
190314501001174,2
190314501001175,2
190314501001177,2
190314501001178,2
190314501003000,2
190314501003014,2
190314501003015,2
190314501003016,2
190314501003017,2
190314501003020,2
190314501003021,2
190314501003055,2
190314501003056,2
190314501003057,2
190314501003059,2
190314501003061,2
190314501003062,2
190314501003064,2
190314501001109,2
190314501001110,2
190314501003001,2
190314501003002,2
190314501003003,2
190314501003004,2
190314501003005,2
190314501003006,2
190314501003007,2
190314501003008,2
190314501003009,2
190314501003010,2
190314501003011,2
190314501003012,2
190314501003013,2
190314501003018,2
190314501003019,2
190314501003022,2
190314501003023,2
190314501003024,2
190314501003025,2
190314501003026,2
190314501003027,2
190314501003028,2
190314501003029,2
190314501003030,2
190314501003031,2
190314501003032,2
190314501003033,2
190314501003034,2
190314501003035,2
190314501003036,2
190314501003037,2
190314501003038,2
190314501003039,2
190314501003040,2
190314501003041,2
190314501003042,2
190314501003043,2
190314501003044,2
190314501003045,2
190314501003046,2
190314501003047,2
190314501003048,2
190314501003049,2
190314501003050,2
190314501003051,2
190314501003052,2
190314501003053,2
190314501003054,2
190314501003058,2
190314501003060,2
190314501003063,2
190314502001000,2
190314502001001,2
190314502001002,2
190314502001003,2
190314502001004,2
190314502001005,2
190314502001006,2
190314502001007,2
190314502001008,2
190314502001009,2
190314502001010,2
190314502001011,2
190314502001012,2
190314502001013,2
190314502001014,2
190314502001015,2
190314502001016,2
190314502001017,2
190314502001018,2
190314502001019,2
190314502001020,2
190314502001021,2
190314502001022,2
190314502001023,2
190314502001024,2
190314502001025,2
190314502001026,2
190314502001027,2
190314502001028,2
190314502001029,2
190314502001030,2
190314502001031,2
190314502001032,2
190314502001033,2
190314502001034,2
190314502001035,2
190314502001036,2
190314502001037,2
190314502001038,2
190314502001039,2
190314502001040,2
190314502001041,2
190314502001042,2
190314502001043,2
190314502001044,2
190314502001045,2
190314502001046,2
190314502001047,2
190314502001048,2
190314502001049,2
190314502001050,2
190314502001051,2
190314502001052,2
190314502001053,2
190314502001054,2
190314502001055,2
190314502001056,2
190314502001057,2
190314502001058,2
190314502001059,2
190314502001060,2
190314502001061,2
190314502001062,2
190314502001063,2
190314502001064,2
190314502001065,2
190314502001066,2
190314502001067,2
190314502001068,2
190314502001069,2
190314502001070,2
190314502001071,2
190314502001072,2
190314502001073,2
190314502001074,2
190314502001075,2
190314502001076,2
190314502001077,2
190314502001078,2
190314502001079,2
190314502001080,2
190314502001081,2
190314502002000,2
190314502002001,2
190314502002002,2
190314502002009,2
190314502002069,2
190314502002070,2
190314502002071,2
190314502002003,2
190314502002005,2
190314502002006,2
190314502002007,2
190314502002008,2
190314502002010,2
190314502002011,2
190314502002012,2
190314502002013,2
190314502002014,2
190314502002015,2
190314502002016,2
190314502002017,2
190314502002018,2
190314502002019,2
190314502002020,2
190314502002021,2
190314502002022,2
190314502002023,2
190314502002024,2
190314502002025,2
190314502002026,2
190314502002027,2
190314502002028,2
190314502002029,2
190314502002030,2
190314502002031,2
190314502002032,2
190314502002033,2
190314502002034,2
190314502002035,2
190314502002036,2
190314502002037,2
190314502002038,2
190314502002039,2
190314502002040,2
190314502002041,2
190314502002042,2
190314502002043,2
190314502002044,2
190314502002045,2
190314502002046,2
190314502002047,2
190314502002048,2
190314502002049,2
190314502002050,2
190314502002051,2
190314502002052,2
190314502002053,2
190314502002054,2
190314502002055,2
190314502002056,2
190314502002057,2
190314502002058,2
190314502002059,2
190314502002060,2
190314502002061,2
190314502002062,2
190314502002063,2
190314502002064,2
190314502002065,2
190314502002066,2
190314502002067,2
190314502002068,2
190314502002072,2
190314502002073,2
190314502002076,2
190314502003015,2
190314502003035,2
190314502003036,2
190314502003037,2
190314502003038,2
190314502003039,2
190314502003040,2
190314502003043,2
190314502003055,2
190314502003056,2
190314502003057,2
190314502003058,2
190314502003059,2
190314502003060,2
190314502003061,2
190314502003062,2
190314502002004,2
190314502002074,2
190314502002075,2
190314502003000,2
190314502003001,2
190314502003002,2
190314502003003,2
190314502003004,2
190314502003005,2
190314502003006,2
190314502003007,2
190314502003008,2
190314502003009,2
190314502003010,2
190314502003011,2
190314502003012,2
190314502003013,2
190314502003014,2
190314502003016,2
190314502003017,2
190314502003018,2
190314502003019,2
190314502003020,2
190314502003021,2
190314502003022,2
190314502003023,2
190314502003024,2
190314502003025,2
190314502003026,2
190314502003027,2
190314502003028,2
190314502003029,2
190314502003030,2
190314502003031,2
190314502003032,2
190314502003033,2
190314502003034,2
190314502003041,2
190314502003042,2
190314502003044,2
190314502003045,2
190314502003046,2
190314502003047,2
190314502003048,2
190314502003049,2
190314502003050,2
190314502003051,2
190314502003052,2
190314502003053,2
190314502003054,2
190314502004005,2
190314502004006,2
190314502004007,2
190314502004008,2
190314502004009,2
190314502004010,2
190314502004011,2
190314502004012,2
190314502004013,2
190314502004014,2
190314502004015,2
190314502004016,2
190314502004017,2
190314502004018,2
190314502004019,2
190314502004020,2
190314502004021,2
190314502004022,2
190314502004023,2
190314502004024,2
190314502004025,2
190314502004026,2
190314502004027,2
190314502004028,2
190314502004031,2
190314502004032,2
190314502004064,2
190314502004065,2
190314502004066,2
190314502004067,2
190314502004068,2
190314502004069,2
190314502004074,2
190314502004075,2
190314502004076,2
190314502004077,2
190314502004055,2
190314502004056,2
190314502004057,2
190314502004058,2
190314502004059,2
190314502004102,2
190314502004103,2
190314502004120,2
190314502004121,2
190314502004122,2
190314502004123,2
190314502004124,2
190314502004129,2
190314502004130,2
190314502004132,2
190314503001007,2
190314503001008,2
190314503001009,2
190314503001012,2
190314503001013,2
190314503001015,2
190314503001019,2
190314503001020,2
190314503001021,2
190314503001022,2
190314503001023,2
190314503001024,2
190314503001025,2
190314503001026,2
190314503001027,2
190314503001028,2
190314503001029,2
190314503001030,2
190314503001031,2
190314503001032,2
190314503001033,2
190314503001034,2
190314503001035,2
190314503001036,2
190314503001037,2
190314503001038,2
190314503001039,2
190314503001040,2
190314503001041,2
190314503001042,2
190314503001043,2
190314503001044,2
190314503001045,2
190314503001046,2
190314503001047,2
190314503001048,2
190314503001049,2
190314503001050,2
190314503001051,2
190314503002001,2
190314503002002,2
190314503002003,2
190314503002004,2
190314503002005,2
190314503002006,2
190314503002007,2
190314503002008,2
190314503002009,2
190314503002010,2
190314503002011,2
190314503002012,2
190314503002013,2
190314503002014,2
190314503002015,2
190314503002016,2
190314503002017,2
190314503002018,2
190314503002019,2
190314503002020,2
190314503002021,2
190314503002022,2
190314503002023,2
190314503002024,2
190314503002025,2
190314503002026,2
190314503002027,2
190314503002028,2
190314503002029,2
190314503002030,2
190314503002031,2
190314503002032,2
190314503002033,2
190314503002034,2
190314503002035,2
190314503002036,2
190314503002037,2
190314503002038,2
190314503002039,2
190314503002040,2
190314503002041,2
190314503002042,2
190314503002043,2
190314503002044,2
190314503002045,2
190314503002046,2
190314503002047,2
190314503002048,2
190314503002049,2
190314503002050,2
190314503003000,2
190314503003001,2
190314503003002,2
190314503003003,2
190314503003004,2
190314503003005,2
190314503003006,2
190314503003007,2
190314503003008,2
190314503003009,2
190314503003010,2
190314503003011,2
190314503003012,2
190314503003013,2
190314503003014,2
190314503003015,2
190314503003016,2
190314503003017,2
190314503003018,2
190314503003019,2
190314503003020,2
190314503003021,2
190314503003022,2
190314503003023,2
190314503003024,2
190314503003025,2
190314503003026,2
190314503003027,2
190314503003028,2
190314503003029,2
190314503003030,2
190314503003031,2
190314503003032,2
190314503003033,2
190314503003034,2
190314503003035,2
190314503003036,2
190314503003037,2
190314503003038,2
190314503003039,2
190314503003040,2
190314503003041,2
190314503003042,2
190314503003043,2
190314503003044,2
190314503003045,2
190314503003046,2
190314503003047,2
190314503003048,2
190314503003049,2
190314503003050,2
190314503003051,2
190314503003052,2
190314503003053,2
190314503003054,2
190314503003055,2
190314503003056,2
190314503003057,2
190314503003058,2
190314503003059,2
190314503003060,2
190314503004000,2
190314503004001,2
190314503004002,2
190314503004003,2
190314503004004,2
190314503004005,2
190314503004006,2
190314503004007,2
190314503004008,2
190314503004009,2
190314503004010,2
190314503004011,2
190314503004012,2
190314503004013,2
190314503004014,2
190314503004015,2
190314503004016,2
190314503004017,2
190314503004018,2
190314503004019,2
190314503004020,2
190314503004021,2
190314503004022,2
190314503004023,2
190314503004024,2
190314503004025,2
190314503004026,2
190314503004027,2
190314503004028,2
190314503004029,2
190314503004030,2
190314503004031,2
190314503004032,2
190314503004033,2
190314503004034,2
190314503004035,2
190314503004036,2
190314503004037,2
190314503004038,2
190314503004039,2
190314503004040,2
190314503004041,2
190314503004042,2
190314503004043,2
190314503004044,2
190314503004045,2
190314503004046,2
190314503004047,2
190314503004048,2
190314503004049,2
190314503004050,2
190314503004051,2
190314503004052,2
190314503004053,2
190314503004054,2
190314503004055,2
190314503004056,2
190314503004057,2
190314503004058,2
190314503004059,2
190314503004060,2
190314503004061,2
190314503004062,2
190314503004063,2
190314503004064,2
190314503004065,2
190314503004066,2
190314503004067,2
190314503004068,2
190314503004069,2
190314503004070,2
190314503004071,2
190314503004072,2
190314503004073,2
190314503004074,2
190314503004075,2
190314503004076,2
190314503004077,2
190314504001031,2
190314504001032,2
190314504001033,2
190314505001000,2
190314505001001,2
190314505001002,2
190314505001003,2
190314505001004,2
190314505001005,2
190314505001006,2
190314505001007,2
190314505001008,2
190314505001009,2
190314505001010,2
190314505001011,2
190314505001012,2
190314505001013,2
190314505001014,2
190314505001015,2
190314505001016,2
190314505001017,2
190314505001018,2
190314505001019,2
190314505001020,2
190314505001021,2
190314505001022,2
190314505001023,2
190314505001024,2
190314505001025,2
190314505001026,2
190314505001027,2
190314505001028,2
190314505001029,2
190314505001030,2
190314505001031,2
190314505001032,2
190314505001033,2
190314505001034,2
190314505001035,2
190314505001036,2
190314505001037,2
190314505001038,2
190314505001041,2
190314505001042,2
190314505001043,2
190314505001044,2
190314505001045,2
190314505001046,2
190314505001047,2
190314505001048,2
190314505001049,2
190314505001055,2
190314505001056,2
190314505001057,2
190314505001058,2
190314505001065,2
190314505001069,2
190314505001074,2
190314505001075,2
190314505001076,2
190314505001077,2
190314505001078,2
190314505001079,2
190314505001080,2
190314505001081,2
190314505001082,2
190314505001083,2
190314505001088,2
190314505001089,2
190314505001090,2
190314505001091,2
190314505001095,2
190314502004070,2
190314502004071,2
190314502004072,2
190314502004073,2
190314502004078,2
190314502004079,2
190314502004080,2
190314502004081,2
190314502004082,2
190314502004083,2
190314502004084,2
190314502004085,2
190314502004086,2
190314502004087,2
190314502004088,2
190314502004089,2
190314502004090,2
190314502004091,2
190314502004092,2
190314502004093,2
190314502004094,2
190314502004095,2
190314502004096,2
190314502004097,2
190314502004098,2
190314502004099,2
190314502004100,2
190314502004101,2
190314502004104,2
190314502004119,2
190314502004125,2
190314502004126,2
190314502004127,2
190314502004128,2
190314502004133,2
190314505001039,2
190314505001040,2
190314502004105,2
190314502004106,2
190314502004107,2
190314502004108,2
190314502004109,2
190314502004110,2
190314502004111,2
190314502004112,2
190314502004113,2
190314502004114,2
190314502004115,2
190314502004116,2
190314502004117,2
190314502004118,2
190314505002000,2
190314505002001,2
190314505002002,2
190314505002003,2
190314505002004,2
190314505002005,2
190314505002006,2
190314505002007,2
190314505002008,2
190314505002009,2
190314505002010,2
190314505002011,2
190314505002012,2
190314505002013,2
190314505002014,2
190314505002015,2
190314505002022,2
190314505002023,2
190314504001000,2
190314504001001,2
190314504001002,2
190314504001003,2
190314504001004,2
190314504001005,2
190314504001006,2
190314504001007,2
190314504001008,2
190314504001009,2
190314504001010,2
190314504001011,2
190314504001012,2
190314504001013,2
190314504001014,2
190314504001015,2
190314504001016,2
190314504001017,2
190314504001018,2
190314504001019,2
190314504001020,2
190314504001021,2
190314504001022,2
190314504001023,2
190314504001024,2
190314504001025,2
190314504001026,2
190314504001027,2
190314504001028,2
190314504001029,2
190314504001030,2
190314504001034,2
190314504001035,2
190314504001036,2
190314504001037,2
190314504001038,2
190314504001039,2
190314504001040,2
190314504001041,2
190314504001042,2
190314504001043,2
190314504001044,2
190314504001045,2
190314504001046,2
190314504001047,2
190314504001048,2
190314504001049,2
190314504001050,2
190314504001051,2
190314504001052,2
190314504001053,2
190314504001054,2
190314504001055,2
190314504001056,2
190314504001063,2
190314504001064,2
190314504001065,2
190314504001066,2
190314504001067,2
190314504001068,2
190314504001069,2
190314504001070,2
190314504001071,2
190314504001072,2
190314504001073,2
190314504001074,2
190314504001075,2
190314504001076,2
190314504001077,2
190314504001078,2
190314504001079,2
190314504001080,2
190314504001081,2
190314504001082,2
190314504001083,2
190314504001084,2
190314504001085,2
190314504001086,2
190314504001087,2
190314504001097,2
190314504001098,2
190314504001099,2
190314504001101,2
190314504001057,2
190314504001058,2
190314504001059,2
190314504001060,2
190314504001061,2
190314504001062,2
190314504001088,2
190314504001089,2
190314504001090,2
190314504001091,2
190314504001092,2
190314504001093,2
190314504001094,2
190314504001095,2
190314504001096,2
190314504001100,2
190314504002000,2
190314504002001,2
190314504002002,2
190314504002003,2
190314504002004,2
190314504002005,2
190314504002006,2
190314504002007,2
190314504002008,2
190314504002009,2
190314504002010,2
190314504002011,2
190314504002012,2
190314504002013,2
190314504002014,2
190314504002015,2
190314504002016,2
190314504002017,2
190314504002018,2
190314504002019,2
190314504002020,2
190314504002021,2
190314504002022,2
190314504002023,2
190314504002024,2
190314504002025,2
190314504002026,2
190314504002027,2
190314504002028,2
190314504002029,2
190314504002030,2
190314504002031,2
190314504002032,2
190314504002033,2
190314504002034,2
190314504002076,2
190314504002078,2
190314504002079,2
190314504002080,2
190314504002081,2
190314504002082,2
190314504003021,2
190314504003022,2
190314504003023,2
190314504003024,2
190314505006050,2
190314505006051,2
190314505006065,2
190314505006066,2
190314505006067,2
190314504002035,2
190314504002036,2
190314504002037,2
190314504002038,2
190314504002039,2
190314504002040,2
190314504002041,2
190314504002042,2
190314504002043,2
190314504002044,2
190314504002045,2
190314504002046,2
190314504002047,2
190314504002048,2
190314504002049,2
190314504002050,2
190314504002051,2
190314504002052,2
190314504002053,2
190314504002054,2
190314504002055,2
190314504002056,2
190314504002057,2
190314504002058,2
190314504002059,2
190314504002060,2
190314504002061,2
190314504002062,2
190314504002063,2
190314504002064,2
190314504002065,2
190314504002066,2
190314504002067,2
190314504002068,2
190314504002069,2
190314504002070,2
190314504002071,2
190314504002072,2
190314504002073,2
190314504002074,2
190314504002075,2
190314504002077,2
190314504003000,2
190314504003001,2
190314504003002,2
190314504003003,2
190314504003004,2
190314504003005,2
190314504003006,2
190314504003007,2
190314504003008,2
190314504003009,2
190314504003010,2
190314504003011,2
190314504003012,2
190314504003013,2
190314504003014,2
190314504003015,2
190314504003016,2
190314504003017,2
190314504003018,2
190314504003019,2
190314504003020,2
190314504003025,2
190314504003026,2
190314504003027,2
190314504003028,2
190314504003029,2
190314504003030,2
190314504003031,2
190314504003032,2
190314504003033,2
190314504003034,2
190314504003035,2
190314504003036,2
190314504003037,2
190314504003038,2
190314504003039,2
190314504003040,2
190314504003041,2
190314504003042,2
190314504003043,2
190314504003044,2
190314504003045,2
190314504003046,2
190314504003047,2
190314504003048,2
190314504003049,2
190314504003050,2
190314504003051,2
190314504003052,2
190314504003053,2
190314504003054,2
190314504003055,2
190314504003056,2
190314505001050,2
190314505001051,2
190314505001052,2
190314505001053,2
190314505001054,2
190314505001059,2
190314505001060,2
190314505001061,2
190314505001062,2
190314505001063,2
190314505001064,2
190314505001066,2
190314505001067,2
190314505001068,2
190314505001070,2
190314505001071,2
190314505001072,2
190314505001073,2
190314505001084,2
190314505001085,2
190314505001086,2
190314505001087,2
190314505006007,2
190314505006008,2
190314505006009,2
190314505006010,2
190314505006011,2
190314505006012,2
190314505006013,2
190314505006014,2
190314505006015,2
190314505006016,2
190314505006017,2
190314505006018,2
190314505006019,2
190314505006020,2
190314505006021,2
190314505006022,2
190314505006023,2
190314505006024,2
190314505006025,2
190314505006026,2
190314505006027,2
190314505006028,2
190314505006029,2
190314505006030,2
190314505006031,2
190314505006032,2
190314505006033,2
190314505006034,2
190314505006039,2
190314505006040,2
190314505006041,2
190314505006042,2
190314505006043,2
190314505006071,2
190314505006072,2
190314505006073,2
190314505006074,2
190314505006075,2
190314505006076,2
190314505006077,2
190314505006078,2
190314505006080,2
190314505001092,2
190314505001093,2
190314505001094,2
190314505001096,2
190314505001097,2
190314505006000,2
190314505006001,2
190314505006002,2
190314505006003,2
190314505006004,2
190314505006005,2
190314505006006,2
190314505006035,2
190314505006036,2
190314505006037,2
190314505006038,2
190314505006044,2
190314505006045,2
190314505006046,2
190314505006047,2
190314505006048,2
190314505006049,2
190314505006052,2
190314505006053,2
190314505006054,2
190314505006055,2
190314505006056,2
190314505006057,2
190314505006058,2
190314505006059,2
190314505006060,2
190314505006061,2
190314505006063,2
190314505006064,2
190314505006068,2
190314505006069,2
190314505006070,2
190314505006079,2
190314505002016,2
190314505002017,2
190314505002018,2
190314505002019,2
190314505002020,2
190314505002021,2
190314505002024,2
190314505002025,2
190314505002026,2
190314505002027,2
190314505002028,2
190314505002029,2
190314505002030,2
190314505002031,2
190314505002032,2
190314505002033,2
190314505002034,2
190314505002035,2
190314505002036,2
190314505002037,2
190314505002038,2
190314505002039,2
190314505002040,2
190314505002041,2
190314505002042,2
190314505002043,2
190314505002044,2
190314505002045,2
190314505002046,2
190314505002047,2
190314505002048,2
190314505002049,2
190314505002050,2
190314505002051,2
190314505002052,2
190314505002053,2
190314505002054,2
190314505002055,2
190314505002056,2
190314505003000,2
190314505003001,2
190314505003002,2
190314505003003,2
190314505003004,2
190314505003005,2
190314505003006,2
190314505003007,2
190314505003008,2
190314505003009,2
190314505003010,2
190314505003011,2
190314505003012,2
190314505003013,2
190314505003014,2
190314505003015,2
190314505003016,2
190314505003017,2
190314505003018,2
190314505003019,2
190314505003020,2
190314505003021,2
190314505003022,2
190314505003023,2
190314505003024,2
190314505003025,2
190314505003031,2
190314505004001,2
190314505004003,2
190314505004004,2
190314505004005,2
190314505004006,2
190314505004007,2
190314505004008,2
190314505004009,2
190314505004010,2
190314505004011,2
190314505004012,2
190314505004013,2
190314505004014,2
190314505004015,2
190314505004016,2
190314505004017,2
190314505004018,2
190314505004019,2
190314505004020,2
190314505004021,2
190314505004022,2
190314505004023,2
190314505004024,2
190314505004026,2
190314505004029,2
190314505005011,2
190314505005012,2
190314505003026,2
190314505003027,2
190314505003028,2
190314505003029,2
190314505003030,2
190314505004000,2
190314505004002,2
190314505004025,2
190314505004027,2
190314505004028,2
190314505005000,2
190314505005001,2
190314505005002,2
190314505005003,2
190314505005004,2
190314505005005,2
190314505005006,2
190314505005007,2
190314505005008,2
190314505005009,2
190314505005010,2
190314505005013,2
190314505005014,2
190314505005015,2
190314505005016,2
190314505005017,2
190314505005018,2
190314505005019,2
190314505005020,2
190314505005021,2
190314505005022,2
190314505005023,2
190314505005024,2
190314505005025,2
190314505005026,2
190314505005027,2
190314505005028,2
190314505005029,2
190314505005030,2
190314505005031,2
190314505005032,2
190314505005033,2
190314505005034,2
190314505005035,2
190314505005036,2
190314505005037,2
190314505005038,2
190314505005039,2
190314505005040,2
190314505005041,2
190314505005042,2
190314505005043,2
190314505005044,2
190314505005045,2
190314505005046,2
190314505005047,2
190314505005048,2
190314505005049,2
190314505005050,2
190314505005051,2
190314505005052,2
190314505005053,2
190314505005054,2
190314505005055,2
190314505005056,2
190314505005057,2
190314505005058,2
190314505005059,2
190314505005060,2
190314505005061,2
190314505006062,2
190339501021000,4
190339501021006,4
190339502021000,4
190339502021001,4
190339502021002,4
190339502021005,4
190339502021006,4
190339502021015,4
190339506001000,4
190339506001001,4
190339506001002,4
190339506001003,4
190339506001004,4
190339506001005,4
190339506001006,4
190339506001007,4
190339506001008,4
190339506001009,4
190339506001021,4
190339506001022,4
190339506001023,4
190339506001024,4
190339506001025,4
190339506001026,4
190339506001027,4
190339506001028,4
190339506001029,4
190339506001030,4
190339506001031,4
190339506001032,4
190339506001033,4
190339506001034,4
190339506001035,4
190339506001036,4
190339506001037,4
190339506001038,4
190339506001039,4
190339506001040,4
190339506001041,4
190339506001042,4
190339506001043,4
190339506001047,4
190339506001048,4
190339506001059,4
190339506001060,4
190339506001061,4
190339506001071,4
190339506001072,4
190339506001073,4
190339506001074,4
190339506001075,4
190339506001076,4
190339506001077,4
190339506001078,4
190339506001079,4
190339506001080,4
190339506001081,4
190339506001082,4
190339506001083,4
190339506001084,4
190339506001085,4
190339506001086,4
190339506001087,4
190339506001088,4
190339506001089,4
190339506001090,4
190339506001091,4
190339506001092,4
190339506001093,4
190339506001096,4
190339506001097,4
190339506001098,4
190339506001099,4
190339501021001,4
190339501021002,4
190339501021003,4
190339501021004,4
190339501026000,4
190339501026001,4
190339501026002,4
190339501026003,4
190339501026004,4
190339501026005,4
190339501026006,4
190339501026007,4
190339501026008,4
190339501026009,4
190339501026010,4
190339501026011,4
190339501026012,4
190339501026013,4
190339501026014,4
190339514001006,4
190339516004001,4
190339516004002,4
190339516004003,4
190339516004004,4
190339516004005,4
190339516004006,4
190339516004007,4
190339516004008,4
190339516004009,4
190339516004010,4
190339516004011,4
190339516004012,4
190339516004013,4
190339516004014,4
190339516004017,4
190339516004018,4
190339516004019,4
190339516004021,4
190339516004029,4
190339501021005,4
190339501022000,4
190339501022001,4
190339501022002,4
190339501022004,4
190339501023002,4
190339501023003,4
190339501023004,4
190339501023005,4
190339501023006,4
190339501023021,4
190339501023022,4
190339501024000,4
190339501024001,4
190339501024002,4
190339501024003,4
190339501024004,4
190339501024005,4
190339501024006,4
190339501024007,4
190339501024008,4
190339501024009,4
190339501024010,4
190339504021000,4
190339504021001,4
190339504021002,4
190339504021003,4
190339504021004,4
190339504021005,4
190339504021006,4
190339504021007,4
190339504021008,4
190339504021009,4
190339504021010,4
190339504021011,4
190339504021012,4
190339504021013,4
190339504021014,4
190339504021015,4
190339504021016,4
190339504021017,4
190339504021018,4
190339504021019,4
190339504021020,4
190339504021021,4
190339504021022,4
190339504024001,4
190339506001094,4
190339506001095,4
190339516003010,4
190339516003011,4
190339516003012,4
190339516003013,4
190339516003014,4
190339516003015,4
190339516003016,4
190339516004015,4
190339516004016,4
190339516004026,4
190339501022003,4
190339501022005,4
190339501022006,4
190339501022007,4
190339501022008,4
190339501022009,4
190339501022010,4
190339501022011,4
190339501022012,4
190339501022013,4
190339501022014,4
190339501022015,4
190339501022016,4
190339501022017,4
190339501022018,4
190339501022019,4
190339501023000,4
190339501023001,4
190339501025000,4
190339501025001,4
190339501025002,4
190339501025005,4
190339502021003,4
190339502021004,4
190339502021007,4
190339502021008,4
190339502021009,4
190339502021010,4
190339502021011,4
190339502021012,4
190339502021013,4
190339502021014,4
190339502021025,4
190339502021026,4
190339502021027,4
190339502021028,4
190339502021029,4
190339502021030,4
190339502021031,4
190339502021032,4
190339502021033,4
190339502021034,4
190339502021035,4
190339502021036,4
190339502021037,4
190339502021038,4
190339502021039,4
190339502021040,4
190339502021041,4
190339502021042,4
190339502021044,4
190339502021045,4
190339502021046,4
190339502021047,4
190339502021048,4
190339502021049,4
190339502021050,4
190339502021051,4
190339502021052,4
190339502021053,4
190339502021054,4
190339502021055,4
190339502022001,4
190339502022002,4
190339502022003,4
190339502022004,4
190339502022005,4
190339502022006,4
190339502022007,4
190339502022008,4
190339502022027,4
190339502022032,4
190339502022033,4
190339501023007,4
190339501023008,4
190339501023009,4
190339501023010,4
190339501023011,4
190339501023012,4
190339501023013,4
190339501023014,4
190339501023015,4
190339501023016,4
190339501023017,4
190339501023018,4
190339501023019,4
190339501023020,4
190339501023023,4
190339501023024,4
190339501023025,4
190339501023026,4
190339501025003,4
190339501025004,4
190339501025006,4
190339501025007,4
190339501025008,4
190339501025009,4
190339501025010,4
190339501025011,4
190339501025012,4
190339501025013,4
190339501025014,4
190339501025015,4
190339501025016,4
190339501025017,4
190339501025018,4
190339501025019,4
190339502022000,4
190339503001000,4
190339503001001,4
190339503001002,4
190339503001003,4
190339503001004,4
190339503001005,4
190339503001006,4
190339503001007,4
190339503001008,4
190339503001009,4
190339503001010,4
190339503001011,4
190339503001012,4
190339503001013,4
190339503001014,4
190339503001015,4
190339503001016,4
190339503001017,4
190339503001018,4
190339503001019,4
190339503001020,4
190339503001021,4
190339503001022,4
190339503001023,4
190339503001026,4
190339503001027,4
190339503001028,4
190339503001029,4
190339503001030,4
190339503001031,4
190339503001032,4
190339503001033,4
190339503001034,4
190339503001037,4
190339502011000,4
190339502011001,4
190339502011017,4
190339503001035,4
190339503001036,4
190339503001038,4
190339503001039,4
190339503001040,4
190339503001041,4
190339503001042,4
190339503001043,4
190339503001044,4
190339503001045,4
190339503001047,4
190339503001048,4
190339503001049,4
190339503001050,4
190339503001051,4
190339503001052,4
190339503001053,4
190339503001054,4
190339503001055,4
190339503001056,4
190339503001057,4
190339503001058,4
190339503001059,4
190339503002007,4
190339503002012,4
190339503002013,4
190339503002014,4
190339503002015,4
190339503003000,4
190339503003001,4
190339503003002,4
190339503003003,4
190339503003004,4
190339503003005,4
190339503003006,4
190339503003007,4
190339503003008,4
190339503003009,4
190339503003010,4
190339503003011,4
190339503003012,4
190339503003013,4
190339503003014,4
190339503003015,4
190339503003016,4
190339503003017,4
190339503003018,4
190339503003019,4
190339503003020,4
190339503003021,4
190339503003022,4
190339503003023,4
190339503003024,4
190339503005000,4
190339503005001,4
190339503005002,4
190339503005003,4
190339503005004,4
190339503005005,4
190339503005006,4
190339503005007,4
190339503005008,4
190339503005009,4
190339503005010,4
190339503005011,4
190339503005012,4
190339504022006,4
190339504022007,4
190339504022008,4
190339504022009,4
190339504022010,4
190339504022012,4
190339504022013,4
190339504022022,4
190339504022029,4
190339504022030,4
190339504022031,4
190339504022032,4
190339504023002,4
190339504023003,4
190339504023004,4
190339504023005,4
190339504023006,4
190339504023007,4
190339504023008,4
190339504024016,4
190339504024017,4
190339504024018,4
190339504024019,4
190339504024032,4
190339504024033,4
190339502011002,4
190339502011003,4
190339502011004,4
190339502011005,4
190339502011006,4
190339502011007,4
190339502011008,4
190339502011009,4
190339502011010,4
190339502011011,4
190339502011012,4
190339502011013,4
190339502011014,4
190339502011015,4
190339502011016,4
190339502011018,4
190339502011019,4
190339502011020,4
190339502011021,4
190339502011022,4
190339502011023,4
190339502011024,4
190339502011025,4
190339502011026,4
190339502011027,4
190339502011028,4
190339502011030,4
190339502011031,4
190339502011032,4
190339502011033,4
190339502011037,4
190339502011038,4
190339502011039,4
190339502011040,4
190339502011041,4
190339502011042,4
190339502011046,4
190339502011047,4
190339502011054,4
190339502011055,4
190339502011056,4
190339502011057,4
190339502012000,4
190339502012001,4
190339502012002,4
190339502012003,4
190339502012006,4
190339502012007,4
190339502012010,4
190339502012011,4
190339502012012,4
190339502012013,4
190339502012014,4
190339502012015,4
190339502012016,4
190339502012017,4
190339502012018,4
190339502012019,4
190339502012020,4
190339502012021,4
190339502012022,4
190339502012023,4
190339502012024,4
190339502012025,4
190339502012026,4
190339502012027,4
190339502012028,4
190339502012031,4
190339502012032,4
190339502012033,4
190339502012034,4
190339502012035,4
190339502012036,4
190339502012037,4
190339502012038,4
190339502012039,4
190339502012040,4
190339502012041,4
190339502012042,4
190339502012043,4
190339502012048,4
190339502012049,4
190339502012050,4
190339502012051,4
190339502012052,4
190339502012053,4
190339502012054,4
190339502012055,4
190339502012056,4
190339502011029,4
190339502011034,4
190339502011035,4
190339502011036,4
190339503003025,4
190339503003026,4
190339503003027,4
190339503003028,4
190339503003029,4
190339503004000,4
190339503004001,4
190339503004002,4
190339503004003,4
190339503004004,4
190339503004005,4
190339503004006,4
190339503004007,4
190339503004008,4
190339503004009,4
190339503004010,4
190339503004011,4
190339503004012,4
190339503004013,4
190339503004014,4
190339503004015,4
190339503004016,4
190339503004017,4
190339503004018,4
190339503004019,4
190339503004020,4
190339503004021,4
190339503004022,4
190339503004023,4
190339503004024,4
190339503004025,4
190339503004026,4
190339503004027,4
190339503004029,4
190339503004034,4
190339503004035,4
190339503004036,4
190339503005013,4
190339503005014,4
190339503005015,4
190339503005016,4
190339503005017,4
190339503005018,4
190339503005019,4
190339503005020,4
190339503005021,4
190339503005022,4
190339503005023,4
190339503005024,4
190339503005025,4
190339503005026,4
190339503005027,4
190339503005028,4
190339503005029,4
190339504023014,4
190339504023020,4
190339504023028,4
190339504023033,4
190339504023034,4
190339504023035,4
190339504023036,4
190339502011043,4
190339502011044,4
190339502011045,4
190339502011048,4
190339502011049,4
190339502011050,4
190339502011051,4
190339502011052,4
190339502011053,4
190339502012046,4
190339502012047,4
190339502012059,4
190339502012060,4
190339502012063,4
190339503004028,4
190339503004030,4
190339503004031,4
190339503004032,4
190339503004033,4
190339504023023,4
190339504023024,4
190339504023025,4
190339504023026,4
190339504023027,4
190339504023037,4
190339504023038,4
190339504023039,4
190339504023040,4
190339506003051,4
190339506003052,4
190339506003069,4
190339506003070,4
190339506003087,4
190339506003088,4
190339506003089,4
190339509001000,4
190339509001001,4
190339509001002,4
190339509001003,4
190339514002029,4
190339514002049,4
190339514002050,4
190339514002051,4
190339514002052,4
190339502012004,4
190339502012005,4
190339502012008,4
190339502012009,4
190339502012029,4
190339502012030,4
190339502012044,4
190339502012045,4
190339502012057,4
190339502012058,4
190339502012061,4
190339502012062,4
190339502021018,4
190339502021019,4
190339502021020,4
190339502022023,4
190339502022025,4
190339507001005,4
190339507001006,4
190339507001007,4
190339507001015,4
190339507001018,4
190339507001020,4
190339507001045,4
190339507001046,4
190339507001047,4
190339507001048,4
190339507002000,4
190339507002001,4
190339507002002,4
190339507002004,4
190339507002010,4
190339507002012,4
190339507002013,4
190339507002014,4
190339507002015,4
190339507002016,4
190339507002026,4
190339507002027,4
190339507002028,4
190339507002029,4
190339507002094,4
190339507002095,4
190339507003000,4
190339507003001,4
190339507003002,4
190339507003003,4
190339507003052,4
190339507003053,4
190339507003055,4
190339507003056,4
190339507003057,4
190339507003058,4
190339507003059,4
190339507003060,4
190339507003061,4
190339507003062,4
190339507003063,4
190339508002091,4
190339508002092,4
190339508002093,4
190339509001004,4
190339509001005,4
190339509001006,4
190339509001007,4
190339509001008,4
190339509001009,4
190339509001010,4
190339509001011,4
190339509001012,4
190339509001013,4
190339509001060,4
190339509001061,4
190339502021016,4
190339502021017,4
190339506001010,4
190339506001011,4
190339506001012,4
190339506001013,4
190339506001014,4
190339506001015,4
190339506001016,4
190339506001017,4
190339506001018,4
190339506001019,4
190339506001020,4
190339506001044,4
190339506001045,4
190339506001046,4
190339506001049,4
190339506001050,4
190339506001051,4
190339506001052,4
190339506001053,4
190339506001054,4
190339506001055,4
190339506001056,4
190339506001057,4
190339506001058,4
190339506001062,4
190339506001063,4
190339506001064,4
190339506001065,4
190339506001066,4
190339506001067,4
190339506001068,4
190339506001069,4
190339506001070,4
190339507001000,4
190339507001001,4
190339507001002,4
190339507001003,4
190339507001004,4
190339507001008,4
190339507001009,4
190339508002000,4
190339508002001,4
190339508002002,4
190339508002003,4
190339508002004,4
190339508002005,4
190339508002006,4
190339508002007,4
190339508002008,4
190339508002009,4
190339508002010,4
190339508002011,4
190339508002012,4
190339508002013,4
190339508002014,4
190339508002015,4
190339508002016,4
190339508002044,4
190339508002045,4
190339508002046,4
190339508002047,4
190339508002048,4
190339508002049,4
190339508002063,4
190339508002064,4
190339508002065,4
190339508002074,4
190339508002075,4
190339502021021,4
190339502021022,4
190339502021023,4
190339502021024,4
190339502021043,4
190339502022009,4
190339502022010,4
190339502022011,4
190339502022012,4
190339502022013,4
190339502022014,4
190339502022015,4
190339502022016,4
190339502022017,4
190339502022018,4
190339502022019,4
190339502022020,4
190339502022021,4
190339502022022,4
190339502022024,4
190339502022026,4
190339502022028,4
190339502022029,4
190339502022030,4
190339502022031,4
190339502023000,4
190339502023001,4
190339502023002,4
190339502023003,4
190339502023004,4
190339502023005,4
190339502023006,4
190339502023007,4
190339502023008,4
190339502023009,4
190339502023010,4
190339502023011,4
190339502023012,4
190339502023013,4
190339502023014,4
190339502023015,4
190339502023016,4
190339502023017,4
190339502023018,4
190339502023019,4
190339502023020,4
190339502023021,4
190339502023022,4
190339502023023,4
190339503002000,4
190339503002001,4
190339503002002,4
190339503002003,4
190339503002004,4
190339503002005,4
190339503002006,4
190339503002008,4
190339503002009,4
190339503002010,4
190339503002011,4
190339503001024,4
190339503001025,4
190339503001046,4
190339504021023,4
190339504021024,4
190339504021025,4
190339504021026,4
190339504021027,4
190339504021028,4
190339504021029,4
190339504021030,4
190339504021031,4
190339504021032,4
190339504024000,4
190339504024002,4
190339504024003,4
190339504024004,4
190339504024005,4
190339504024006,4
190339504024007,4
190339504024008,4
190339504024009,4
190339504024010,4
190339504024011,4
190339504024012,4
190339504024013,4
190339504024014,4
190339504024015,4
190339504024022,4
190339504024023,4
190339504024024,4
190339504024025,4
190339504024026,4
190339504024027,4
190339516001000,4
190339516001001,4
190339516001002,4
190339516001003,4
190339516001004,4
190339516001005,4
190339516002001,4
190339516002002,4
190339516002003,4
190339516003008,4
190339516003009,4
190339516003018,4
190339516003019,4
190339516003020,4
190339516003021,4
190339516003022,4
190339516003023,4
190339516003025,4
190339516003026,4
190339516003027,4
190339516003028,4
190339516003029,4
190339516003030,4
190339516003031,4
190339516003032,4
190339516003033,4
190339516003034,4
190339516003035,4
190339516003036,4
190339516003039,4
190339504022000,4
190339504022001,4
190339504022002,4
190339504022003,4
190339504022004,4
190339504022005,4
190339504022011,4
190339504022014,4
190339504022015,4
190339504022016,4
190339504022017,4
190339504022018,4
190339504022019,4
190339504022020,4
190339504022021,4
190339504022023,4
190339504022024,4
190339504022025,4
190339504022026,4
190339504022027,4
190339504022028,4
190339504022033,4
190339504022034,4
190339504022035,4
190339504023000,4
190339504023001,4
190339504023009,4
190339504023010,4
190339504023011,4
190339504023012,4
190339504023013,4
190339504023015,4
190339504023016,4
190339504023017,4
190339504023018,4
190339504023019,4
190339504023021,4
190339504023022,4
190339504023029,4
190339504023030,4
190339504023031,4
190339504023032,4
190339504024020,4
190339504024021,4
190339504024028,4
190339504024029,4
190339504024030,4
190339504024031,4
190339504024034,4
190339514002012,4
190339514002013,4
190339514002014,4
190339514002017,4
190339514002018,4
190339514002022,4
190339514002023,4
190339514002024,4
190339514002025,4
190339514002027,4
190339514002028,4
190339514002044,4
190339506002000,4
190339506002001,4
190339506002002,4
190339506002003,4
190339506002004,4
190339506002005,4
190339506002006,4
190339506002007,4
190339506002008,4
190339506002009,4
190339506002010,4
190339506002011,4
190339506002012,4
190339506002013,4
190339506002014,4
190339506002015,4
190339506002016,4
190339506002017,4
190339506002018,4
190339506002019,4
190339506002020,4
190339506002021,4
190339506002022,4
190339506002023,4
190339506002024,4
190339506002025,4
190339506002026,4
190339506002027,4
190339506002028,4
190339506002029,4
190339506002030,4
190339506002031,4
190339506002032,4
190339506002033,4
190339506002034,4
190339506002035,4
190339506002036,4
190339506002037,4
190339506002038,4
190339506002039,4
190339506002040,4
190339506002041,4
190339506002042,4
190339506002043,4
190339506002044,4
190339506002045,4
190339506002046,4
190339506002047,4
190339506002048,4
190339506002049,4
190339506002050,4
190339506002051,4
190339506002052,4
190339506002053,4
190339506002054,4
190339506002055,4
190339506002056,4
190339506002057,4
190339506002058,4
190339506002059,4
190339506002060,4
190339506002061,4
190339506002062,4
190339506002063,4
190339506002064,4
190339506002065,4
190339506002066,4
190339506002067,4
190339506002068,4
190339506002069,4
190339506002070,4
190339506002071,4
190339506002072,4
190339506002073,4
190339506002074,4
190339506002075,4
190339506002076,4
190339506002077,4
190339506002078,4
190339506002079,4
190339506002080,4
190339506002081,4
190339506002082,4
190339506002083,4
190339506003000,4
190339506003001,4
190339506003002,4
190339506003005,4
190339506003006,4
190339506003007,4
190339506003008,4
190339506003009,4
190339506003010,4
190339506003003,4
190339506003004,4
190339506003011,4
190339506003012,4
190339506003013,4
190339506003014,4
190339506003015,4
190339506003016,4
190339506003017,4
190339506003018,4
190339506003019,4
190339506003020,4
190339506003021,4
190339506003022,4
190339506003023,4
190339506003024,4
190339506003025,4
190339506003026,4
190339506003027,4
190339506003028,4
190339506003029,4
190339506003030,4
190339506003031,4
190339506003032,4
190339506003033,4
190339506003034,4
190339506003035,4
190339506003036,4
190339506003037,4
190339506003038,4
190339506003039,4
190339506003040,4
190339506003041,4
190339506003042,4
190339506003043,4
190339506003044,4
190339506003045,4
190339506003046,4
190339506003047,4
190339506003048,4
190339506003049,4
190339506003050,4
190339506003053,4
190339506003054,4
190339506003055,4
190339506003056,4
190339506003057,4
190339506003058,4
190339506003059,4
190339506003060,4
190339506003061,4
190339506003062,4
190339506003063,4
190339506003064,4
190339506003065,4
190339506003066,4
190339506003067,4
190339506003068,4
190339506003073,4
190339506003074,4
190339506003075,4
190339506003076,4
190339506003137,4
190339514001000,4
190339514001002,4
190339514001022,4
190339514002000,4
190339514002030,4
190339514002031,4
190339514002032,4
190339514002033,4
190339514002035,4
190339514002036,4
190339514002037,4
190339514002038,4
190339514002039,4
190339514002040,4
190339514002041,4
190339514002045,4
190339514002046,4
190339514002047,4
190339506003071,4
190339506003072,4
190339506003077,4
190339506003078,4
190339506003079,4
190339506003080,4
190339506003081,4
190339506003082,4
190339506003083,4
190339506003084,4
190339506003095,4
190339506003096,4
190339506003097,4
190339506003098,4
190339506003099,4
190339506003100,4
190339506003101,4
190339506003102,4
190339506003103,4
190339506003104,4
190339506003105,4
190339506003106,4
190339506003107,4
190339506003108,4
190339506003109,4
190339506003110,4
190339506003111,4
190339506003117,4
190339506003118,4
190339506003119,4
190339506003120,4
190339506003121,4
190339506003122,4
190339506003123,4
190339506003124,4
190339506003125,4
190339506003126,4
190339506003127,4
190339506003128,4
190339510002000,4
190339510002001,4
190339510002002,4
190339510002003,4
190339510002004,4
190339510002005,4
190339510002006,4
190339510002007,4
190339510002008,4
190339510002009,4
190339510002018,4
190339510002019,4
190339506003085,4
190339506003086,4
190339506003090,4
190339506003091,4
190339506003092,4
190339506003093,4
190339506003094,4
190339506003112,4
190339506003113,4
190339506003114,4
190339506003115,4
190339506003116,4
190339506003129,4
190339506003130,4
190339506003131,4
190339506003132,4
190339506003133,4
190339506003134,4
190339506003135,4
190339506003136,4
190339509001071,4
190339509001072,4
190339509001073,4
190339509001074,4
190339509001075,4
190339509001076,4
190339509001077,4
190339509001078,4
190339509001104,4
190339509001105,4
190339509001106,4
190339509001107,4
190339509001114,4
190339509001115,4
190339509001116,4
190339509001117,4
190339509001118,4
190339509001119,4
190339509001120,4
190339509001121,4
190339509001122,4
190339509001123,4
190339509001124,4
190339509001130,4
190339510001000,4
190339510001001,4
190339510001002,4
190339510001003,4
190339510001004,4
190339510001005,4
190339510001021,4
190339510002020,4
190339510002050,4
190339510002051,4
190339510002052,4
190339510002053,4
190339510002054,4
190339507001010,4
190339507001011,4
190339507001012,4
190339507001013,4
190339507001014,4
190339507001016,4
190339507001017,4
190339507001019,4
190339507001021,4
190339507001022,4
190339507001023,4
190339507001025,4
190339507001026,4
190339507001027,4
190339507001028,4
190339507001029,4
190339507001030,4
190339507001031,4
190339507001032,4
190339507001033,4
190339507001034,4
190339507001035,4
190339507001036,4
190339507001037,4
190339507001038,4
190339507001039,4
190339507001040,4
190339507001041,4
190339507001042,4
190339507001043,4
190339507001044,4
190339507001049,4
190339507001050,4
190339507001051,4
190339507001052,4
190339507002003,4
190339507002005,4
190339507002006,4
190339507002007,4
190339507002008,4
190339507002009,4
190339507002011,4
190339507002017,4
190339507002018,4
190339507002019,4
190339507002020,4
190339507002021,4
190339507002022,4
190339507002023,4
190339507002024,4
190339507002025,4
190339507002030,4
190339507002031,4
190339507002032,4
190339507002033,4
190339507002034,4
190339507002035,4
190339507002036,4
190339507002037,4
190339507002038,4
190339507002039,4
190339507002040,4
190339507002041,4
190339507002042,4
190339507002043,4
190339507002044,4
190339507002045,4
190339507002046,4
190339507002047,4
190339507002048,4
190339507002049,4
190339507002050,4
190339507002051,4
190339507002052,4
190339507002053,4
190339507002054,4
190339507002055,4
190339507002056,4
190339507002057,4
190339507002058,4
190339507002059,4
190339507002060,4
190339507002061,4
190339507002062,4
190339507002063,4
190339507002064,4
190339507002065,4
190339507002066,4
190339507002067,4
190339507002068,4
190339507002069,4
190339507002070,4
190339507002071,4
190339507002072,4
190339507002073,4
190339507002074,4
190339507002075,4
190339507002076,4
190339507002077,4
190339507002078,4
190339507002079,4
190339507002080,4
190339507002081,4
190339507002082,4
190339507002083,4
190339507002084,4
190339507002085,4
190339507002086,4
190339507002087,4
190339507002088,4
190339507002089,4
190339507002090,4
190339507002091,4
190339507002092,4
190339507002093,4
190339507002096,4
190339507003004,4
190339507003005,4
190339507003006,4
190339507003007,4
190339507003008,4
190339507003009,4
190339507003010,4
190339507003011,4
190339507003012,4
190339507003013,4
190339507003014,4
190339507003015,4
190339507003016,4
190339507003017,4
190339507003018,4
190339507003019,4
190339507003020,4
190339507003021,4
190339507003022,4
190339507003023,4
190339507003024,4
190339507003025,4
190339507003026,4
190339507003027,4
190339507003028,4
190339507003029,4
190339507003030,4
190339507003031,4
190339507003032,4
190339507003033,4
190339507003034,4
190339507003035,4
190339507003036,4
190339507003037,4
190339507003038,4
190339507003039,4
190339507003040,4
190339507003041,4
190339507003042,4
190339507003043,4
190339507003044,4
190339507003045,4
190339507003046,4
190339507003047,4
190339507003048,4
190339507003049,4
190339507003050,4
190339507003051,4
190339507003054,4
190339508001000,4
190339508001001,4
190339508001006,4
190339508001011,4
190339508001012,4
190339508001013,4
190339508001014,4
190339508001015,4
190339508001016,4
190339508001047,4
190339508003001,4
190339508003002,4
190339508003003,4
190339508003004,4
190339508003005,4
190339508003006,4
190339508003007,4
190339508003012,4
190339508003015,4
190339508003016,4
190339508003017,4
190339508003018,4
190339508003019,4
190339508003020,4
190339508003021,4
190339508003022,4
190339508003023,4
190339508003024,4
190339508003025,4
190339508003026,4
190339508003027,4
190339508003028,4
190339508003029,4
190339508003030,4
190339508003031,4
190339508003032,4
190339508004000,4
190339508004001,4
190339508004002,4
190339508004003,4
190339508004004,4
190339508004005,4
190339508004006,4
190339508004007,4
190339508004008,4
190339508004009,4
190339508004010,4
190339508004011,4
190339508004012,4
190339508004013,4
190339508004014,4
190339508004015,4
190339508004016,4
190339508004017,4
190339508004018,4
190339508004019,4
190339508004020,4
190339508004021,4
190339508004022,4
190339508004023,4
190339508004024,4
190339508004025,4
190339508004026,4
190339508004027,4
190339508004028,4
190339508004029,4
190339508004030,4
190339508004031,4
190339508004032,4
190339508004033,4
190339508004034,4
190339508004035,4
190339508004036,4
190339508004037,4
190339508004038,4
190339508004039,4
190339508004040,4
190339508004041,4
190339508004042,4
190339508004043,4
190339508004044,4
190339508004045,4
190339508004046,4
190339508004047,4
190339508004048,4
190339508004049,4
190339508004050,4
190339508004051,4
190339508004052,4
190339508004053,4
190339508004054,4
190339508004055,4
190339508004056,4
190339508004057,4
190339508004058,4
190339508004059,4
190339508004060,4
190339508004061,4
190339508004062,4
190339508004063,4
190339508004064,4
190339508004065,4
190339508004066,4
190339508004067,4
190339508004068,4
190339508004069,4
190339508004070,4
190339508004071,4
190339508004073,4
190339508004074,4
190339508004075,4
190339508004076,4
190339508004077,4
190339508004078,4
190339508004079,4
190339509001014,4
190339509001015,4
190339509001019,4
190339509001027,4
190339509001028,4
190339509001029,4
190339509001030,4
190339509001031,4
190339509001032,4
190339509001033,4
190339509001034,4
190339507001024,4
190339508001002,4
190339508001003,4
190339508001004,4
190339508001005,4
190339508001026,4
190339508001027,4
190339508001029,4
190339508001030,4
190339508001035,4
190339508001036,4
190339508001046,4
190339508002086,4
190339508002087,4
190339508002088,4
190339508002089,4
190339508002090,4
190339508002094,4
190339508002095,4
190339508002096,4
190339508002098,4
190339508002099,4
190339508002102,4
190339508002103,4
190339508002104,4
190339508002105,4
190339508003000,4
190339508003008,4
190339508003009,4
190339508003010,4
190339508003011,4
190339508003013,4
190339508003014,4
190339508004072,4
190339509001016,4
190339509001017,4
190339509001018,4
190339509001020,4
190339509001021,4
190339509001022,4
190339509001023,4
190339509001024,4
190339509001025,4
190339509001026,4
190339509001035,4
190339509001036,4
190339509001037,4
190339509001038,4
190339509001039,4
190339509001040,4
190339509001041,4
190339509001042,4
190339509001043,4
190339509001044,4
190339509001045,4
190339509001046,4
190339509001047,4
190339509001048,4
190339509001049,4
190339509001050,4
190339509002000,4
190339509002001,4
190339509002002,4
190339509002003,4
190339509002004,4
190339509002005,4
190339509002006,4
190339509002007,4
190339509002008,4
190339509002009,4
190339509002010,4
190339509002011,4
190339509002012,4
190339509002013,4
190339509002014,4
190339509002015,4
190339509002016,4
190339509002017,4
190339509002018,4
190339509002019,4
190339509002020,4
190339509002021,4
190339509002022,4
190339509002023,4
190339509002024,4
190339509002025,4
190339509002026,4
190339509002027,4
190339509002028,4
190339509002029,4
190339509002030,4
190339509002031,4
190339509002032,4
190339509002033,4
190339509002034,4
190339509002035,4
190339509002036,4
190339509002037,4
190339509002038,4
190339509002039,4
190339509002040,4
190339509002041,4
190339509002042,4
190339509002043,4
190339509002044,4
190339509002045,4
190339509002046,4
190339509002047,4
190339509002048,4
190339509002049,4
190339509002050,4
190339509002051,4
190339509002052,4
190339509002053,4
190339509002054,4
190339509002056,4
190339509002057,4
190339509002088,4
190339508001007,4
190339508001008,4
190339508001009,4
190339508001010,4
190339508001017,4
190339508001018,4
190339508001019,4
190339508001020,4
190339508001021,4
190339508001022,4
190339508001023,4
190339508001024,4
190339508001025,4
190339508001028,4
190339508001031,4
190339508001032,4
190339508001033,4
190339508001034,4
190339508001037,4
190339508001038,4
190339508001039,4
190339508001040,4
190339508001041,4
190339508001042,4
190339508001043,4
190339508001044,4
190339508001045,4
190339508002017,4
190339508002018,4
190339508002019,4
190339508002020,4
190339508002021,4
190339508002022,4
190339508002023,4
190339508002024,4
190339508002025,4
190339508002026,4
190339508002027,4
190339508002028,4
190339508002029,4
190339508002030,4
190339508002031,4
190339508002032,4
190339508002033,4
190339508002034,4
190339508002035,4
190339508002036,4
190339508002037,4
190339508002038,4
190339508002039,4
190339508002040,4
190339508002041,4
190339508002042,4
190339508002043,4
190339508002050,4
190339508002051,4
190339508002052,4
190339508002053,4
190339508002054,4
190339508002055,4
190339508002056,4
190339508002057,4
190339508002058,4
190339508002059,4
190339508002060,4
190339508002061,4
190339508002062,4
190339508002066,4
190339508002067,4
190339508002068,4
190339508002069,4
190339508002070,4
190339508002071,4
190339508002072,4
190339508002073,4
190339508002076,4
190339508002077,4
190339508002078,4
190339508002079,4
190339508002080,4
190339508002081,4
190339508002082,4
190339508002083,4
190339508002084,4
190339508002085,4
190339508002097,4
190339508002100,4
190339508002101,4
190339509001051,4
190339509001052,4
190339509001134,4
190339509001135,4
190339509002055,4
190339509002058,4
190339509002059,4
190339509002060,4
190339509002061,4
190339509002062,4
190339509002063,4
190339509002064,4
190339509002065,4
190339509002066,4
190339509002067,4
190339509002068,4
190339509002069,4
190339509002070,4
190339509002071,4
190339509002072,4
190339509002073,4
190339509002074,4
190339509002075,4
190339509002076,4
190339509002077,4
190339509002078,4
190339509002079,4
190339509002080,4
190339509002081,4
190339509002082,4
190339509002083,4
190339509002084,4
190339509002085,4
190339509002086,4
190339509002087,4
190339510003003,4
190339510003004,4
190339510003005,4
190339510003006,4
190339510003007,4
190339510003014,4
190339509001053,4
190339509001054,4
190339509001055,4
190339509001056,4
190339509001057,4
190339509001058,4
190339509001059,4
190339509001062,4
190339509001063,4
190339509001064,4
190339509001065,4
190339509001066,4
190339509001067,4
190339509001068,4
190339509001069,4
190339509001070,4
190339509001079,4
190339509001080,4
190339509001081,4
190339509001082,4
190339509001083,4
190339509001084,4
190339509001085,4
190339509001086,4
190339509001087,4
190339509001088,4
190339509001089,4
190339509001090,4
190339509001091,4
190339509001092,4
190339509001093,4
190339509001094,4
190339509001095,4
190339509001096,4
190339509001097,4
190339509001098,4
190339509001099,4
190339509001100,4
190339509001101,4
190339509001102,4
190339509001103,4
190339509001108,4
190339509001109,4
190339509001110,4
190339509001111,4
190339509001112,4
190339509001113,4
190339509001125,4
190339509001126,4
190339509001127,4
190339509001128,4
190339509001129,4
190339509001131,4
190339509001132,4
190339509001133,4
190339510002055,4
190339510002056,4
190339510002057,4
190339510002058,4
190339510002059,4
190339510002060,4
190339510002061,4
190339510002086,4
190339510003000,4
190339510003001,4
190339510003002,4
190339510001006,4
190339510001009,4
190339510001010,4
190339510001011,4
190339510001012,4
190339510001013,4
190339510001014,4
190339510001015,4
190339510001016,4
190339510001017,4
190339510001018,4
190339510001019,4
190339510001020,4
190339510001022,4
190339510001023,4
190339510001024,4
190339510001025,4
190339510001026,4
190339510001027,4
190339510001028,4
190339510001029,4
190339510001030,4
190339510001031,4
190339510001032,4
190339510001033,4
190339510001034,4
190339510001035,4
190339510001036,4
190339510001037,4
190339510001038,4
190339510001039,4
190339510001040,4
190339510001041,4
190339510001042,4
190339510001043,4
190339510001044,4
190339510001045,4
190339510001046,4
190339510001047,4
190339510001048,4
190339510001049,4
190339510001050,4
190339510001051,4
190339510001052,4
190339510001054,4
190339510001055,4
190339510001056,4
190339510001057,4
190339510001058,4
190339510001059,4
190339510001060,4
190339510001061,4
190339510001007,4
190339510001008,4
190339510001053,4
190339510002021,4
190339510002040,4
190339510002041,4
190339510002042,4
190339510002043,4
190339510002044,4
190339510002045,4
190339510002046,4
190339510002047,4
190339510002048,4
190339510002049,4
190339510002094,4
190339510002095,4
190339510002096,4
190339510002099,4
190339510002100,4
190339510002102,4
190339510002103,4
190339510002104,4
190339510002106,4
190339510002107,4
190339510002108,4
190339510002109,4
190339510002110,4
190339510002111,4
190339510002112,4
190339510002114,4
190339510002115,4
190339510002130,4
190339510002131,4
190339510002132,4
190339510002133,4
190339510002134,4
190339510002135,4
190339510002136,4
190339510002137,4
190339510002139,4
190339510002140,4
190339510002141,4
190339510002142,4
190339510002143,4
190339510002144,4
190339510002145,4
190339510002146,4
190339510002147,4
190339510002148,4
190339510002181,4
190339510002182,4
190339510002183,4
190339510002187,4
190339510002188,4
190339510002189,4
190339510002190,4
190339510002191,4
190339510002192,4
190339510002194,4
190339510002195,4
190339510002199,4
190339510002216,4
190339510002217,4
190339510002218,4
190339510002010,4
190339510002011,4
190339510002012,4
190339510002013,4
190339510002014,4
190339510002015,4
190339510002016,4
190339510002017,4
190339510002022,4
190339510002023,4
190339510002024,4
190339510002025,4
190339510002026,4
190339510002027,4
190339510002028,4
190339510002029,4
190339510002030,4
190339510002031,4
190339510002032,4
190339510002033,4
190339510002034,4
190339510002035,4
190339510002036,4
190339510002037,4
190339510002038,4
190339510002039,4
190339510002149,4
190339510002150,4
190339510002151,4
190339510002152,4
190339510002153,4
190339510002154,4
190339510002155,4
190339510002157,4
190339510002158,4
190339510002159,4
190339510002160,4
190339510002161,4
190339510002162,4
190339510002171,4
190339510002172,4
190339510002173,4
190339510002174,4
190339510002175,4
190339510002176,4
190339510002177,4
190339510002178,4
190339510002179,4
190339510002180,4
190339510002184,4
190339510002185,4
190339510002186,4
190339510002193,4
190339510002196,4
190339510002062,4
190339510002063,4
190339510002064,4
190339510002065,4
190339510002066,4
190339510002067,4
190339510002068,4
190339510002069,4
190339510002070,4
190339510002071,4
190339510002072,4
190339510002073,4
190339510002074,4
190339510002075,4
190339510002076,4
190339510002077,4
190339510002078,4
190339510002079,4
190339510002080,4
190339510002081,4
190339510002082,4
190339510002083,4
190339510002084,4
190339510002085,4
190339510002087,4
190339510002088,4
190339510002089,4
190339510002090,4
190339510002091,4
190339510002092,4
190339510002093,4
190339510002097,4
190339510002098,4
190339510002101,4
190339510002105,4
190339510002113,4
190339510002116,4
190339510002117,4
190339510002118,4
190339510002119,4
190339510002120,4
190339510002121,4
190339510002122,4
190339510002123,4
190339510002124,4
190339510002125,4
190339510002126,4
190339510002127,4
190339510002128,4
190339510002129,4
190339510002138,4
190339510002200,4
190339510002201,4
190339510002202,4
190339510002203,4
190339510002204,4
190339510002205,4
190339510002206,4
190339510002207,4
190339510002208,4
190339510002209,4
190339510002210,4
190339510002211,4
190339510002212,4
190339510002213,4
190339510002214,4
190339510002215,4
190339510002219,4
190339510002220,4
190339510002221,4
190339510002222,4
190339510002223,4
190339510003015,4
190339510003016,4
190339510003017,4
190339510003018,4
190339510003019,4
190339510003027,4
190339510003028,4
190339510003029,4
190339510003040,4
190339510003048,4
190339510003049,4
190339510003083,4
190339510003084,4
190339510003085,4
190339510003086,4
190339510003087,4
190339510003088,4
190339510003089,4
190339510003095,4
190339510003096,4
190339510002156,4
190339510002163,4
190339510002164,4
190339510002165,4
190339510002166,4
190339510002167,4
190339510002168,4
190339510002169,4
190339510002170,4
190339510002197,4
190339510002198,4
190339510003008,4
190339510003009,4
190339510003010,4
190339510003011,4
190339510003012,4
190339510003013,4
190339510003020,4
190339510003021,4
190339510003022,4
190339510003023,4
190339510003024,4
190339510003025,4
190339510003026,4
190339510003030,4
190339510003031,4
190339510003032,4
190339510003033,4
190339510003034,4
190339510003035,4
190339510003036,4
190339510003037,4
190339510003038,4
190339510003039,4
190339510003073,4
190339510003074,4
190339510003075,4
190339510003076,4
190339510003077,4
190339510003078,4
190339510003079,4
190339510003090,4
190339510003092,4
190339510003093,4
190339510003094,4
190339510003114,4
190339510003115,4
190339510003116,4
190339510003041,4
190339510003042,4
190339510003043,4
190339510003044,4
190339510003045,4
190339510003046,4
190339510003047,4
190339510003050,4
190339510003051,4
190339510003052,4
190339510003053,4
190339510003054,4
190339510003055,4
190339510003056,4
190339510003057,4
190339510003058,4
190339510003059,4
190339510003060,4
190339510003061,4
190339510003062,4
190339510003063,4
190339510003064,4
190339510003065,4
190339510003066,4
190339510003067,4
190339510003068,4
190339510003069,4
190339510003070,4
190339510003071,4
190339510003072,4
190339510003080,4
190339510003081,4
190339510003082,4
190339510003091,4
190339510003118,4
190339510003097,4
190339510003098,4
190339510003099,4
190339510003100,4
190339510003101,4
190339510003102,4
190339510003103,4
190339510003104,4
190339510003105,4
190339510003106,4
190339510003107,4
190339510003108,4
190339510003109,4
190339510003110,4
190339510003111,4
190339510003112,4
190339510003113,4
190339510003117,4
190339514001001,4
190339514001003,4
190339514001004,4
190339514001005,4
190339514001007,4
190339514001008,4
190339514001009,4
190339514001010,4
190339514001011,4
190339514001012,4
190339514001013,4
190339514001014,4
190339514001015,4
190339514001016,4
190339514001017,4
190339514001018,4
190339514001019,4
190339514001020,4
190339514001021,4
190339514001023,4
190339516003000,4
190339516003001,4
190339516003002,4
190339516003003,4
190339516003004,4
190339516003005,4
190339516003006,4
190339516003007,4
190339516003017,4
190339516003024,4
190339516003037,4
190339516003038,4
190339516004000,4
190339516004020,4
190339516004022,4
190339516004023,4
190339516004024,4
190339516004025,4
190339516004027,4
190339516004028,4
190339514002001,4
190339514002002,4
190339514002003,4
190339514002004,4
190339514002005,4
190339514002006,4
190339514002007,4
190339514002008,4
190339514002009,4
190339514002010,4
190339514002011,4
190339514002015,4
190339514002016,4
190339514002019,4
190339514002020,4
190339514002021,4
190339514002026,4
190339514002034,4
190339514002042,4
190339514002043,4
190339514002048,4
190339516001006,4
190339516001007,4
190339516001008,4
190339516001009,4
190339516001010,4
190339516001011,4
190339516001012,4
190339516001013,4
190339516001014,4
190339516001015,4
190339516001016,4
190339516001017,4
190339516001018,4
190339516001019,4
190339516001020,4
190339516001021,4
190339516002000,4
190339516002004,4
190339516002005,4
190339516002006,4
190339516002007,4
190339516002008,4
190339516002009,4
190339516002010,4
190339516002011,4
190339516002012,4
190339516002013,4
190339516002014,4
190339516002015,4
190339516002016,4
190350801011000,4
190350801011001,4
190350801011002,4
190350801011003,4
190350801011004,4
190350801011005,4
190350801011006,4
190350801011007,4
190350801011008,4
190350801011009,4
190350801011010,4
190350801011011,4
190350801011012,4
190350801011013,4
190350801011014,4
190350801011015,4
190350801011016,4
190350801011017,4
190350801011018,4
190350801011019,4
190350801011020,4
190350801011021,4
190350801011022,4
190350801011023,4
190350801011024,4
190350801011025,4
190350801011026,4
190350801011027,4
190350801011028,4
190350801011029,4
190350801012009,4
190350801012013,4
190350801012014,4
190350801012017,4
190350801012018,4
190350801012019,4
190350801012020,4
190350801012021,4
190350801012022,4
190350801012024,4
190350801012025,4
190350801012028,4
190350801012029,4
190350801012030,4
190350801012031,4
190350801012032,4
190350801012033,4
190350801012034,4
190350801012035,4
190350801012036,4
190350801012037,4
190350801012038,4
190350801012039,4
190350801012040,4
190350801012041,4
190350801012042,4
190350801012043,4
190350801012044,4
190350801012045,4
190350801012046,4
190350801012047,4
190350801012048,4
190350801012049,4
190350801012050,4
190350801012051,4
190350801012052,4
190350801012053,4
190350801012054,4
190350801012055,4
190350801012056,4
190350801012057,4
190350801012058,4
190350801012059,4
190350801012060,4
190350801012061,4
190350801012062,4
190350801012063,4
190350801012064,4
190350801012065,4
190350801013007,4
190350801013008,4
190350801013009,4
190350801013010,4
190350801013011,4
190350801013012,4
190350801013013,4
190350801013014,4
190350801013015,4
190350801013016,4
190350801013017,4
190350801013018,4
190350801013020,4
190350801013021,4
190350801013022,4
190350801013023,4
190350801013024,4
190350801013025,4
190350801013026,4
190350801013027,4
190350801013028,4
190350801013029,4
190350801013030,4
190350801013031,4
190350801013032,4
190350801013033,4
190350801013034,4
190350801013035,4
190350801013036,4
190350801013038,4
190350801013039,4
190350801013041,4
190350801013042,4
190350801013043,4
190350801013044,4
190350801021005,4
190350801021006,4
190350801021007,4
190350801021008,4
190350801021009,4
190350801021010,4
190350801021011,4
190350801021012,4
190350801021013,4
190350801021014,4
190350801021015,4
190350801021016,4
190350801021017,4
190350801021018,4
190350801021019,4
190350801021020,4
190350801021021,4
190350801021022,4
190350801021023,4
190350801021024,4
190350801021025,4
190350801021026,4
190350801021027,4
190350801022000,4
190350801022001,4
190350801022002,4
190350801022003,4
190350801022004,4
190350801022005,4
190350801022006,4
190350801022008,4
190350801022009,4
190350801022010,4
190350801022011,4
190350801022012,4
190350801022013,4
190350801022014,4
190350801022015,4
190350801022016,4
190350801022017,4
190350801022018,4
190350801022019,4
190350801022020,4
190350801022021,4
190350801022022,4
190350801022023,4
190350801022024,4
190350801022025,4
190350801022026,4
190350801022027,4
190350801022028,4
190350801022029,4
190350801022030,4
190350801022031,4
190350801022032,4
190350801022033,4
190350801022034,4
190350801022035,4
190350801022036,4
190350801022037,4
190350801022038,4
190350801022039,4
190350801022040,4
190350801022041,4
190350801022042,4
190350801022043,4
190350801022044,4
190350801022045,4
190350801022046,4
190350801022047,4
190350801022048,4
190350801022049,4
190350801022050,4
190350801022051,4
190350801023000,4
190350801023001,4
190350801023002,4
190350801023003,4
190350801023004,4
190350801023005,4
190350801023006,4
190350801023007,4
190350801023008,4
190350801023009,4
190350801023010,4
190350801023011,4
190350801023012,4
190350801023013,4
190350801023014,4
190350801023015,4
190350801023019,4
190350801023020,4
190350801023021,4
190350801023022,4
190350801023023,4
190350801023024,4
190350801023025,4
190350801023026,4
190350801023027,4
190350801023028,4
190350801023029,4
190350801023030,4
190350801023031,4
190350801023032,4
190350801023033,4
190350801023034,4
190350801023035,4
190350801023036,4
190350801023037,4
190350801023038,4
190350801023039,4
190350801023040,4
190350801023042,4
190350801023043,4
190350801023044,4
190350801023045,4
190350801023046,4
190350801023047,4
190350801023048,4
190350801023049,4
190350801023050,4
190350801023051,4
190350801023054,4
190350802001124,4
190350804003033,4
190350804003067,4
190350801012000,4
190350801012001,4
190350802001007,4
190350802001008,4
190350802001009,4
190350802001010,4
190350802001011,4
190350802001012,4
190350802001013,4
190350802001014,4
190350802001015,4
190350802001017,4
190350802001018,4
190350802001019,4
190350802001020,4
190350802001021,4
190350802001022,4
190350802001023,4
190350802001024,4
190350802001025,4
190350802001026,4
190350802001027,4
190350802001028,4
190350802001029,4
190350802001030,4
190350802001031,4
190350802001032,4
190350802001033,4
190350802001034,4
190350802001035,4
190350802001036,4
190350802001037,4
190350802001038,4
190350802001039,4
190350802001040,4
190350802001041,4
190350802001042,4
190350802001043,4
190350802001079,4
190350802001080,4
190350802001081,4
190350802001131,4
190350802002000,4
190350802002001,4
190350802002002,4
190350802002003,4
190350802002042,4
190350802002043,4
190350802002044,4
190350802002045,4
190350802002046,4
190350802002047,4
190350802002048,4
190350802002049,4
190350802002106,4
190350802002107,4
190350802002108,4
190350802002109,4
190350802002110,4
190350802002111,4
190350802002112,4
190350802002113,4
190350802002114,4
190350802002115,4
190350802002116,4
190350802002117,4
190350802002118,4
190350802002119,4
190350802002125,4
190350801012002,4
190350801012003,4
190350801012004,4
190350801012005,4
190350801012006,4
190350801012007,4
190350801012008,4
190350801012010,4
190350801012011,4
190350801012012,4
190350801012015,4
190350801012016,4
190350801012023,4
190350801012026,4
190350801012027,4
190350801013000,4
190350801013001,4
190350801013002,4
190350801013003,4
190350801013004,4
190350801013005,4
190350801013006,4
190350801013019,4
190350801013037,4
190350801021000,4
190350801021001,4
190350801021002,4
190350801021003,4
190350801021004,4
190350801022007,4
190350801023016,4
190350802001078,4
190350802001082,4
190350802001107,4
190350802001108,4
190350802001109,4
190350802001110,4
190350802001111,4
190350802001123,4
190350802001125,4
190350802001126,4
190350802001129,4
190350802001130,4
190350802002120,4
190350802002121,4
190350802002122,4
190350802002123,4
190350802002124,4
190350802002126,4
190350802002127,4
190350802002128,4
190350802002129,4
190350802002130,4
190350802002131,4
190350802002132,4
190350802002141,4
190350802002142,4
190350802002149,4
190350802002150,4
190350802002151,4
190350802002152,4
190350802002153,4
190350802002157,4
190350802002158,4
190350802002159,4
190350802002160,4
190350803001000,4
190350803001051,4
190350803001052,4
190350803001061,4
190350803001062,4
190350803001063,4
190350803001090,4
190350804003070,4
190350801013040,4
190350801023017,4
190350801023018,4
190350801023041,4
190350801023052,4
190350801023053,4
190350804001000,4
190350804001002,4
190350804001003,4
190350804001004,4
190350804001005,4
190350804001006,4
190350804003012,4
190350804003013,4
190350804003014,4
190350804003015,4
190350804003029,4
190350804003030,4
190350804003031,4
190350804003032,4
190350804003034,4
190350804003035,4
190350804003036,4
190350804003037,4
190350804003060,4
190350804003061,4
190350804003062,4
190350804003063,4
190350804003064,4
190350804003065,4
190350804003066,4
190350804003068,4
190350804003069,4
190350804003074,4
190350804003075,4
190350804003076,4
190350804003077,4
190350804003081,4
190350804003082,4
190350804003083,4
190350804003084,4
190350804003085,4
190350804003086,4
190350804003087,4
190350804003088,4
190350804003089,4
190350804003090,4
190350804003093,4
190350804003094,4
190350804003095,4
190350804003096,4
190350804003097,4
190350804003098,4
190350804003099,4
190350804003100,4
190350804003101,4
190350804003102,4
190350804003103,4
190350804003105,4
190350804003106,4
190350804003107,4
190350804003108,4
190350804003109,4
190350804003110,4
190350804003116,4
190350804003117,4
190350804003193,4
190350802001000,4
190350802001001,4
190350802001002,4
190350802001003,4
190350802001004,4
190350802001005,4
190350802001006,4
190350802001016,4
190350802001044,4
190350802001045,4
190350802001046,4
190350802001047,4
190350802001048,4
190350802001049,4
190350802001050,4
190350802001051,4
190350802001052,4
190350802001053,4
190350802001054,4
190350802001055,4
190350802001056,4
190350802001057,4
190350802001058,4
190350802001059,4
190350802001060,4
190350802001061,4
190350802001062,4
190350802001063,4
190350802001064,4
190350802001065,4
190350802001066,4
190350802001067,4
190350802001068,4
190350802001071,4
190350802001072,4
190350802001069,4
190350802001070,4
190350802001073,4
190350802001074,4
190350802001075,4
190350802001076,4
190350802001077,4
190350802001083,4
190350802001084,4
190350802001085,4
190350802001086,4
190350802001087,4
190350802001088,4
190350802001089,4
190350802001090,4
190350802001091,4
190350802001092,4
190350802001093,4
190350802001094,4
190350802001095,4
190350802001096,4
190350802001097,4
190350802001098,4
190350802001099,4
190350802001100,4
190350802001101,4
190350802001102,4
190350802001103,4
190350802001104,4
190350802001105,4
190350802001106,4
190350802001112,4
190350802001113,4
190350802001114,4
190350802001115,4
190350802001116,4
190350802001117,4
190350802001118,4
190350802001119,4
190350802001120,4
190350802001121,4
190350802001122,4
190350802001127,4
190350802001128,4
190350802001132,4
190350804002000,4
190350804002001,4
190350804002002,4
190350804002003,4
190350804002004,4
190350804002005,4
190350804002006,4
190350804002011,4
190350804003000,4
190350804003001,4
190350804003002,4
190350804003003,4
190350804003004,4
190350804003005,4
190350804003006,4
190350802002004,4
190350802002005,4
190350802002006,4
190350802002007,4
190350802002008,4
190350802002009,4
190350802002010,4
190350802002011,4
190350802002028,4
190350802002029,4
190350802002030,4
190350802002031,4
190350802002032,4
190350802002033,4
190350802002034,4
190350802002035,4
190350802002036,4
190350802002037,4
190350802002038,4
190350802002039,4
190350802002040,4
190350802002041,4
190350802002050,4
190350802002051,4
190350802002052,4
190350802002053,4
190350802002054,4
190350802002055,4
190350802002056,4
190350802002057,4
190350802002058,4
190350802002059,4
190350802002060,4
190350802002061,4
190350802002062,4
190350802002063,4
190350802002064,4
190350802002065,4
190350802002066,4
190350802002067,4
190350802002068,4
190350802002069,4
190350802002070,4
190350802002071,4
190350802002072,4
190350802002098,4
190350802002099,4
190350802002100,4
190350802002101,4
190350802002102,4
190350802002103,4
190350802002104,4
190350802002105,4
190350802002135,4
190350802002136,4
190350802002161,4
190350802002012,4
190350802002013,4
190350802002014,4
190350802002015,4
190350802002016,4
190350802002017,4
190350802002018,4
190350802002019,4
190350802002020,4
190350802002021,4
190350802002022,4
190350802002023,4
190350802002024,4
190350802002025,4
190350802002026,4
190350802002027,4
190350802002073,4
190350802002074,4
190350802002075,4
190350802002076,4
190350802002077,4
190350802002078,4
190350802002079,4
190350802002080,4
190350802002081,4
190350802002082,4
190350802002083,4
190350802002084,4
190350802002085,4
190350802002086,4
190350802002087,4
190350802002088,4
190350802002089,4
190350802002090,4
190350802002091,4
190350802002092,4
190350802002093,4
190350802002094,4
190350802002095,4
190350802002096,4
190350802002097,4
190350802002139,4
190350802002140,4
190350802002143,4
190350802002144,4
190350802002145,4
190350802002146,4
190350802002147,4
190350802002148,4
190350802002154,4
190350802002155,4
190350802002156,4
190350802002162,4
190350802002163,4
190350802002164,4
190350802002165,4
190350802003000,4
190350802003001,4
190350802003013,4
190350803001013,4
190350802002133,4
190350802002134,4
190350802002137,4
190350802002138,4
190350803001001,4
190350803001002,4
190350803001003,4
190350803001004,4
190350803001005,4
190350803001006,4
190350803001007,4
190350803001008,4
190350803001009,4
190350803001017,4
190350803001018,4
190350803001019,4
190350803001020,4
190350803001025,4
190350803001026,4
190350803001027,4
190350803001030,4
190350803001031,4
190350803001032,4
190350803001033,4
190350803001034,4
190350803001035,4
190350803001036,4
190350803001037,4
190350803001038,4
190350803001039,4
190350803001040,4
190350803001041,4
190350803001042,4
190350803001043,4
190350803001044,4
190350803001045,4
190350803001046,4
190350803001047,4
190350803001048,4
190350803001049,4
190350803001050,4
190350803001053,4
190350803001054,4
190350803001055,4
190350803001056,4
190350803001057,4
190350803001058,4
190350803001059,4
190350803001060,4
190350803001064,4
190350803001065,4
190350803001066,4
190350803001067,4
190350803001068,4
190350803001069,4
190350803001070,4
190350803001071,4
190350803001072,4
190350803001073,4
190350803001074,4
190350803001075,4
190350803001076,4
190350803001077,4
190350803001078,4
190350803001079,4
190350803001080,4
190350803001081,4
190350803001082,4
190350803001083,4
190350803001084,4
190350803001085,4
190350803001086,4
190350803001087,4
190350803001088,4
190350803001091,4
190350803001092,4
190350803001093,4
190350803001094,4
190350803001095,4
190350803001096,4
190350803001097,4
190350803001098,4
190350803001099,4
190350803001100,4
190350803001101,4
190350803001102,4
190350803001103,4
190350803002029,4
190350803002030,4
190350803002031,4
190350803002032,4
190350803002033,4
190350803002034,4
190350803002035,4
190350803002036,4
190350803002037,4
190350803002038,4
190350804003071,4
190350802002166,4
190350802002167,4
190350802002168,4
190350802002169,4
190350802003014,4
190350802003087,4
190350802003090,4
190350802003097,4
190350803001010,4
190350803001011,4
190350803001012,4
190350803001014,4
190350803001015,4
190350803001016,4
190350803001021,4
190350803001022,4
190350803001023,4
190350803001024,4
190350803001028,4
190350803001029,4
190350803001089,4
190350803002000,4
190350803002001,4
190350803002003,4
190350803002004,4
190350803002005,4
190350803002006,4
190350803002007,4
190350803002008,4
190350803002009,4
190350803002010,4
190350803002011,4
190350803002012,4
190350803002013,4
190350803002014,4
190350803002015,4
190350803002016,4
190350803002017,4
190350803002018,4
190350803002019,4
190350803002020,4
190350803002021,4
190350803002022,4
190350803002023,4
190350803002024,4
190350803002025,4
190350803002026,4
190350803002027,4
190350803002028,4
190350803002049,4
190350803002050,4
190350803002051,4
190350803002052,4
190350803002053,4
190350802003002,4
190350802003003,4
190350802003004,4
190350802003005,4
190350802003006,4
190350802003007,4
190350802003008,4
190350802003009,4
190350802003010,4
190350802003011,4
190350802003012,4
190350802003015,4
190350802003016,4
190350802003017,4
190350802003018,4
190350802003019,4
190350802003020,4
190350802003021,4
190350802003022,4
190350802003023,4
190350802003024,4
190350802003025,4
190350802003026,4
190350802003027,4
190350802003028,4
190350802003029,4
190350802003030,4
190350802003031,4
190350802003032,4
190350802003033,4
190350802003034,4
190350802003035,4
190350802003036,4
190350802003037,4
190350802003038,4
190350802003039,4
190350802003040,4
190350802003041,4
190350802003042,4
190350802003043,4
190350802003044,4
190350802003045,4
190350802003046,4
190350802003047,4
190350802003048,4
190350802003049,4
190350802003050,4
190350802003051,4
190350802003052,4
190350802003053,4
190350802003054,4
190350802003055,4
190350802003056,4
190350802003057,4
190350802003058,4
190350802003059,4
190350802003060,4
190350802003061,4
190350802003062,4
190350802003063,4
190350802003064,4
190350802003065,4
190350802003066,4
190350802003067,4
190350802003068,4
190350802003069,4
190350802003070,4
190350802003071,4
190350802003072,4
190350802003073,4
190350802003074,4
190350802003075,4
190350802003076,4
190350802003077,4
190350802003078,4
190350802003079,4
190350802003080,4
190350802003081,4
190350802003082,4
190350802003083,4
190350802003084,4
190350802003085,4
190350802003086,4
190350802003088,4
190350802003089,4
190350802003091,4
190350802003092,4
190350802003093,4
190350802003094,4
190350802003095,4
190350802003096,4
190350803002002,4
190350803002039,4
190350803002040,4
190350803002041,4
190350803002042,4
190350803002043,4
190350803002044,4
190350803002067,4
190350803002068,4
190350803002069,4
190350803002070,4
190350803002071,4
190350803002072,4
190350803002073,4
190350803002074,4
190350803002075,4
190350803002076,4
190350803002077,4
190350803002078,4
190350803002079,4
190350803002080,4
190350803002091,4
190350803002092,4
190350803002093,4
190350803002094,4
190350803002095,4
190350803002096,4
190350803002097,4
190350803002098,4
190350803002099,4
190350803002100,4
190350803002117,4
190350803002118,4
190350803002119,4
190350803002120,4
190350803002121,4
190350803002122,4
190350803002123,4
190350803002124,4
190350803002125,4
190350803002126,4
190350803002127,4
190350803002128,4
190350803002129,4
190350803002130,4
190350803002131,4
190350803002147,4
190350803002148,4
190350803002149,4
190350803002150,4
190350803002151,4
190350803002152,4
190350803002158,4
190350803002159,4
190350804001001,4
190350804001013,4
190350804003072,4
190350804003073,4
190350804003078,4
190350804003079,4
190350804003080,4
190350804003091,4
190350804003092,4
190350803002045,4
190350803002046,4
190350803002047,4
190350803002048,4
190350803002054,4
190350803002055,4
190350803002056,4
190350803002057,4
190350803002058,4
190350803002059,4
190350803002060,4
190350803002061,4
190350803002062,4
190350803002063,4
190350803002064,4
190350803002065,4
190350803002066,4
190350803002081,4
190350803002082,4
190350803002083,4
190350803002084,4
190350803002085,4
190350803002086,4
190350803002087,4
190350803002088,4
190350803002089,4
190350803002090,4
190350803002101,4
190350803002102,4
190350803002103,4
190350803002104,4
190350803002105,4
190350803002106,4
190350803002107,4
190350803002108,4
190350803002109,4
190350803002110,4
190350803002111,4
190350803002112,4
190350803002113,4
190350803002114,4
190350803002115,4
190350803002116,4
190350803002139,4
190350803002140,4
190350803002141,4
190350803002142,4
190350803002204,4
190350803002205,4
190350803002206,4
190350803002207,4
190350803002208,4
190350803002209,4
190350803002210,4
190350803002257,4
190350803002293,4
190350803002132,4
190350803002145,4
190350803002146,4
190350803002153,4
190350803002154,4
190350803002155,4
190350803002156,4
190350803002157,4
190350803002160,4
190350803002161,4
190350803002162,4
190350803002163,4
190350803002164,4
190350803002165,4
190350803002166,4
190350803002167,4
190350803002168,4
190350803002169,4
190350803002170,4
190350803002171,4
190350803002172,4
190350803002173,4
190350803002174,4
190350803002175,4
190350803002176,4
190350803002177,4
190350803002178,4
190350803002179,4
190350803002180,4
190350803002181,4
190350803002182,4
190350803002183,4
190350803002184,4
190350803002185,4
190350803002186,4
190350803002187,4
190350803002188,4
190350803002189,4
190350803002190,4
190350803002191,4
190350803002192,4
190350803002193,4
190350803002258,4
190350803002259,4
190350803002260,4
190350803002261,4
190350803002262,4
190350803002263,4
190350803002264,4
190350803002265,4
190350803002266,4
190350803002267,4
190350803002268,4
190350803002269,4
190350803002273,4
190350803002274,4
190350803002275,4
190350803002276,4
190350803002277,4
190350803002278,4
190350803002279,4
190350803002280,4
190350803002281,4
190350803002282,4
190350803002283,4
190350803002284,4
190350803002285,4
190350803002286,4
190350803002287,4
190350803002288,4
190350803002289,4
190350803002290,4
190350803002291,4
190350803002294,4
190350804001009,4
190350804001010,4
190350804001011,4
190350804001012,4
190350804001020,4
190350804001021,4
190350804001022,4
190350804001023,4
190350804001024,4
190350804001025,4
190350804001026,4
190350804001027,4
190350804001028,4
190350804001029,4
190350804001030,4
190350804001031,4
190350804001032,4
190350804001033,4
190350804001034,4
190350804001035,4
190350804001036,4
190350804001037,4
190350804001038,4
190350804001039,4
190350804001040,4
190350804001041,4
190350804001042,4
190350804001043,4
190350804001044,4
190350804001045,4
190350804001046,4
190350804001073,4
190350804001074,4
190350804001075,4
190350804001076,4
190350804001077,4
190350804001078,4
190350804001079,4
190350804001091,4
190350804001092,4
190350804001093,4
190350804001094,4
190350804001095,4
190350804001109,4
190350804001110,4
190350804001111,4
190350804001112,4
190350804001115,4
190350803002133,4
190350803002134,4
190350803002135,4
190350803002136,4
190350803002137,4
190350803002138,4
190350803002143,4
190350803002144,4
190350803002194,4
190350803002195,4
190350803002196,4
190350803002197,4
190350803002198,4
190350803002199,4
190350803002200,4
190350803002201,4
190350803002202,4
190350803002203,4
190350803002211,4
190350803002212,4
190350803002213,4
190350803002214,4
190350803002215,4
190350803002216,4
190350803002217,4
190350803002218,4
190350803002219,4
190350803002220,4
190350803002221,4
190350803002222,4
190350803002223,4
190350803002224,4
190350803002225,4
190350803002226,4
190350803002227,4
190350803002228,4
190350803002229,4
190350803002230,4
190350803002231,4
190350803002232,4
190350803002233,4
190350803002234,4
190350803002235,4
190350803002236,4
190350803002237,4
190350803002238,4
190350803002239,4
190350803002240,4
190350803002241,4
190350803002242,4
190350803002243,4
190350803002244,4
190350803002245,4
190350803002246,4
190350803002247,4
190350803002248,4
190350803002249,4
190350803002250,4
190350803002251,4
190350803002252,4
190350803002253,4
190350803002254,4
190350803002255,4
190350803002256,4
190350803002270,4
190350803002271,4
190350803002272,4
190350803002292,4
190350804001007,4
190350804001008,4
190350804001014,4
190350804001015,4
190350804001016,4
190350804001017,4
190350804001018,4
190350804001019,4
190350804001047,4
190350804001048,4
190350804001049,4
190350804001050,4
190350804001051,4
190350804001052,4
190350804001053,4
190350804001054,4
190350804001055,4
190350804001056,4
190350804001057,4
190350804001058,4
190350804001059,4
190350804001060,4
190350804001061,4
190350804001062,4
190350804001063,4
190350804001064,4
190350804001065,4
190350804001066,4
190350804001067,4
190350804001068,4
190350804001069,4
190350804001070,4
190350804001071,4
190350804001072,4
190350804001080,4
190350804001081,4
190350804001082,4
190350804001083,4
190350804001084,4
190350804001085,4
190350804001086,4
190350804001087,4
190350804001088,4
190350804001089,4
190350804001090,4
190350804001096,4
190350804001097,4
190350804001098,4
190350804001099,4
190350804001100,4
190350804001101,4
190350804001102,4
190350804001103,4
190350804001104,4
190350804001105,4
190350804001113,4
190350804001114,4
190350804003104,4
190350804003111,4
190350804003112,4
190350804003113,4
190350804003114,4
190350804003115,4
190350804003118,4
190350804003119,4
190350804003120,4
190350804003144,4
190350804003145,4
190350804003146,4
190350804003147,4
190350804003148,4
190350804003149,4
190350804003152,4
190350804003191,4
190350804001106,4
190350804001107,4
190350804001108,4
190350804003121,4
190350804003122,4
190350804003123,4
190350804003124,4
190350804003130,4
190350804003131,4
190350804003132,4
190350804003133,4
190350804003134,4
190350804003135,4
190350804003136,4
190350804003137,4
190350804003138,4
190350804003139,4
190350804003140,4
190350804003141,4
190350804003142,4
190350804003143,4
190350804003150,4
190350804003151,4
190350804003153,4
190350804003154,4
190350804003155,4
190350804003156,4
190350804003157,4
190350804003158,4
190350804003159,4
190350804003160,4
190350804003161,4
190350804003162,4
190350804003163,4
190350804003164,4
190350804003165,4
190350804003166,4
190350804003167,4
190350804003168,4
190350804003169,4
190350804003170,4
190350804003171,4
190350804003172,4
190350804003173,4
190350804003174,4
190350804003175,4
190350804003176,4
190350804003177,4
190350804003178,4
190350804003179,4
190350804003180,4
190350804003181,4
190350804003182,4
190350804003183,4
190350804003184,4
190350804003185,4
190350804003186,4
190350804003187,4
190350804003188,4
190350804003189,4
190350804003190,4
190350804003192,4
190350804003195,4
190350804002007,4
190350804002008,4
190350804002009,4
190350804002010,4
190350804002012,4
190350804002013,4
190350804002014,4
190350804002015,4
190350804002016,4
190350804002017,4
190350804002018,4
190350804002019,4
190350804002020,4
190350804002021,4
190350804002022,4
190350804002023,4
190350804002024,4
190350804002025,4
190350804002026,4
190350804002027,4
190350804002028,4
190350804002029,4
190350804002030,4
190350804002031,4
190350804002032,4
190350804002033,4
190350804002034,4
190350804002035,4
190350804002036,4
190350804002037,4
190350804002038,4
190350804002039,4
190350804002040,4
190350804002041,4
190350804002042,4
190350804002043,4
190350804002044,4
190350804002045,4
190350804002046,4
190350804002047,4
190350804002048,4
190350804002049,4
190350804002050,4
190350804002051,4
190350804002052,4
190350804002053,4
190350804002054,4
190350804002055,4
190350804002056,4
190350804002057,4
190350804002058,4
190350804002059,4
190350804002060,4
190350804002061,4
190350804002062,4
190350804002063,4
190350804002064,4
190350804002065,4
190350804002066,4
190350804002067,4
190350804002068,4
190350804002069,4
190350804002070,4
190350804002071,4
190350804002072,4
190350804002073,4
190350804002074,4
190350804002075,4
190350804002076,4
190350804002077,4
190350804002078,4
190350804002079,4
190350804002080,4
190350804002081,4
190350804002082,4
190350804002083,4
190350804002084,4
190350804002085,4
190350804002086,4
190350804002087,4
190350804002088,4
190350804002089,4
190350804002090,4
190350804002091,4
190350804002092,4
190350804002093,4
190350804002094,4
190350804002095,4
190350804002096,4
190350804002097,4
190350804002098,4
190350804003007,4
190350804003008,4
190350804003009,4
190350804003010,4
190350804003011,4
190350804003016,4
190350804003017,4
190350804003018,4
190350804003019,4
190350804003020,4
190350804003021,4
190350804003022,4
190350804003023,4
190350804003024,4
190350804003025,4
190350804003026,4
190350804003027,4
190350804003028,4
190350804003038,4
190350804003039,4
190350804003040,4
190350804003041,4
190350804003042,4
190350804003043,4
190350804003044,4
190350804003045,4
190350804003046,4
190350804003047,4
190350804003048,4
190350804003049,4
190350804003050,4
190350804003051,4
190350804003052,4
190350804003053,4
190350804003054,4
190350804003055,4
190350804003056,4
190350804003057,4
190350804003058,4
190350804003059,4
190350804003125,4
190350804003126,4
190350804003127,4
190350804003128,4
190350804003129,4
190350804003194,4
190370701001000,4
190370701001002,4
190370701001003,4
190370701001004,4
190370701001005,4
190370701001006,4
190370701001007,4
190370701001060,4
190370701001061,4
190370701001062,4
190370701001063,4
190370701001064,4
190370701001065,4
190370701001066,4
190370701001067,4
190370701001068,4
190370701001071,4
190370701001072,4
190370701001073,4
190370701001074,4
190370701001075,4
190370701001076,4
190370701001077,4
190370701001078,4
190370701001079,4
190370701001080,4
190370701001081,4
190370701001082,4
190370701001083,4
190370701001084,4
190370701001085,4
190370701001086,4
190370701001087,4
190370701001088,4
190370701001089,4
190370701001090,4
190370701001091,4
190370701001092,4
190370701001093,4
190370701001094,4
190370701001095,4
190370701001096,4
190370701001099,4
190370701001100,4
190370701001103,4
190370701001104,4
190370701001105,4
190370701001106,4
190370701001107,4
190370701001108,4
190370701001196,4
190370701001197,4
190370701001198,4
190370701001199,4
190370701001200,4
190370701001204,4
190370701001205,4
190370701001206,4
190370701001207,4
190370701001220,4
190370701001221,4
190370701001222,4
190370701001223,4
190370701001224,4
190370701001225,4
190370701001226,4
190370701001227,4
190370701001228,4
190370701001229,4
190370701001230,4
190370701001231,4
190370701001232,4
190370701001233,4
190370701001234,4
190370701001235,4
190370701001236,4
190370701001237,4
190370701001238,4
190370701001239,4
190370701001240,4
190370701001241,4
190370701001250,4
190370703001000,4
190370703001003,4
190370703001012,4
190370701001001,4
190370701001008,4
190370701001009,4
190370701001010,4
190370701001011,4
190370701001012,4
190370701001013,4
190370701001014,4
190370701001044,4
190370701001045,4
190370701001046,4
190370701001048,4
190370701001049,4
190370701001050,4
190370701001051,4
190370701001052,4
190370701001053,4
190370701001054,4
190370701001055,4
190370701001056,4
190370701001057,4
190370701001058,4
190370701001059,4
190370701001069,4
190370701001070,4
190370701001097,4
190370701001098,4
190370701001101,4
190370701001102,4
190370701001109,4
190370701001110,4
190370701001111,4
190370701001112,4
190370701001113,4
190370701001114,4
190370701001115,4
190370701001185,4
190370701001186,4
190370701001187,4
190370701001188,4
190370701001189,4
190370701001190,4
190370701001191,4
190370701001192,4
190370701001193,4
190370701001194,4
190370701001195,4
190370701001201,4
190370701001202,4
190370701001203,4
190370701001208,4
190370701001209,4
190370701001210,4
190370701001211,4
190370701001212,4
190370701001213,4
190370701001216,4
190370701001217,4
190370701001218,4
190370701001219,4
190370701001249,4
190370703001013,4
190370704001000,4
190370704001001,4
190370704001006,4
190370704001007,4
190370704001008,4
190370704001009,4
190370704001012,4
190370704001013,4
190370701001015,4
190370701001016,4
190370701001017,4
190370701001018,4
190370701001019,4
190370701001020,4
190370701001021,4
190370701001022,4
190370701001023,4
190370701001024,4
190370701001025,4
190370701001026,4
190370701001027,4
190370701001028,4
190370701001029,4
190370701001030,4
190370701001031,4
190370701001032,4
190370701001033,4
190370701001034,4
190370701001035,4
190370701001036,4
190370701001037,4
190370701001038,4
190370701001039,4
190370701001040,4
190370701001041,4
190370701001042,4
190370701001043,4
190370701001047,4
190370701001116,4
190370701001117,4
190370701001118,4
190370701001119,4
190370701001120,4
190370701001121,4
190370701001122,4
190370701001123,4
190370701001124,4
190370701001125,4
190370701001126,4
190370701001127,4
190370701001128,4
190370701001129,4
190370701001130,4
190370701001131,4
190370701001132,4
190370701001133,4
190370701001134,4
190370701001135,4
190370701001136,4
190370701001137,4
190370701001138,4
190370701001139,4
190370701001140,4
190370701001141,4
190370701001143,4
190370701001144,4
190370701001145,4
190370701001146,4
190370701001149,4
190370701001150,4
190370701001151,4
190370701001152,4
190370701001153,4
190370701001154,4
190370701001155,4
190370701001156,4
190370701001157,4
190370701001158,4
190370701001159,4
190370701001160,4
190370701001163,4
190370701001164,4
190370701001165,4
190370701001166,4
190370701001167,4
190370701001168,4
190370701001169,4
190370701001170,4
190370701001171,4
190370701001172,4
190370701001173,4
190370701001174,4
190370701001175,4
190370701001176,4
190370701001177,4
190370701001178,4
190370701001179,4
190370701001180,4
190370701001181,4
190370701001182,4
190370701001183,4
190370701001184,4
190370701001214,4
190370701001215,4
190370701001244,4
190370701001245,4
190370701001246,4
190370701001251,4
190370704001002,4
190370704001003,4
190370704001004,4
190370704001005,4
190370704001014,4
190370704001015,4
190370701001142,4
190370701001147,4
190370701001148,4
190370701001161,4
190370701001162,4
190370701001242,4
190370701001243,4
190370701002000,4
190370701002001,4
190370701002002,4
190370701002003,4
190370701002004,4
190370701002005,4
190370701002006,4
190370701002007,4
190370701002008,4
190370701002009,4
190370701002010,4
190370701002011,4
190370701002012,4
190370701002013,4
190370701002014,4
190370701002015,4
190370701002016,4
190370701002017,4
190370701002018,4
190370701002019,4
190370701002020,4
190370701002021,4
190370701002022,4
190370701002023,4
190370701002024,4
190370701002025,4
190370701002026,4
190370701002027,4
190370701002028,4
190370701002029,4
190370701002030,4
190370701002031,4
190370701002032,4
190370701002033,4
190370701002034,4
190370701002035,4
190370701002036,4
190370701002037,4
190370701002038,4
190370701002039,4
190370701002040,4
190370701002041,4
190370701002042,4
190370701002043,4
190370701002044,4
190370701002045,4
190370701002046,4
190370701002047,4
190370701002048,4
190370701002049,4
190370701002050,4
190370701002051,4
190370701002052,4
190370701002053,4
190370701002054,4
190370701002055,4
190370701002056,4
190370701002057,4
190370701002058,4
190370701002059,4
190370701002060,4
190370701002061,4
190370701002062,4
190370701002095,4
190370701002096,4
190370701002220,4
190370701001247,4
190370701001248,4
190370703001001,4
190370703001002,4
190370703001004,4
190370703001005,4
190370703001006,4
190370703001007,4
190370703001008,4
190370703001009,4
190370703001010,4
190370703001011,4
190370703001022,4
190370703001023,4
190370703001024,4
190370703001040,4
190370703001041,4
190370703001042,4
190370703001043,4
190370703001044,4
190370703001045,4
190370703001046,4
190370703001047,4
190370703001048,4
190370703001049,4
190370703001050,4
190370703001051,4
190370703001052,4
190370703001053,4
190370703001054,4
190370703001055,4
190370703001056,4
190370703001057,4
190370703001058,4
190370703001059,4
190370703001060,4
190370703001061,4
190370703001062,4
190370703001063,4
190370703001064,4
190370703001065,4
190370703001066,4
190370703001067,4
190370703001068,4
190370703001069,4
190370703001070,4
190370703001071,4
190370703001072,4
190370703001073,4
190370703001074,4
190370703001075,4
190370703001076,4
190370703001077,4
190370703001078,4
190370703001079,4
190370703001080,4
190370703001081,4
190370703001082,4
190370703001083,4
190370703001084,4
190370703001085,4
190370703001086,4
190370703001087,4
190370703001088,4
190370703001089,4
190370703001090,4
190370703001091,4
190370703001092,4
190370703001093,4
190370703001094,4
190370703001095,4
190370703001096,4
190370703001097,4
190370703001098,4
190370703001099,4
190370703001100,4
190370703001101,4
190370703001102,4
190370703001103,4
190370703001104,4
190370703001105,4
190370703001106,4
190370703001107,4
190370703001108,4
190370703001109,4
190370703001110,4
190370703001111,4
190370703001112,4
190370703001113,4
190370703001114,4
190370703001115,4
190370703001116,4
190370703001117,4
190370703001118,4
190370703001119,4
190370703001120,4
190370703001121,4
190370703001122,4
190370703001123,4
190370703001124,4
190370703001125,4
190370703001126,4
190370703001127,4
190370703001128,4
190370703001129,4
190370703001130,4
190370703001131,4
190370703001132,4
190370703001135,4
190370703001136,4
190370703001137,4
190370703001141,4
190370703001142,4
190370703001143,4
190370703001144,4
190370703001174,4
190370703001177,4
190370701002063,4
190370701002064,4
190370701002065,4
190370701002066,4
190370701002067,4
190370701002082,4
190370701002083,4
190370701002084,4
190370701002085,4
190370701002086,4
190370701002087,4
190370701002088,4
190370701002089,4
190370701002090,4
190370701002091,4
190370701002092,4
190370701002093,4
190370701002094,4
190370701002097,4
190370701002098,4
190370701002099,4
190370701002100,4
190370701002101,4
190370701002102,4
190370701002103,4
190370701002104,4
190370701002105,4
190370701002106,4
190370701002107,4
190370701002108,4
190370701002109,4
190370701002110,4
190370701002111,4
190370701002112,4
190370701002113,4
190370701002114,4
190370701002115,4
190370701002116,4
190370701002117,4
190370701002118,4
190370701002119,4
190370701002120,4
190370701002121,4
190370701002122,4
190370701002123,4
190370701002124,4
190370701002125,4
190370701002126,4
190370701002127,4
190370701002128,4
190370701002129,4
190370701002130,4
190370701002131,4
190370701002132,4
190370701002133,4
190370701002134,4
190370701002135,4
190370701002136,4
190370701002137,4
190370701002138,4
190370701002139,4
190370701002140,4
190370701002141,4
190370701002142,4
190370701002143,4
190370701002144,4
190370701002145,4
190370701002146,4
190370701002147,4
190370701002148,4
190370701002149,4
190370701002150,4
190370701002151,4
190370701002152,4
190370701002153,4
190370701002154,4
190370701002155,4
190370701002158,4
190370701002159,4
190370701002160,4
190370701002161,4
190370701002162,4
190370701002163,4
190370701002164,4
190370701002191,4
190370701002192,4
190370701002193,4
190370701002194,4
190370701002195,4
190370701002196,4
190370701002197,4
190370701002198,4
190370701002199,4
190370701002200,4
190370701002201,4
190370701002202,4
190370701002203,4
190370701002204,4
190370701002205,4
190370701002206,4
190370701002207,4
190370701002208,4
190370701002209,4
190370701002210,4
190370701002212,4
190370701002213,4
190370701002214,4
190370701002215,4
190370701002216,4
190370701002217,4
190370701002218,4
190370701002219,4
190370701002221,4
190370701002222,4
190370701002223,4
190370701002224,4
190370701002225,4
190370701002226,4
190370701002227,4
190370701002228,4
190370701002229,4
190370701002230,4
190370701002068,4
190370701002069,4
190370701002070,4
190370701002071,4
190370701002072,4
190370701002073,4
190370701002074,4
190370701002075,4
190370701002076,4
190370701002077,4
190370701002078,4
190370701002079,4
190370701002080,4
190370701002081,4
190370701002156,4
190370701002157,4
190370701002165,4
190370701002166,4
190370701002167,4
190370701002168,4
190370701002169,4
190370701002170,4
190370701002171,4
190370701002172,4
190370701002173,4
190370701002174,4
190370701002175,4
190370701002176,4
190370701002177,4
190370701002178,4
190370701002179,4
190370701002180,4
190370701002181,4
190370701002182,4
190370701002183,4
190370701002184,4
190370701002185,4
190370701002186,4
190370701002187,4
190370701002188,4
190370701002189,4
190370701002190,4
190370701002211,4
190370702001000,4
190370702001001,4
190370702001002,4
190370702001004,4
190370702001005,4
190370704001016,4
190370704001017,4
190370704001020,4
190370704001024,4
190370704001050,4
190370704001102,4
190370704002030,4
190370704002064,4
190370704002065,4
190370704002066,4
190370704002067,4
190370704002068,4
190370702001003,4
190370702001006,4
190370702001007,4
190370702001008,4
190370702001009,4
190370702001010,4
190370702001011,4
190370702001012,4
190370702001013,4
190370702001014,4
190370702001015,4
190370702001055,4
190370702001056,4
190370702001057,4
190370702001058,4
190370702001059,4
190370702001062,4
190370702001063,4
190370702001064,4
190370702001065,4
190370702001066,4
190370702001067,4
190370702001068,4
190370702001069,4
190370702001070,4
190370702001071,4
190370702001072,4
190370702001073,4
190370702001074,4
190370702001075,4
190370702001076,4
190370702001077,4
190370702001078,4
190370702001079,4
190370702001080,4
190370702001081,4
190370702001082,4
190370702001083,4
190370702001084,4
190370702001085,4
190370702001086,4
190370702001087,4
190370702001088,4
190370702001089,4
190370702001090,4
190370702001091,4
190370702001092,4
190370702001096,4
190370702001097,4
190370702001016,4
190370702001017,4
190370702001018,4
190370702001019,4
190370702001020,4
190370702001021,4
190370702001022,4
190370702001023,4
190370702001024,4
190370702001025,4
190370702001026,4
190370702001027,4
190370702001028,4
190370702001029,4
190370702001030,4
190370702001031,4
190370702001032,4
190370702001033,4
190370702001034,4
190370702001035,4
190370702001036,4
190370702001037,4
190370702001038,4
190370702001039,4
190370702001040,4
190370702001041,4
190370702001043,4
190370702001044,4
190370702001046,4
190370702001047,4
190370702001048,4
190370702001049,4
190370702001050,4
190370702001051,4
190370702001052,4
190370702001053,4
190370702001054,4
190370702001060,4
190370702001061,4
190370702001093,4
190370702001094,4
190370702001095,4
190370702001098,4
190370702002000,4
190370702002001,4
190370702002002,4
190370702002003,4
190370702002004,4
190370702002005,4
190370702002006,4
190370702002007,4
190370702002008,4
190370702002009,4
190370702002014,4
190370702002015,4
190370702002016,4
190370702002017,4
190370702002018,4
190370702002019,4
190370702002020,4
190370702002021,4
190370702002022,4
190370702002024,4
190370702002027,4
190370702002034,4
190370702002035,4
190370702002036,4
190370702002037,4
190370702002038,4
190370702002040,4
190370702002044,4
190370702002078,4
190370702002079,4
190370702002080,4
190370702002081,4
190370702002082,4
190370702002083,4
190370702002090,4
190370702002091,4
190370702002092,4
190370702002093,4
190370702002094,4
190370702002095,4
190370702002131,4
190370702002132,4
190370702002136,4
190370702002137,4
190370702001042,4
190370702001045,4
190370702002010,4
190370702002011,4
190370702002012,4
190370702002013,4
190370702002023,4
190370702002025,4
190370702002026,4
190370702002028,4
190370702002029,4
190370702002030,4
190370702002031,4
190370702002032,4
190370702002033,4
190370702002039,4
190370702002041,4
190370702002042,4
190370702002043,4
190370702002045,4
190370702002046,4
190370702002047,4
190370702002048,4
190370702002049,4
190370702002050,4
190370702002051,4
190370702002052,4
190370702002053,4
190370702002054,4
190370702002055,4
190370702002056,4
190370702002057,4
190370702002058,4
190370702002059,4
190370702002060,4
190370702002061,4
190370702002062,4
190370702002063,4
190370702002064,4
190370702002065,4
190370702002066,4
190370702002067,4
190370702002068,4
190370702002069,4
190370702002070,4
190370702002071,4
190370702002072,4
190370702002073,4
190370702002074,4
190370702002075,4
190370702002076,4
190370702002077,4
190370702002084,4
190370702002085,4
190370702002086,4
190370702002087,4
190370702002088,4
190370702002089,4
190370702002096,4
190370702002097,4
190370702002098,4
190370702002099,4
190370702002100,4
190370702002101,4
190370702002102,4
190370702002103,4
190370702002104,4
190370702002105,4
190370702002106,4
190370702002107,4
190370702002108,4
190370702002109,4
190370702002110,4
190370702002111,4
190370702002112,4
190370702002113,4
190370702002114,4
190370702002115,4
190370702002116,4
190370702002117,4
190370702002118,4
190370702002119,4
190370702002120,4
190370702002121,4
190370702002122,4
190370702002123,4
190370702002124,4
190370702002125,4
190370702002126,4
190370702002127,4
190370702002128,4
190370702002129,4
190370702002130,4
190370702002133,4
190370702002134,4
190370702002135,4
190370702002138,4
190370703001014,4
190370703001015,4
190370703001016,4
190370703001017,4
190370703001018,4
190370703001019,4
190370703001020,4
190370703001021,4
190370703001025,4
190370703001026,4
190370703001027,4
190370703001028,4
190370703001029,4
190370703001030,4
190370703001031,4
190370703001032,4
190370703001033,4
190370703001034,4
190370703001035,4
190370703001036,4
190370703001037,4
190370703001038,4
190370703001039,4
190370703001133,4
190370703001134,4
190370703001138,4
190370703001139,4
190370703001140,4
190370703001145,4
190370703001146,4
190370703001147,4
190370703001148,4
190370703001149,4
190370703001150,4
190370703001151,4
190370703001152,4
190370703001153,4
190370703001154,4
190370703001155,4
190370703001157,4
190370703001158,4
190370703001159,4
190370703001160,4
190370703001161,4
190370703001162,4
190370703001163,4
190370703001164,4
190370703001165,4
190370703001166,4
190370703001167,4
190370703001168,4
190370703001169,4
190370703001170,4
190370703001171,4
190370703001172,4
190370703001173,4
190370703001175,4
190370703001176,4
190370703001178,4
190370703001179,4
190370703001180,4
190370703001181,4
190370703001182,4
190370703001183,4
190370704001010,4
190370704001011,4
190370704001018,4
190370704001019,4
190370704001036,4
190370704002000,4
190370704002060,4
190370704002061,4
190370704002062,4
190370703001156,4
190370704001021,4
190370704001022,4
190370704001023,4
190370704001025,4
190370704001026,4
190370704001027,4
190370704001028,4
190370704001029,4
190370704001030,4
190370704001031,4
190370704001032,4
190370704001033,4
190370704001034,4
190370704001035,4
190370704001037,4
190370704001038,4
190370704001039,4
190370704001040,4
190370704001041,4
190370704001042,4
190370704001043,4
190370704001044,4
190370704001045,4
190370704001046,4
190370704001047,4
190370704001048,4
190370704001049,4
190370704001051,4
190370704001052,4
190370704001053,4
190370704001054,4
190370704001055,4
190370704001056,4
190370704001057,4
190370704001058,4
190370704001059,4
190370704001060,4
190370704001061,4
190370704001062,4
190370704001063,4
190370704001064,4
190370704001065,4
190370704001066,4
190370704001067,4
190370704001068,4
190370704001069,4
190370704001070,4
190370704001071,4
190370704001072,4
190370704001073,4
190370704001074,4
190370704001075,4
190370704001076,4
190370704001077,4
190370704001078,4
190370704001079,4
190370704001080,4
190370704001081,4
190370704001082,4
190370704001083,4
190370704001084,4
190370704001085,4
190370704001086,4
190370704001087,4
190370704001088,4
190370704001089,4
190370704001090,4
190370704001091,4
190370704001092,4
190370704001093,4
190370704001094,4
190370704001095,4
190370704001096,4
190370704001097,4
190370704001098,4
190370704001099,4
190370704001100,4
190370704001101,4
190370704002001,4
190370704002002,4
190370704002003,4
190370704002004,4
190370704002005,4
190370704002006,4
190370704002007,4
190370704002008,4
190370704002009,4
190370704002010,4
190370704002011,4
190370704002012,4
190370704002013,4
190370704002014,4
190370704002015,4
190370704002016,4
190370704002017,4
190370704002018,4
190370704002019,4
190370704002020,4
190370704002021,4
190370704002022,4
190370704002023,4
190370704002024,4
190370704002025,4
190370704002026,4
190370704002027,4
190370704002028,4
190370704002029,4
190370704002031,4
190370704002032,4
190370704002033,4
190370704002034,4
190370704002035,4
190370704002036,4
190370704002037,4
190370704002038,4
190370704002039,4
190370704002040,4
190370704002041,4
190370704002042,4
190370704002043,4
190370704002044,4
190370704002045,4
190370704002046,4
190370704002047,4
190370704002048,4
190370704002049,4
190370704002050,4
190370704002051,4
190370704002052,4
190370704002053,4
190370704002054,4
190370704002055,4
190370704002056,4
190370704002057,4
190370704002058,4
190370704002059,4
190370704002063,4
190370704002069,4
190370704002070,4
190370704002071,4
190370704002072,4
190370703002000,4
190370703002001,4
190370703002002,4
190370703002003,4
190370703002004,4
190370703002005,4
190370703002006,4
190370703002035,4
190370703002036,4
190370703002037,4
190370703002038,4
190370703002039,4
190370703002040,4
190370703002041,4
190370703002042,4
190370703002043,4
190370703002044,4
190370703002045,4
190370703002046,4
190370703002047,4
190370703002055,4
190370703002056,4
190370703002058,4
190370703002059,4
190370703002060,4
190370703002061,4
190370703002062,4
190370703002063,4
190370703002064,4
190370703002065,4
190370703002156,4
190370703002157,4
190370703002158,4
190370703002159,4
190370703002160,4
190370703002161,4
190370703002162,4
190370703002163,4
190370703002164,4
190370703002165,4
190370703002166,4
190370703002167,4
190370703002179,4
190370703002180,4
190370703002181,4
190370703002182,4
190370703002183,4
190370703002184,4
190370703002185,4
190370703002187,4
190370703002188,4
190370703002189,4
190370703002190,4
190370703002007,4
190370703002008,4
190370703002009,4
190370703002010,4
190370703002011,4
190370703002012,4
190370703002013,4
190370703002014,4
190370703002015,4
190370703002016,4
190370703002017,4
190370703002018,4
190370703002019,4
190370703002020,4
190370703002021,4
190370703002022,4
190370703002023,4
190370703002024,4
190370703002025,4
190370703002026,4
190370703002027,4
190370703002028,4
190370703002029,4
190370703002030,4
190370703002031,4
190370703002032,4
190370703002033,4
190370703002034,4
190370703002066,4
190370703002067,4
190370703002130,4
190370703002131,4
190370703002132,4
190370703002133,4
190370703002134,4
190370703002135,4
190370703002136,4
190370703002137,4
190370703002138,4
190370703002139,4
190370703002140,4
190370703002141,4
190370703002142,4
190370703002143,4
190370703002144,4
190370703002145,4
190370703002146,4
190370703002147,4
190370703002148,4
190370703002149,4
190370703002150,4
190370703002151,4
190370703002152,4
190370703002153,4
190370703002154,4
190370703002155,4
190370703002168,4
190370703002169,4
190370703002170,4
190370703002171,4
190370703002172,4
190370703002173,4
190370703002174,4
190370703002175,4
190370703002176,4
190370703002177,4
190370703002178,4
190370703002186,4
190370703002048,4
190370703002049,4
190370703002050,4
190370703002051,4
190370703002052,4
190370703002053,4
190370703002054,4
190370703002057,4
190370703002068,4
190370703002069,4
190370703002070,4
190370703002071,4
190370703002072,4
190370703002073,4
190370703002074,4
190370703002075,4
190370703002076,4
190370703002077,4
190370703002078,4
190370703002079,4
190370703002080,4
190370703002081,4
190370703002082,4
190370703002083,4
190370703002084,4
190370703002085,4
190370703002086,4
190370703002087,4
190370703002088,4
190370703002089,4
190370703002090,4
190370703002091,4
190370703002092,4
190370703002093,4
190370703002094,4
190370703002095,4
190370703002096,4
190370703002097,4
190370703002098,4
190370703002099,4
190370703002100,4
190370703002101,4
190370703002102,4
190370703002103,4
190370703002104,4
190370703002105,4
190370703002106,4
190370703002107,4
190370703002108,4
190370703002109,4
190370703002110,4
190370703002111,4
190370703002112,4
190370703002113,4
190370703002114,4
190370703002115,4
190370703002116,4
190370703002117,4
190370703002118,4
190370703002119,4
190370703002120,4
190370703002121,4
190370703002122,4
190370703002123,4
190370703002124,4
190370703002125,4
190370703002126,4
190370703002127,4
190370703002128,4
190370703002129,4
190370703002191,4
190399601001000,2
190399601002000,2
190399601002049,2
190399601002051,2
190399601002073,2
190399601003000,2
190399601003008,2
190399601004061,2
190399601004062,2
190399602001058,2
190399602001059,2
190399602001060,2
190399602001061,2
190399602001062,2
190399602001063,2
190399602001064,2
190399602001065,2
190399602001066,2
190399602001093,2
190399602001094,2
190399602001095,2
190399602001096,2
190399602001097,2
190399602001098,2
190399602001162,2
190399602002078,2
190399602002079,2
190399602002081,2
190399602002082,2
190399602002087,2
190399602002088,2
190399602002094,2
190399602002095,2
190399602002097,2
190399602002098,2
190399602002099,2
190399602002100,2
190399602002101,2
190399602002104,2
190399602002105,2
190399602002107,2
190399602002108,2
190399602002109,2
190399602002110,2
190399603002072,2
190399603002073,2
190399603002074,2
190399603002098,2
190399603002099,2
190399603002100,2
190399601001001,2
190399601001002,2
190399601001003,2
190399601001004,2
190399601001005,2
190399601001006,2
190399601001007,2
190399601001008,2
190399601001009,2
190399601001010,2
190399601001011,2
190399601001012,2
190399601001013,2
190399601001014,2
190399601001015,2
190399601001016,2
190399601001017,2
190399601001018,2
190399601001019,2
190399601001020,2
190399601001021,2
190399601001022,2
190399601001023,2
190399601001024,2
190399601001025,2
190399601001026,2
190399601001027,2
190399601001028,2
190399601001029,2
190399601001030,2
190399601001031,2
190399601001032,2
190399601001033,2
190399601001034,2
190399601001035,2
190399601001036,2
190399601001037,2
190399601001038,2
190399601001039,2
190399601001040,2
190399601001041,2
190399601001042,2
190399601001043,2
190399601001044,2
190399601001045,2
190399601001046,2
190399601001047,2
190399601001048,2
190399601001049,2
190399601001050,2
190399601001051,2
190399601001052,2
190399601001053,2
190399601001054,2
190399601001055,2
190399601002001,2
190399601002002,2
190399601002003,2
190399601002004,2
190399601002005,2
190399601002006,2
190399601002007,2
190399601002008,2
190399601002009,2
190399601002010,2
190399601002011,2
190399601002012,2
190399601002013,2
190399601002014,2
190399601002015,2
190399601002016,2
190399601002017,2
190399601002018,2
190399601002019,2
190399601002020,2
190399601002021,2
190399601002022,2
190399601002023,2
190399601002024,2
190399601002025,2
190399601002026,2
190399601002027,2
190399601002028,2
190399601002029,2
190399601002030,2
190399601002031,2
190399601002032,2
190399601002033,2
190399601002034,2
190399601002035,2
190399601002036,2
190399601002037,2
190399601002038,2
190399601002039,2
190399601002040,2
190399601002041,2
190399601002042,2
190399601002043,2
190399601002044,2
190399601002045,2
190399601002046,2
190399601002047,2
190399601002048,2
190399601002050,2
190399601002052,2
190399601002053,2
190399601002054,2
190399601002055,2
190399601002056,2
190399601002057,2
190399601002058,2
190399601002059,2
190399601002060,2
190399601002061,2
190399601002062,2
190399601002063,2
190399601002064,2
190399601002065,2
190399601002066,2
190399601002067,2
190399601002068,2
190399601002069,2
190399601002070,2
190399601002071,2
190399601002072,2
190399601003001,2
190399601003002,2
190399601003003,2
190399601003004,2
190399601003005,2
190399601003006,2
190399601003007,2
190399601003009,2
190399601003010,2
190399601003011,2
190399601003012,2
190399601003013,2
190399601003014,2
190399601003015,2
190399601003016,2
190399601003017,2
190399601003018,2
190399601003019,2
190399601003020,2
190399601003021,2
190399601003022,2
190399601003023,2
190399601003024,2
190399601003025,2
190399601003026,2
190399601003027,2
190399601003028,2
190399601003029,2
190399601003030,2
190399601003031,2
190399601003032,2
190399601003033,2
190399601003034,2
190399601003035,2
190399601003036,2
190399601003037,2
190399601003038,2
190399601003039,2
190399601003040,2
190399601003041,2
190399601003042,2
190399601003043,2
190399601003044,2
190399601003045,2
190399601003046,2
190399601003047,2
190399601003048,2
190399601003049,2
190399601003050,2
190399601004000,2
190399601004001,2
190399601004002,2
190399601004003,2
190399601004004,2
190399601004005,2
190399601004006,2
190399601004007,2
190399601004008,2
190399601004009,2
190399601004010,2
190399601004011,2
190399601004012,2
190399601004013,2
190399601004014,2
190399601004015,2
190399601004016,2
190399601004017,2
190399601004018,2
190399601004019,2
190399601004020,2
190399601004021,2
190399601004022,2
190399601004023,2
190399601004024,2
190399601004025,2
190399601004026,2
190399601004027,2
190399601004028,2
190399601004029,2
190399601004030,2
190399601004031,2
190399601004032,2
190399601004033,2
190399601004034,2
190399601004035,2
190399601004036,2
190399601004037,2
190399601004038,2
190399601004039,2
190399601004040,2
190399601004041,2
190399601004042,2
190399601004043,2
190399601004044,2
190399601004045,2
190399601004046,2
190399601004047,2
190399601004048,2
190399601004049,2
190399601004050,2
190399601004051,2
190399601004052,2
190399601004053,2
190399601004054,2
190399601004055,2
190399601004056,2
190399601004057,2
190399601004058,2
190399601004059,2
190399601004060,2
190399601004063,2
190399601004064,2
190399601004065,2
190399601004066,2
190399601004067,2
190399601004068,2
190399602001099,2
190399602002083,2
190399602002084,2
190399602002085,2
190399602002086,2
190399602002089,2
190399602002106,2
190399603002096,2
190399603002106,2
190399603002107,2
190399603002108,2
190399603002109,2
190399603002110,2
190399603002120,2
190399603002121,2
190399603002122,2
190399603002123,2
190399603002136,2
190399603002137,2
190399603002138,2
190399603002139,2
190399603002140,2
190399603002141,2
190399603002142,2
190399603002143,2
190399603002146,2
190399603002148,2
190399602001000,2
190399602001001,2
190399602001002,2
190399602001003,2
190399602001005,2
190399602001006,2
190399602001007,2
190399602001008,2
190399602001009,2
190399602001010,2
190399602001011,2
190399602001012,2
190399602001013,2
190399602001014,2
190399602001015,2
190399602001016,2
190399602001017,2
190399602001018,2
190399602001019,2
190399602001020,2
190399602001021,2
190399602001022,2
190399602001023,2
190399602001024,2
190399602001025,2
190399602001026,2
190399602001027,2
190399602001028,2
190399602001029,2
190399602001030,2
190399602001031,2
190399602001032,2
190399602001033,2
190399602001034,2
190399602001035,2
190399602001036,2
190399602001037,2
190399602001038,2
190399602001039,2
190399602001040,2
190399602001041,2
190399602001042,2
190399602001043,2
190399602001044,2
190399602001045,2
190399602001046,2
190399602001047,2
190399602001048,2
190399602001049,2
190399602001050,2
190399602001051,2
190399602001052,2
190399602001053,2
190399602001054,2
190399602001055,2
190399602001056,2
190399602001057,2
190399602001072,2
190399602001073,2
190399602001080,2
190399602001081,2
190399602001087,2
190399602002077,2
190399602002096,2
190399602002102,2
190399602002103,2
190399602002111,2
190399602002112,2
190399602001004,2
190399602002000,2
190399602002001,2
190399602002002,2
190399602002003,2
190399602002004,2
190399602002005,2
190399602002006,2
190399602002007,2
190399602002008,2
190399602002009,2
190399602002010,2
190399602002011,2
190399602002012,2
190399602002013,2
190399602002014,2
190399602002015,2
190399602002016,2
190399602002017,2
190399602002018,2
190399602002019,2
190399602002020,2
190399602002021,2
190399602002026,2
190399602002027,2
190399602002028,2
190399602002029,2
190399602002030,2
190399602002031,2
190399602002076,2
190399602002090,2
190399602002091,2
190399602002092,2
190399602002093,2
190399602001067,2
190399602001089,2
190399602001090,2
190399602001091,2
190399602001092,2
190399602001102,2
190399602001103,2
190399602001104,2
190399602001105,2
190399602001106,2
190399602001107,2
190399602001108,2
190399602001109,2
190399602001110,2
190399602001111,2
190399602001117,2
190399602001118,2
190399602001119,2
190399602001120,2
190399602001121,2
190399602001122,2
190399602001123,2
190399602001124,2
190399602001125,2
190399602001126,2
190399602001127,2
190399602001128,2
190399602001130,2
190399602001131,2
190399602001132,2
190399602001135,2
190399602001068,2
190399602001069,2
190399602001070,2
190399602001071,2
190399602001074,2
190399602001075,2
190399602001076,2
190399602001077,2
190399602001078,2
190399602001079,2
190399602001082,2
190399602001083,2
190399602001084,2
190399602001085,2
190399602001086,2
190399602001088,2
190399602001129,2
190399602001133,2
190399602001134,2
190399602001136,2
190399602001137,2
190399602001138,2
190399602001139,2
190399602001140,2
190399602001141,2
190399602001142,2
190399602001143,2
190399602001144,2
190399602001145,2
190399602001146,2
190399602001147,2
190399602001148,2
190399602001149,2
190399602001150,2
190399602001151,2
190399602001152,2
190399602001153,2
190399602001154,2
190399602001155,2
190399602001156,2
190399602001157,2
190399602001158,2
190399602001159,2
190399602001160,2
190399602001161,2
190399602001163,2
190399602001164,2
190399602001165,2
190399602001166,2
190399602001100,2
190399602001101,2
190399602001112,2
190399602001113,2
190399602001114,2
190399602001115,2
190399602001116,2
190399603002154,2
190399603002155,2
190399603002156,2
190399603002157,2
190399603002158,2
190399603002159,2
190399603002160,2
190399603002161,2
190399603002166,2
190399603002173,2
190399603002174,2
190399603002175,2
190399603002176,2
190399603002177,2
190399603002178,2
190399603002179,2
190399603002180,2
190399603002206,2
190399603002207,2
190399603002208,2
190399603002209,2
190399603002210,2
190399603002227,2
190399603002228,2
190399603002229,2
190399603002230,2
190399603002248,2
190399603002249,2
190399603002250,2
190399603002251,2
190399603002252,2
190399603002253,2
190399603002254,2
190399603002255,2
190399603002256,2
190399603002257,2
190399602002022,2
190399602002023,2
190399602002024,2
190399602002025,2
190399602002032,2
190399602002033,2
190399602002034,2
190399602002035,2
190399602002036,2
190399602002037,2
190399602002038,2
190399602002039,2
190399602002040,2
190399602002041,2
190399602002042,2
190399602002043,2
190399602002044,2
190399602002045,2
190399602002046,2
190399602002047,2
190399602002048,2
190399602002049,2
190399602002050,2
190399602002051,2
190399602002052,2
190399602002053,2
190399602002054,2
190399602002055,2
190399602002056,2
190399602002057,2
190399602002058,2
190399602002059,2
190399602002060,2
190399602002061,2
190399602002062,2
190399602002063,2
190399602002064,2
190399602002065,2
190399602002066,2
190399602002067,2
190399602002068,2
190399602002069,2
190399602002070,2
190399602002071,2
190399602002072,2
190399602002073,2
190399602002074,2
190399602002075,2
190399602002080,2
190399603002000,2
190399603002001,2
190399603002022,2
190399603002059,2
190399603002060,2
190399603002061,2
190399603002062,2
190399603002063,2
190399603001000,2
190399603001001,2
190399603001002,2
190399603001003,2
190399603001004,2
190399603001005,2
190399603001006,2
190399603001007,2
190399603001008,2
190399603001009,2
190399603001010,2
190399603001011,2
190399603001012,2
190399603001013,2
190399603001014,2
190399603001015,2
190399603001016,2
190399603001017,2
190399603001018,2
190399603001019,2
190399603001020,2
190399603001021,2
190399603001022,2
190399603001023,2
190399603001024,2
190399603001025,2
190399603001026,2
190399603001027,2
190399603001028,2
190399603001029,2
190399603001030,2
190399603001031,2
190399603001032,2
190399603001033,2
190399603001034,2
190399603001035,2
190399603001036,2
190399603001037,2
190399603001038,2
190399603001039,2
190399603001040,2
190399603001041,2
190399603001042,2
190399603001043,2
190399603001044,2
190399603001045,2
190399603002011,2
190399603002012,2
190399603002013,2
190399603002014,2
190399603002048,2
190399603002049,2
190399603002050,2
190399603002051,2
190399603002071,2
190399603001046,2
190399603001047,2
190399603001048,2
190399603001049,2
190399603001050,2
190399603001051,2
190399603001052,2
190399603001053,2
190399603001054,2
190399603001055,2
190399603001056,2
190399603001057,2
190399603001058,2
190399603001059,2
190399603001060,2
190399603001061,2
190399603001062,2
190399603001063,2
190399603001064,2
190399603001065,2
190399603001066,2
190399603001067,2
190399603001068,2
190399603001069,2
190399603001070,2
190399603001071,2
190399603001072,2
190399603001073,2
190399603001074,2
190399603001075,2
190399603001076,2
190399603001077,2
190399603001078,2
190399603001079,2
190399603001080,2
190399603001081,2
190399603001082,2
190399603001083,2
190399603001084,2
190399603001085,2
190399603001086,2
190399603001087,2
190399603001088,2
190399603001089,2
190399603001090,2
190399603001091,2
190399603001092,2
190399603001093,2
190399603001094,2
190399603001095,2
190399603001096,2
190399603001097,2
190399603001098,2
190399603001099,2
190399603001100,2
190399603001101,2
190399603001102,2
190399603001103,2
190399603001104,2
190399603001105,2
190399603001106,2
190399603001107,2
190399603001108,2
190399603001109,2
190399603001110,2
190399603001111,2
190399603001112,2
190399603001113,2
190399603001114,2
190399603001115,2
190399603001116,2
190399603001117,2
190399603001118,2
190399603001119,2
190399603001120,2
190399603001121,2
190399603001122,2
190399603001123,2
190399603001124,2
190399603001125,2
190399603001126,2
190399603001127,2
190399603001128,2
190399603001129,2
190399603001130,2
190399603001131,2
190399603001132,2
190399603001133,2
190399603001134,2
190399603001135,2
190399603001136,2
190399603001137,2
190399603001138,2
190399603001139,2
190399603001140,2
190399603001141,2
190399603001142,2
190399603001143,2
190399603001144,2
190399603001145,2
190399603001146,2
190399603001147,2
190399603001148,2
190399603002069,2
190399603002070,2
190399603002078,2
190399603002079,2
190399603002128,2
190399603002129,2
190399603002171,2
190399603002172,2
190399603002186,2
190399603002187,2
190399603002188,2
190399603002196,2
190399603002002,2
190399603002003,2
190399603002004,2
190399603002005,2
190399603002006,2
190399603002007,2
190399603002008,2
190399603002009,2
190399603002010,2
190399603002015,2
190399603002016,2
190399603002017,2
190399603002018,2
190399603002019,2
190399603002020,2
190399603002021,2
190399603002023,2
190399603002024,2
190399603002025,2
190399603002026,2
190399603002027,2
190399603002028,2
190399603002029,2
190399603002030,2
190399603002031,2
190399603002032,2
190399603002033,2
190399603002034,2
190399603002035,2
190399603002036,2
190399603002037,2
190399603002038,2
190399603002039,2
190399603002040,2
190399603002041,2
190399603002042,2
190399603002043,2
190399603002044,2
190399603002045,2
190399603002046,2
190399603002047,2
190399603002052,2
190399603002055,2
190399603002056,2
190399603002057,2
190399603002058,2
190399603002064,2
190399603002065,2
190399603002053,2
190399603002054,2
190399603002066,2
190399603002067,2
190399603002068,2
190399603002075,2
190399603002076,2
190399603002077,2
190399603002080,2
190399603002081,2
190399603002082,2
190399603002083,2
190399603002084,2
190399603002085,2
190399603002086,2
190399603002087,2
190399603002088,2
190399603002089,2
190399603002090,2
190399603002091,2
190399603002092,2
190399603002093,2
190399603002094,2
190399603002095,2
190399603002097,2
190399603002101,2
190399603002102,2
190399603002103,2
190399603002104,2
190399603002105,2
190399603002111,2
190399603002112,2
190399603002113,2
190399603002114,2
190399603002115,2
190399603002116,2
190399603002117,2
190399603002118,2
190399603002119,2
190399603002124,2
190399603002125,2
190399603002126,2
190399603002127,2
190399603002130,2
190399603002131,2
190399603002132,2
190399603002133,2
190399603002134,2
190399603002135,2
190399603002144,2
190399603002145,2
190399603002147,2
190399603002149,2
190399603002150,2
190399603002151,2
190399603002152,2
190399603002153,2
190399603002162,2
190399603002163,2
190399603002164,2
190399603002165,2
190399603002258,2
190399603002259,2
190399603002167,2
190399603002168,2
190399603002169,2
190399603002170,2
190399603002181,2
190399603002182,2
190399603002183,2
190399603002184,2
190399603002185,2
190399603002189,2
190399603002190,2
190399603002191,2
190399603002192,2
190399603002193,2
190399603002194,2
190399603002195,2
190399603002197,2
190399603002198,2
190399603002199,2
190399603002200,2
190399603002201,2
190399603002202,2
190399603002203,2
190399603002204,2
190399603002205,2
190399603002211,2
190399603002212,2
190399603002213,2
190399603002214,2
190399603002215,2
190399603002216,2
190399603002217,2
190399603002218,2
190399603002219,2
190399603002220,2
190399603002221,2
190399603002222,2
190399603002223,2
190399603002224,2
190399603002225,2
190399603002226,2
190399603002231,2
190399603002232,2
190399603002233,2
190399603002234,2
190399603002235,2
190399603002236,2
190399603002237,2
190399603002238,2
190399603002239,2
190399603002240,2
190399603002241,2
190399603002242,2
190399603002243,2
190399603002244,2
190399603002245,2
190399603002246,2
190399603002247,2
190410801001000,4
190410801001001,4
190410801001002,4
190410801001003,4
190410801001004,4
190410801001011,4
190410801001012,4
190410801001013,4
190410801001014,4
190410801001015,4
190410801001016,4
190410801001017,4
190410801001018,4
190410801001019,4
190410801001031,4
190410801001032,4
190410801001033,4
190410801001034,4
190410801001035,4
190410801001036,4
190410801001037,4
190410801001038,4
190410801001039,4
190410801001040,4
190410801001041,4
190410801001042,4
190410801001043,4
190410801001044,4
190410801001045,4
190410801001046,4
190410801001047,4
190410801001048,4
190410801001051,4
190410801001052,4
190410801001053,4
190410801001054,4
190410801001057,4
190410801001058,4
190410801001146,4
190410801001147,4
190410801001152,4
190410801003113,4
190410801003114,4
190410801003115,4
190410801003116,4
190410801003117,4
190410801003125,4
190410801003126,4
190410801003129,4
190410801003130,4
190410801003131,4
190410801003132,4
190410801003133,4
190410801003134,4
190410801003135,4
190410801003136,4
190410801003138,4
190410801003140,4
190410801003141,4
190410801003154,4
190410801003155,4
190410801001005,4
190410801001006,4
190410801001007,4
190410801001008,4
190410801001009,4
190410801001010,4
190410801001020,4
190410801001021,4
190410801001022,4
190410801001023,4
190410801001024,4
190410801001025,4
190410801001026,4
190410801001027,4
190410801001028,4
190410801001029,4
190410801001030,4
190410801001151,4
190410801001049,4
190410801001050,4
190410801001055,4
190410801001056,4
190410801001059,4
190410801001060,4
190410801001061,4
190410801001062,4
190410801001063,4
190410801001064,4
190410801001065,4
190410801001066,4
190410801001067,4
190410801001068,4
190410801001069,4
190410801001070,4
190410801001071,4
190410801001072,4
190410801001073,4
190410801001074,4
190410801001075,4
190410801001076,4
190410801001077,4
190410801001078,4
190410801001079,4
190410801001080,4
190410801001081,4
190410801001082,4
190410801001083,4
190410801001088,4
190410801002044,4
190410801002045,4
190410801002101,4
190410801002102,4
190410801002103,4
190410801002104,4
190410801002124,4
190410801001084,4
190410801001085,4
190410801001086,4
190410801001087,4
190410801001089,4
190410801001090,4
190410801001091,4
190410801001092,4
190410801001093,4
190410801001094,4
190410801001095,4
190410801001096,4
190410801001097,4
190410801001098,4
190410801001101,4
190410801001102,4
190410801001106,4
190410801001107,4
190410801001108,4
190410801001109,4
190410801001110,4
190410801001111,4
190410801001112,4
190410801001113,4
190410801001114,4
190410801001115,4
190410801001116,4
190410801001117,4
190410801001118,4
190410801001119,4
190410801001123,4
190410801001124,4
190410801001125,4
190410801001126,4
190410801001127,4
190410801001128,4
190410801001129,4
190410801001130,4
190410801001131,4
190410801001132,4
190410801001133,4
190410801001134,4
190410801001135,4
190410801001136,4
190410801001137,4
190410801001138,4
190410801001139,4
190410801001140,4
190410801001141,4
190410801001142,4
190410801001143,4
190410801001144,4
190410801001145,4
190410801001150,4
190410801001099,4
190410801001100,4
190410801001103,4
190410801001104,4
190410801001105,4
190410801001120,4
190410801001121,4
190410801001122,4
190410801001148,4
190410801001149,4
190410801002126,4
190410801002127,4
190410801002128,4
190410801002130,4
190410801002132,4
190410801002133,4
190410801002134,4
190410801002135,4
190410801002136,4
190410801002137,4
190410801002138,4
190410801002139,4
190410801002140,4
190410801002141,4
190410801002142,4
190410801002143,4
190410801002144,4
190410801002145,4
190410801002149,4
190410801002150,4
190410801002151,4
190410801002152,4
190410801002153,4
190410801002154,4
190410801002155,4
190410801002156,4
190410801002157,4
190410801002158,4
190410801002159,4
190410801002160,4
190410801002161,4
190410801002162,4
190410801002163,4
190410801002165,4
190410801002166,4
190410801002167,4
190410801002169,4
190410801002170,4
190410801002171,4
190410801002172,4
190410801002173,4
190410801002174,4
190410801002175,4
190410801002176,4
190410801002177,4
190410801002178,4
190410801002179,4
190410801002180,4
190410801002181,4
190410801002182,4
190410801002183,4
190410801002184,4
190410801002185,4
190410801002186,4
190410801002187,4
190410801002188,4
190410801002189,4
190410801002190,4
190410801002191,4
190410801002194,4
190410801002195,4
190410801002208,4
190410801002000,4
190410801002001,4
190410801002002,4
190410801002003,4
190410801002004,4
190410801002005,4
190410801002006,4
190410801002007,4
190410801002008,4
190410801002009,4
190410801002010,4
190410801002012,4
190410801002013,4
190410801002014,4
190410801002015,4
190410801002016,4
190410801002017,4
190410801002018,4
190410801002019,4
190410801002020,4
190410801002025,4
190410801002026,4
190410801002029,4
190410801002030,4
190410801002206,4
190410801002207,4
190410801003143,4
190410801003144,4
190410801003145,4
190410801003147,4
190410801003148,4
190410801003149,4
190410801003150,4
190410801003151,4
190410801003152,4
190410801003158,4
190410801003159,4
190410801003160,4
190410801003161,4
190410801003162,4
190410801003163,4
190410801003164,4
190410801003165,4
190410801003166,4
190410801003167,4
190410801003168,4
190410801003171,4
190410802001010,4
190410802001011,4
190410802001013,4
190410802001019,4
190410802001027,4
190410802001028,4
190410802001035,4
190410802001036,4
190410803022063,4
190410801002011,4
190410801002073,4
190410801002074,4
190410803011008,4
190410803011010,4
190410803011049,4
190410803022023,4
190410803022025,4
190410803022034,4
190410803022037,4
190410803022039,4
190410803022042,4
190410803022043,4
190410803022047,4
190410803022048,4
190410803022049,4
190410803022054,4
190410803022055,4
190410803022056,4
190410803022057,4
190410803022058,4
190410803022059,4
190410803022060,4
190410803022064,4
190410804002130,4
190410804002134,4
190410804002135,4
190410804002139,4
190410804002140,4
190410804002141,4
190410804002143,4
190410804002144,4
190410804002145,4
190410804002146,4
190410804002147,4
190410804002148,4
190410804002153,4
190410804002155,4
190410804002156,4
190410804002157,4
190410804002162,4
190410804002163,4
190410804002164,4
190410804002165,4
190410804002166,4
190410804002167,4
190410804002171,4
190410804002172,4
190410804002173,4
190410804002174,4
190410804002175,4
190410804002176,4
190410804002177,4
190410804002178,4
190410804002179,4
190410804002180,4
190410804002181,4
190410804002182,4
190410804002184,4
190410804002185,4
190410804002186,4
190410804002187,4
190410804002188,4
190410804002189,4
190410804002190,4
190410804002194,4
190410804002198,4
190410804002199,4
190410804002200,4
190410804002201,4
190410804002202,4
190410804002203,4
190410804002204,4
190410804002206,4
190410804003000,4
190410804003001,4
190410804003002,4
190410804003003,4
190410804003004,4
190410804003005,4
190410804003006,4
190410804003021,4
190410804003022,4
190410804003023,4
190410801002021,4
190410801002022,4
190410801002023,4
190410801002024,4
190410801002027,4
190410801002028,4
190410801002031,4
190410801002032,4
190410801002033,4
190410801002034,4
190410801002035,4
190410801002036,4
190410801002037,4
190410801002038,4
190410801002039,4
190410801002040,4
190410801002054,4
190410801002055,4
190410801002056,4
190410801002057,4
190410801002058,4
190410801002059,4
190410801002060,4
190410801002061,4
190410801002062,4
190410801002063,4
190410801002064,4
190410801002065,4
190410801002066,4
190410801002067,4
190410801002068,4
190410801002069,4
190410801002070,4
190410801002076,4
190410801002077,4
190410801002078,4
190410801002079,4
190410801002080,4
190410801002081,4
190410801002082,4
190410801002083,4
190410801002084,4
190410801002085,4
190410801002089,4
190410801002090,4
190410801002091,4
190410801002092,4
190410801002093,4
190410801002094,4
190410801002095,4
190410801002096,4
190410801002097,4
190410801002098,4
190410801002099,4
190410801002100,4
190410801002105,4
190410801002106,4
190410801002107,4
190410801002108,4
190410801002112,4
190410801002113,4
190410801002114,4
190410801002115,4
190410801002116,4
190410801002117,4
190410801002118,4
190410801002119,4
190410801002120,4
190410801002121,4
190410801002122,4
190410801002123,4
190410801002125,4
190410801002129,4
190410801002131,4
190410801002197,4
190410801002198,4
190410801002199,4
190410801002200,4
190410801002201,4
190410801002202,4
190410801002203,4
190410801002204,4
190410801002041,4
190410801002042,4
190410801002043,4
190410801002046,4
190410801002047,4
190410801002048,4
190410801002049,4
190410801002050,4
190410801002051,4
190410801002052,4
190410801002053,4
190410801002196,4
190410801002205,4
190410801002071,4
190410801002072,4
190410801002075,4
190410801002086,4
190410801002087,4
190410801002088,4
190410801002109,4
190410801002110,4
190410801002111,4
190410804001000,4
190410804001001,4
190410804001002,4
190410804001003,4
190410804001004,4
190410804001005,4
190410804001006,4
190410804001007,4
190410804001016,4
190410804001017,4
190410804003016,4
190410804003017,4
190410804003018,4
190410804003019,4
190410804003020,4
190410804003024,4
190410804003025,4
190410804003026,4
190410804003027,4
190410804003028,4
190410804003029,4
190410804003030,4
190410804003031,4
190410804003032,4
190410804003036,4
190410804003037,4
190410804003038,4
190410804003039,4
190410804003040,4
190410804003041,4
190410804003042,4
190410804003043,4
190410804003074,4
190410804003075,4
190410804003076,4
190410804003077,4
190410804003078,4
190410804003079,4
190410804003080,4
190410804003081,4
190410804003082,4
190410804003083,4
190410804003084,4
190410804003085,4
190410804003086,4
190410804003087,4
190410804003088,4
190410804003089,4
190410804003090,4
190410804003091,4
190410801002146,4
190410801002147,4
190410801002148,4
190410801002164,4
190410801002168,4
190410801002192,4
190410801002193,4
190410801002209,4
190410804001014,4
190410804001015,4
190410804001042,4
190410804001043,4
190410804001044,4
190410804001045,4
190410804001046,4
190410804001047,4
190410804001048,4
190410804001049,4
190410804001050,4
190410804001051,4
190410804001052,4
190410804001053,4
190410804001054,4
190410804001055,4
190410804001056,4
190410804001057,4
190410804001058,4
190410804001059,4
190410804001060,4
190410804001061,4
190410804001062,4
190410804001063,4
190410804001064,4
190410804001065,4
190410804001066,4
190410804001067,4
190410804001068,4
190410804001069,4
190410804001070,4
190410804001071,4
190410804001072,4
190410804001073,4
190410804001074,4
190410804001075,4
190410804001076,4
190410804001077,4
190410804001078,4
190410804001079,4
190410804001080,4
190410804001081,4
190410804001082,4
190410804001083,4
190410804001084,4
190410804001087,4
190410804001088,4
190410804001089,4
190410804001090,4
190410804001091,4
190410804001092,4
190410804001093,4
190410804001094,4
190410801003000,4
190410801003001,4
190410801003002,4
190410801003003,4
190410801003004,4
190410801003005,4
190410801003006,4
190410801003007,4
190410801003008,4
190410801003026,4
190410801003062,4
190410801003063,4
190410801003064,4
190410801003065,4
190410801003066,4
190410801003067,4
190410801003068,4
190410801003069,4
190410801003070,4
190410801003071,4
190410801003072,4
190410801003073,4
190410801003074,4
190410801003075,4
190410801003076,4
190410801003077,4
190410801003078,4
190410801003079,4
190410801003080,4
190410801003081,4
190410801003083,4
190410801003097,4
190410801003098,4
190410801003099,4
190410801003100,4
190410801003101,4
190410801003102,4
190410801003103,4
190410801003104,4
190410801003105,4
190410801003106,4
190410801003107,4
190410801003108,4
190410801003109,4
190410801003110,4
190410801003111,4
190410801003112,4
190410801003118,4
190410801003119,4
190410801003120,4
190410801003121,4
190410801003122,4
190410801003123,4
190410801003124,4
190410801003127,4
190410801003128,4
190410801003137,4
190410801003139,4
190410801003142,4
190410801003156,4
190410801003157,4
190410801003172,4
190410801003173,4
190410801003009,4
190410801003010,4
190410801003011,4
190410801003012,4
190410801003013,4
190410801003014,4
190410801003015,4
190410801003016,4
190410801003017,4
190410801003018,4
190410801003019,4
190410801003020,4
190410801003021,4
190410801003022,4
190410801003023,4
190410801003024,4
190410801003025,4
190410801003027,4
190410801003028,4
190410801003029,4
190410801003030,4
190410801003031,4
190410801003032,4
190410801003033,4
190410801003034,4
190410801003035,4
190410801003036,4
190410801003037,4
190410801003038,4
190410801003039,4
190410801003040,4
190410801003041,4
190410801003042,4
190410801003043,4
190410801003044,4
190410801003045,4
190410801003046,4
190410801003047,4
190410801003048,4
190410801003049,4
190410801003050,4
190410801003051,4
190410801003052,4
190410801003053,4
190410801003054,4
190410801003055,4
190410801003056,4
190410801003057,4
190410801003058,4
190410801003059,4
190410801003060,4
190410801003061,4
190410801003082,4
190410801003084,4
190410801003085,4
190410801003086,4
190410801003087,4
190410801003088,4
190410801003089,4
190410801003090,4
190410801003091,4
190410801003092,4
190410801003093,4
190410801003094,4
190410801003095,4
190410801003096,4
190410801003146,4
190410801003153,4
190410801003169,4
190410801003170,4
190410802001000,4
190410802001001,4
190410803022000,4
190410804002118,4
190410802001002,4
190410802001003,4
190410802001004,4
190410802001005,4
190410802001006,4
190410802001007,4
190410802001008,4
190410802001009,4
190410802001012,4
190410802001014,4
190410802001015,4
190410802001016,4
190410802001017,4
190410802001018,4
190410802001020,4
190410802001021,4
190410802001022,4
190410802001023,4
190410802001024,4
190410802001025,4
190410802001026,4
190410802001029,4
190410802001030,4
190410802001031,4
190410802001032,4
190410802001033,4
190410802001034,4
190410802002000,4
190410802002001,4
190410802002002,4
190410802002003,4
190410802002004,4
190410802002005,4
190410802002006,4
190410802002007,4
190410802002008,4
190410802002009,4
190410802002010,4
190410802002011,4
190410802002012,4
190410802002013,4
190410802002014,4
190410802002015,4
190410802002016,4
190410802002017,4
190410802002018,4
190410802002019,4
190410802002020,4
190410802002021,4
190410802002022,4
190410802002023,4
190410802002024,4
190410802002025,4
190410802002026,4
190410802002027,4
190410802002028,4
190410802002029,4
190410802002030,4
190410802002031,4
190410802002032,4
190410802002033,4
190410802002034,4
190410802002035,4
190410802002036,4
190410802002037,4
190410802002038,4
190410802002039,4
190410802002040,4
190410802002041,4
190410802002042,4
190410802002043,4
190410802002044,4
190410802002045,4
190410802002046,4
190410802002047,4
190410802002048,4
190410802002049,4
190410802002050,4
190410802002051,4
190410802002052,4
190410802002053,4
190410802002054,4
190410802003000,4
190410802003001,4
190410802003002,4
190410802003003,4
190410802003004,4
190410802003005,4
190410802003006,4
190410802003007,4
190410802003008,4
190410802003009,4
190410802003010,4
190410802003011,4
190410802003012,4
190410802003013,4
190410802003014,4
190410802003015,4
190410802003016,4
190410802003017,4
190410802003018,4
190410802003019,4
190410802003020,4
190410802003021,4
190410802003022,4
190410802003023,4
190410802003024,4
190410802003025,4
190410802003026,4
190410802003027,4
190410802003028,4
190410802003029,4
190410802003030,4
190410802003031,4
190410802003032,4
190410802003033,4
190410802003034,4
190410802003035,4
190410802003036,4
190410802003037,4
190410802003038,4
190410802003039,4
190410802003040,4
190410802003041,4
190410802003042,4
190410802003043,4
190410802003044,4
190410802003045,4
190410802003046,4
190410802003047,4
190410802003048,4
190410802003049,4
190410802003050,4
190410802003051,4
190410802003052,4
190410802003053,4
190410802003054,4
190410802003055,4
190410802003056,4
190410802003057,4
190410802003058,4
190410802003059,4
190410802003060,4
190410802003061,4
190410802003062,4
190410802003063,4
190410802003064,4
190410802003065,4
190410802003066,4
190410802003067,4
190410802003068,4
190410802003069,4
190410802003070,4
190410802003071,4
190410802003072,4
190410802003073,4
190410802003074,4
190410802003075,4
190410802003076,4
190410802003077,4
190410802003078,4
190410802003079,4
190410802003080,4
190410802003081,4
190410802003082,4
190410802003083,4
190410803011000,4
190410803011001,4
190410803011002,4
190410803011003,4
190410803011004,4
190410803011005,4
190410803011006,4
190410803011007,4
190410803011009,4
190410803011011,4
190410803011012,4
190410803011013,4
190410803011014,4
190410803011015,4
190410803011016,4
190410803011017,4
190410803011018,4
190410803011019,4
190410803011020,4
190410803011021,4
190410803011022,4
190410803011023,4
190410803011024,4
190410803011025,4
190410803011026,4
190410803011027,4
190410803011028,4
190410803011029,4
190410803011030,4
190410803011031,4
190410803011032,4
190410803011033,4
190410803011034,4
190410803011035,4
190410803011036,4
190410803011037,4
190410803011038,4
190410803011039,4
190410803011040,4
190410803011041,4
190410803011042,4
190410803011043,4
190410803011044,4
190410803011045,4
190410803011046,4
190410803011047,4
190410803011048,4
190410803011050,4
190410803012000,4
190410803012001,4
190410803012002,4
190410803012003,4
190410803012004,4
190410803012005,4
190410803012006,4
190410803012007,4
190410803012008,4
190410803012009,4
190410803012010,4
190410803012011,4
190410803012012,4
190410803012013,4
190410803012014,4
190410803012015,4
190410803012016,4
190410803012017,4
190410803012018,4
190410803012019,4
190410803012020,4
190410803012021,4
190410803012022,4
190410803012023,4
190410803012024,4
190410803012025,4
190410803012026,4
190410803012027,4
190410803012028,4
190410803012029,4
190410803012030,4
190410803012031,4
190410803012032,4
190410803012033,4
190410803012034,4
190410803012035,4
190410803012036,4
190410803012037,4
190410803012038,4
190410803012039,4
190410803012040,4
190410803012041,4
190410803012042,4
190410803012043,4
190410803012044,4
190410803012045,4
190410803012046,4
190410803012047,4
190410803012048,4
190410803012049,4
190410803012050,4
190410803012051,4
190410803012052,4
190410803012053,4
190410803012054,4
190410803012055,4
190410803012056,4
190410803012057,4
190410803012058,4
190410803012059,4
190410803012060,4
190410803012061,4
190410803012062,4
190410803012063,4
190410803012064,4
190410803012065,4
190410803012066,4
190410803012067,4
190410803012068,4
190410803012069,4
190410803012070,4
190410803012071,4
190410803012072,4
190410803012073,4
190410803012074,4
190410803021000,4
190410803021001,4
190410803021002,4
190410803021003,4
190410803021004,4
190410803021005,4
190410803021006,4
190410803021007,4
190410803021008,4
190410803021009,4
190410803021010,4
190410803021011,4
190410803021012,4
190410803021013,4
190410803021014,4
190410803021015,4
190410803021016,4
190410803021017,4
190410803021018,4
190410803021019,4
190410803021020,4
190410803021021,4
190410803021022,4
190410803021023,4
190410803021024,4
190410803021025,4
190410803021026,4
190410803021027,4
190410803021028,4
190410803021029,4
190410803021030,4
190410803021031,4
190410803021032,4
190410803021033,4
190410803021034,4
190410803021035,4
190410803021036,4
190410803021037,4
190410803021038,4
190410803021039,4
190410803022001,4
190410803022002,4
190410803022003,4
190410803022004,4
190410803022007,4
190410803022008,4
190410803022009,4
190410803022010,4
190410803022011,4
190410803022012,4
190410803022013,4
190410803022014,4
190410803022015,4
190410803022017,4
190410803022018,4
190410803022019,4
190410803022020,4
190410803022021,4
190410803022022,4
190410803022024,4
190410803022026,4
190410803022027,4
190410803022028,4
190410803022029,4
190410803022030,4
190410803022031,4
190410803022032,4
190410803022033,4
190410803022035,4
190410803022036,4
190410803022038,4
190410803022040,4
190410803022041,4
190410803022044,4
190410803022045,4
190410803022046,4
190410803022050,4
190410803022051,4
190410803022052,4
190410803022053,4
190410803022061,4
190410803022062,4
190410803022065,4
190410803022066,4
190410803022067,4
190410803022068,4
190410804002116,4
190410804002117,4
190410804002119,4
190410804002131,4
190410803022005,4
190410803022006,4
190410803022016,4
190410804002000,4
190410804002001,4
190410804002002,4
190410804002003,4
190410804002004,4
190410804002005,4
190410804002006,4
190410804002007,4
190410804002008,4
190410804002042,4
190410804002043,4
190410804002044,4
190410804002045,4
190410804002046,4
190410804002047,4
190410804002048,4
190410804002049,4
190410804002050,4
190410804002051,4
190410804002052,4
190410804002053,4
190410804002054,4
190410804002055,4
190410804002056,4
190410804002057,4
190410804002058,4
190410804002059,4
190410804002060,4
190410804002061,4
190410804002062,4
190410804002063,4
190410804002064,4
190410804002065,4
190410804002066,4
190410804002067,4
190410804002068,4
190410804002069,4
190410804002070,4
190410804002071,4
190410804002072,4
190410804002073,4
190410804002074,4
190410804002075,4
190410804002076,4
190410804002077,4
190410804002078,4
190410804002079,4
190410804002080,4
190410804002081,4
190410804002082,4
190410804002083,4
190410804002084,4
190410804002085,4
190410804002086,4
190410804002087,4
190410804002088,4
190410804002089,4
190410804002090,4
190410804002091,4
190410804002092,4
190410804002093,4
190410804002094,4
190410804002095,4
190410804002096,4
190410804002107,4
190410804002108,4
190410804002109,4
190410804002110,4
190410804002111,4
190410804002112,4
190410804002113,4
190410804002114,4
190410804002115,4
190410804002124,4
190410804002125,4
190410804002126,4
190410804002127,4
190410804002128,4
190410804002129,4
190410804002132,4
190410804002133,4
190410804002136,4
190410804002137,4
190410804002138,4
190410804002142,4
190410804002211,4
190410804002217,4
190410804002218,4
190410804002219,4
190410804002220,4
190410804002221,4
190410804002222,4
190410804001008,4
190410804001009,4
190410804001010,4
190410804001011,4
190410804001012,4
190410804001013,4
190410804001018,4
190410804003014,4
190410804003015,4
190410804003033,4
190410804003034,4
190410804003035,4
190410804003044,4
190410804003045,4
190410804003046,4
190410804003047,4
190410804003048,4
190410804003049,4
190410804003050,4
190410804003051,4
190410804003052,4
190410804003053,4
190410804003054,4
190410804003055,4
190410804003056,4
190410804003057,4
190410804003058,4
190410804003059,4
190410804003060,4
190410804003061,4
190410804003062,4
190410804003063,4
190410804003064,4
190410804003065,4
190410804003066,4
190410804003067,4
190410804003068,4
190410804003069,4
190410804003070,4
190410804003071,4
190410804003072,4
190410804003073,4
190410804003092,4
190410804003093,4
190410804003094,4
190410804003095,4
190410804003096,4
190410804003097,4
190410804003098,4
190410804003099,4
190410804003100,4
190410804003101,4
190410804003102,4
190410804003103,4
190410804003104,4
190410804003105,4
190410804003106,4
190410804003107,4
190410804003108,4
190410804003109,4
190410804003110,4
190410804003111,4
190410804003112,4
190410804003113,4
190410804003114,4
190410804003115,4
190410804003116,4
190410804003117,4
190410804003118,4
190410804003119,4
190410804003120,4
190410804003121,4
190410804001019,4
190410804001020,4
190410804001021,4
190410804001022,4
190410804001023,4
190410804001024,4
190410804001025,4
190410804001026,4
190410804001027,4
190410804001028,4
190410804001029,4
190410804001030,4
190410804001031,4
190410804001032,4
190410804001033,4
190410804001034,4
190410804001035,4
190410804001036,4
190410804001037,4
190410804001038,4
190410804001039,4
190410804001040,4
190410804001041,4
190410804001085,4
190410804001086,4
190410804001095,4
190410804001096,4
190410804001097,4
190410804001098,4
190410804001099,4
190410804001100,4
190410804001101,4
190410804001102,4
190410804001103,4
190410804001104,4
190410804001105,4
190410804001106,4
190410804001107,4
190410804001108,4
190410804001109,4
190410804001110,4
190410804001111,4
190410804001112,4
190410804001113,4
190410804001114,4
190410804001115,4
190410804001116,4
190410804001117,4
190410804001118,4
190410804001119,4
190410804001120,4
190410804001121,4
190410804001122,4
190410804001123,4
190410804001124,4
190410804001125,4
190410804001126,4
190410804001127,4
190410804001128,4
190410804001129,4
190410804001130,4
190410804001131,4
190410804001132,4
190410804001133,4
190410804001134,4
190410804001135,4
190410804001136,4
190410804001137,4
190410804001138,4
190410804001139,4
190410804001140,4
190410804001141,4
190410804001142,4
190410804001143,4
190410804001144,4
190410804001145,4
190410804001146,4
190410804001147,4
190410804001148,4
190410804001149,4
190410804001150,4
190410804001151,4
190410804001152,4
190410804001153,4
190410804001154,4
190410804001155,4
190410804001156,4
190410804001157,4
190410804001158,4
190410804001159,4
190410804001160,4
190410804001161,4
190410804002009,4
190410804002010,4
190410804002011,4
190410804002012,4
190410804002013,4
190410804002014,4
190410804002015,4
190410804002016,4
190410804002017,4
190410804002018,4
190410804002019,4
190410804002020,4
190410804002021,4
190410804002022,4
190410804002023,4
190410804002024,4
190410804002025,4
190410804002026,4
190410804002027,4
190410804002028,4
190410804002029,4
190410804002030,4
190410804002031,4
190410804002032,4
190410804002033,4
190410804002034,4
190410804002035,4
190410804002036,4
190410804002037,4
190410804002038,4
190410804002039,4
190410804002040,4
190410804002041,4
190410804002097,4
190410804002098,4
190410804002099,4
190410804002100,4
190410804002101,4
190410804002102,4
190410804002103,4
190410804002104,4
190410804002105,4
190410804002106,4
190410804002120,4
190410804002121,4
190410804002122,4
190410804002123,4
190410804002150,4
190410804002151,4
190410804002152,4
190410804002154,4
190410804002161,4
190410804002212,4
190410804002213,4
190410804002214,4
190410804002215,4
190410804002216,4
190410804004000,4
190410804004001,4
190410804004002,4
190410804004003,4
190410804004004,4
190410804004005,4
190410804004006,4
190410804002149,4
190410804002158,4
190410804002159,4
190410804002160,4
190410804002168,4
190410804002169,4
190410804002170,4
190410804002183,4
190410804002191,4
190410804002192,4
190410804002193,4
190410804002195,4
190410804002196,4
190410804002197,4
190410804002205,4
190410804002207,4
190410804002208,4
190410804002209,4
190410804002210,4
190410804003007,4
190410804003008,4
190410804003009,4
190410804003010,4
190410804003011,4
190410804003012,4
190410804003013,4
190410804004007,4
190410804004014,4
190410804004015,4
190410804004016,4
190410804004017,4
190410804004018,4
190410804004019,4
190410804004020,4
190410804004021,4
190410804004022,4
190410804004023,4
190410804004058,4
190410804004059,4
190410804004060,4
190410804004061,4
190410804004062,4
190410804004064,4
190410804004065,4
190410804004066,4
190410804004067,4
190410804004068,4
190410804004069,4
190410804004070,4
190410804004071,4
190410804004072,4
190410804004073,4
190410804004074,4
190410804004075,4
190410804004076,4
190410804004077,4
190410804004078,4
190410804004079,4
190410804004080,4
190410804004081,4
190410804004008,4
190410804004009,4
190410804004010,4
190410804004011,4
190410804004012,4
190410804004013,4
190410804004024,4
190410804004025,4
190410804004026,4
190410804004027,4
190410804004028,4
190410804004029,4
190410804004030,4
190410804004031,4
190410804004032,4
190410804004033,4
190410804004034,4
190410804004035,4
190410804004036,4
190410804004037,4
190410804004038,4
190410804004039,4
190410804004040,4
190410804004041,4
190410804004042,4
190410804004043,4
190410804004044,4
190410804004045,4
190410804004046,4
190410804004047,4
190410804004048,4
190410804004049,4
190410804004050,4
190410804004051,4
190410804004052,4
190410804004053,4
190410804004054,4
190410804004055,4
190410804004056,4
190410804004057,4
190410804004063,4
190430701001000,1
190430701001001,1
190430701001002,1
190430701001003,1
190430701001004,1
190430701001005,1
190430701001006,1
190430701001007,1
190430701001008,1
190430701001009,1
190430701001010,1
190430701001011,1
190430701001012,1
190430701001013,1
190430701001014,1
190430701001015,1
190430701001016,1
190430701001017,1
190430701001018,1
190430701001019,1
190430701001020,1
190430701001021,1
190430701001022,1
190430701001025,1
190430701001026,1
190430701001027,1
190430701001029,1
190430701001059,1
190430701001060,1
190430701001061,1
190430701001062,1
190430701001063,1
190430701001064,1
190430701001065,1
190430701001066,1
190430701002018,1
190430701002024,1
190430701002042,1
190430701002043,1
190430701002044,1
190430701003000,1
190430701003001,1
190430701003002,1
190430701003003,1
190430701003004,1
190430701003005,1
190430701003006,1
190430701003007,1
190430701003008,1
190430701003009,1
190430701003010,1
190430701003011,1
190430701003012,1
190430701003013,1
190430701003014,1
190430701003015,1
190430701003016,1
190430701003017,1
190430701003018,1
190430701003021,1
190430701003022,1
190430701003023,1
190430701003024,1
190430701003025,1
190430701003026,1
190430701003027,1
190430701003028,1
190430701003029,1
190430701003030,1
190430701003031,1
190430701003032,1
190430701003033,1
190430701003034,1
190430701003035,1
190430701003036,1
190430701003037,1
190430701003038,1
190430701003039,1
190430701003040,1
190430701003041,1
190430701003045,1
190430701003046,1
190430701003047,1
190430701003048,1
190430701003049,1
190430701003050,1
190430701003051,1
190430701003052,1
190430701003053,1
190430701003054,1
190430701003055,1
190430701003056,1
190430701003057,1
190430701003058,1
190430701001023,1
190430701001024,1
190430701001028,1
190430701001030,1
190430701001031,1
190430701001032,1
190430701001033,1
190430701001034,1
190430701001035,1
190430701001036,1
190430701001037,1
190430701001038,1
190430701001039,1
190430701001040,1
190430701001041,1
190430701001045,1
190430701001046,1
190430701001047,1
190430701001048,1
190430701001049,1
190430701001050,1
190430701001051,1
190430701001052,1
190430701001053,1
190430701001054,1
190430701001055,1
190430701001056,1
190430701001057,1
190430701001058,1
190430701001067,1
190430701001068,1
190430701001069,1
190430701001070,1
190430701001071,1
190430701001072,1
190430701001073,1
190430701001074,1
190430701001075,1
190430701001076,1
190430701001077,1
190430701001078,1
190430701001079,1
190430701001080,1
190430701001081,1
190430701001082,1
190430701001083,1
190430701001084,1
190430701001085,1
190430701001086,1
190430701001088,1
190430701001089,1
190430701001090,1
190430701001091,1
190430701001094,1
190430701001095,1
190430701001096,1
190430701001097,1
190430701001098,1
190430701001099,1
190430701001107,1
190430701001108,1
190430701001109,1
190430701001110,1
190430701001115,1
190430701001117,1
190430701001118,1
190430701002045,1
190430701002046,1
190430701002047,1
190430701002048,1
190430703001000,1
190430703001027,1
190430703001028,1
190430703001031,1
190430703001032,1
190430701001042,1
190430701001043,1
190430701001044,1
190430701001101,1
190430701001102,1
190430701001103,1
190430701001104,1
190430701001105,1
190430701001106,1
190430701001114,1
190430704001000,1
190430704001001,1
190430704001002,1
190430704001003,1
190430704001004,1
190430704001005,1
190430704001006,1
190430704001007,1
190430704001008,1
190430704001009,1
190430704001010,1
190430704001011,1
190430704001012,1
190430704001013,1
190430704001014,1
190430704001015,1
190430704001016,1
190430704001017,1
190430704001018,1
190430704001019,1
190430704001020,1
190430704001021,1
190430704001022,1
190430704001023,1
190430704001024,1
190430704001027,1
190430704001028,1
190430704001029,1
190430704001030,1
190430704001032,1
190430704001033,1
190430704001034,1
190430704001035,1
190430704001036,1
190430704001037,1
190430704001038,1
190430704001039,1
190430704001040,1
190430704001041,1
190430704002000,1
190430704002001,1
190430704002002,1
190430704002003,1
190430704002004,1
190430704002007,1
190430704002008,1
190430704002009,1
190430704002010,1
190430704002011,1
190430704002012,1
190430704002013,1
190430704002014,1
190430704002015,1
190430704002016,1
190430704002017,1
190430704002018,1
190430704002019,1
190430704002020,1
190430704002021,1
190430704002022,1
190430704002023,1
190430704002024,1
190430704002025,1
190430704002026,1
190430704002029,1
190430704002030,1
190430704002033,1
190430704002034,1
190430704002035,1
190430704002037,1
190430704002038,1
190430704002039,1
190430704002040,1
190430704002041,1
190430704002042,1
190430704002043,1
190430704002044,1
190430704002045,1
190430704002047,1
190430704002050,1
190430704002051,1
190430704003000,1
190430704003001,1
190430704003002,1
190430704003003,1
190430704003004,1
190430704003005,1
190430704003006,1
190430704003007,1
190430704003008,1
190430704003009,1
190430704003010,1
190430704003011,1
190430704003012,1
190430704003013,1
190430704003014,1
190430704003015,1
190430704003016,1
190430704003017,1
190430704003018,1
190430704003019,1
190430704003020,1
190430704003021,1
190430704003022,1
190430704003023,1
190430704003024,1
190430704003025,1
190430704003026,1
190430704003027,1
190430704003028,1
190430704003029,1
190430704003030,1
190430704003031,1
190430704003032,1
190430704003033,1
190430704003034,1
190430704003041,1
190430704003042,1
190430704003047,1
190430704003048,1
190430704003049,1
190430704003050,1
190430704003051,1
190430704003052,1
190430704003053,1
190430704003054,1
190430704003055,1
190430704003056,1
190430704003057,1
190430704003058,1
190430704003059,1
190430704003060,1
190430704003061,1
190430704003062,1
190430704003063,1
190430704003064,1
190430704003065,1
190430704003066,1
190430704003067,1
190430704003068,1
190430704003069,1
190430704003070,1
190430704003071,1
190430704003072,1
190430704003073,1
190430704003074,1
190430704003075,1
190430704003076,1
190430704003077,1
190430704003078,1
190430704003079,1
190430704003080,1
190430704003081,1
190430704003082,1
190430704003083,1
190430704003084,1
190430704003085,1
190430704003086,1
190430704003087,1
190430704003088,1
190430704003089,1
190430704003090,1
190430704003091,1
190430704003092,1
190430704003093,1
190430704003094,1
190430704003095,1
190430704003096,1
190430704003097,1
190430704003098,1
190430704003099,1
190430704003100,1
190430704003101,1
190430704003102,1
190430704003103,1
190430704003104,1
190430704003105,1
190430704003106,1
190430704003108,1
190430704003111,1
190430704003112,1
190430704003113,1
190430705001016,1
190430705001058,1
190430705001059,1
190430705001060,1
190430705001061,1
190430705001126,1
190430705001136,1
190430705002060,1
190430705002061,1
190430705002062,1
190430705002076,1
190430705002079,1
190430701001087,1
190430701001092,1
190430701001093,1
190430701001100,1
190430701001116,1
190430703001004,1
190430703001005,1
190430703001006,1
190430703001007,1
190430703001008,1
190430703001009,1
190430703001010,1
190430703001011,1
190430703001012,1
190430703001013,1
190430703001014,1
190430703001015,1
190430703001016,1
190430703001017,1
190430703001018,1
190430703001019,1
190430703001020,1
190430703001021,1
190430703001022,1
190430703001023,1
190430703001024,1
190430703001025,1
190430703001026,1
190430703001029,1
190430703001030,1
190430703001033,1
190430703001034,1
190430703001035,1
190430703001036,1
190430703001037,1
190430703001038,1
190430703001039,1
190430703001040,1
190430703001041,1
190430703001042,1
190430703001043,1
190430703001044,1
190430703001045,1
190430703001046,1
190430703001047,1
190430703001048,1
190430703001049,1
190430703001050,1
190430703001051,1
190430703001054,1
190430703001055,1
190430703001056,1
190430703001057,1
190430703001058,1
190430703001059,1
190430703001060,1
190430703001063,1
190430703001064,1
190430703001065,1
190430703001066,1
190430703002123,1
190430703002124,1
190430704001025,1
190430704001026,1
190430704001031,1
190430704002005,1
190430704002006,1
190430704002027,1
190430704002028,1
190430701001111,1
190430701001112,1
190430701001113,1
190430701002025,1
190430701002026,1
190430701002027,1
190430701002028,1
190430701002031,1
190430701002033,1
190430701002034,1
190430701002035,1
190430701002036,1
190430701002037,1
190430701002038,1
190430701002039,1
190430701002040,1
190430701002041,1
190430701002049,1
190430701002050,1
190430701002051,1
190430701002052,1
190430701002053,1
190430701002054,1
190430701002055,1
190430701002056,1
190430701002057,1
190430701002084,1
190430701002085,1
190430701002086,1
190430701002087,1
190430702001059,1
190430702001061,1
190430702002106,1
190430703001001,1
190430703001002,1
190430703001003,1
190430703002000,1
190430703002001,1
190430703002002,1
190430703002003,1
190430703002004,1
190430701002000,1
190430701002001,1
190430701002002,1
190430701002003,1
190430701002004,1
190430701002005,1
190430701002006,1
190430701002007,1
190430701002009,1
190430701002010,1
190430701002011,1
190430701002012,1
190430701002013,1
190430701002014,1
190430701002015,1
190430701002016,1
190430701002017,1
190430701002019,1
190430701002020,1
190430701002021,1
190430701002022,1
190430701002023,1
190430701003019,1
190430701003020,1
190430701003042,1
190430701003043,1
190430701003044,1
190430702002067,1
190430702003000,1
190430702003030,1
190430701002008,1
190430702002000,1
190430702002001,1
190430702002002,1
190430702002017,1
190430702002018,1
190430702002019,1
190430702002020,1
190430702002022,1
190430702002023,1
190430702002024,1
190430702002025,1
190430702002026,1
190430702002027,1
190430702002028,1
190430702002029,1
190430702002033,1
190430702002034,1
190430702002035,1
190430702002036,1
190430702002037,1
190430702002038,1
190430702002039,1
190430702002040,1
190430702002041,1
190430702002042,1
190430702002043,1
190430702002044,1
190430702002045,1
190430702002046,1
190430702002047,1
190430702002048,1
190430702002049,1
190430702002050,1
190430702002051,1
190430702002052,1
190430702002053,1
190430702002054,1
190430702002055,1
190430702002056,1
190430702002057,1
190430702002058,1
190430702002059,1
190430702002060,1
190430702002061,1
190430702002062,1
190430702002063,1
190430702002064,1
190430702002065,1
190430702002066,1
190430702002068,1
190430702002069,1
190430702002070,1
190430702002071,1
190430702002072,1
190430702002073,1
190430702002074,1
190430702002075,1
190430702002076,1
190430702002077,1
190430702002078,1
190430702002115,1
190430702002116,1
190430702002117,1
190430702002120,1
190430702003001,1
190430702003002,1
190430702003003,1
190430702003004,1
190430702003005,1
190430702003006,1
190430702003007,1
190430702003008,1
190430702003009,1
190430702003010,1
190430702003011,1
190430702003012,1
190430702003013,1
190430702003014,1
190430702003015,1
190430702003016,1
190430702003017,1
190430702003018,1
190430702003019,1
190430702003020,1
190430702003021,1
190430702003022,1
190430702003023,1
190430702003024,1
190430702003025,1
190430702003026,1
190430702003027,1
190430702003028,1
190430702003029,1
190430702004000,1
190430702004001,1
190430702004002,1
190430702004003,1
190430702004004,1
190430702004005,1
190430702004006,1
190430702004007,1
190430702004008,1
190430702004009,1
190430702004010,1
190430702004011,1
190430702004012,1
190430702004013,1
190430702004014,1
190430702004015,1
190430702004016,1
190430702004017,1
190430702004018,1
190430702004019,1
190430702004020,1
190430702004021,1
190430702004022,1
190430702004023,1
190430702004024,1
190430702004025,1
190430702004026,1
190430702004027,1
190430702004028,1
190430702004029,1
190430702004030,1
190430702004031,1
190430702004032,1
190430702004033,1
190430702004034,1
190430702004035,1
190430702004036,1
190430701002029,1
190430701002030,1
190430701002058,1
190430701002062,1
190430701002063,1
190430701002064,1
190430701002065,1
190430701002066,1
190430701002067,1
190430701002068,1
190430701002069,1
190430701002070,1
190430701002071,1
190430701002072,1
190430701002073,1
190430701002074,1
190430701002075,1
190430701002076,1
190430701002077,1
190430701002078,1
190430701002079,1
190430701002080,1
190430701002081,1
190430701002082,1
190430701002032,1
190430701002059,1
190430701002060,1
190430701002061,1
190430701002083,1
190430702001000,1
190430702001001,1
190430702001002,1
190430702001003,1
190430702001004,1
190430702001005,1
190430702001021,1
190430702001022,1
190430702001023,1
190430702001024,1
190430702001025,1
190430702001026,1
190430702001027,1
190430702001028,1
190430702001029,1
190430702001030,1
190430702001031,1
190430702001032,1
190430702001033,1
190430702001034,1
190430702001035,1
190430702001036,1
190430702001037,1
190430702001038,1
190430702001039,1
190430702001040,1
190430702001041,1
190430702001042,1
190430702001043,1
190430702001044,1
190430702001045,1
190430702001046,1
190430702001047,1
190430702001048,1
190430702001049,1
190430702001056,1
190430702001057,1
190430702001058,1
190430702001060,1
190430702001062,1
190430702001063,1
190430702001064,1
190430702001065,1
190430702001066,1
190430702001067,1
190430702001068,1
190430702001069,1
190430702001070,1
190430702001071,1
190430702001072,1
190430702001073,1
190430702002100,1
190430702002101,1
190430702002102,1
190430702002103,1
190430702002104,1
190430702002105,1
190430702002118,1
190430703002034,1
190430703002035,1
190430703002062,1
190430703002063,1
190430703002087,1
190430703003004,1
190430703003005,1
190430702001006,1
190430702001007,1
190430702001008,1
190430702001009,1
190430702001010,1
190430702001011,1
190430702001012,1
190430702001013,1
190430702001014,1
190430702001017,1
190430702001018,1
190430702001019,1
190430702001020,1
190430702001050,1
190430702001051,1
190430702001052,1
190430702001053,1
190430702001054,1
190430702001055,1
190430702002098,1
190430702002099,1
190430702002107,1
190430702002114,1
190430702002119,1
190430703002064,1
190430703002065,1
190430703002066,1
190430703002067,1
190430703002070,1
190430703002071,1
190430703002072,1
190430703002073,1
190430703002074,1
190430703002075,1
190430703002076,1
190430703002077,1
190430703002078,1
190430703002079,1
190430703002080,1
190430703002081,1
190430703002084,1
190430703002086,1
190430703002108,1
190430702001015,1
190430702001016,1
190430702002003,1
190430702002004,1
190430702002005,1
190430702002006,1
190430702002007,1
190430702002011,1
190430702002012,1
190430702002013,1
190430702002014,1
190430702002015,1
190430702002016,1
190430702002021,1
190430702002030,1
190430702002031,1
190430702002032,1
190430702002079,1
190430702002080,1
190430702002081,1
190430702002082,1
190430702002083,1
190430702002084,1
190430702002085,1
190430702002086,1
190430702002087,1
190430702002089,1
190430702002090,1
190430702002091,1
190430702002092,1
190430702002093,1
190430702002094,1
190430702002095,1
190430702002096,1
190430702002097,1
190430702002108,1
190430702002109,1
190430702002110,1
190430702002111,1
190430702002112,1
190430702002113,1
190430702001074,1
190430703001052,1
190430703001053,1
190430703002005,1
190430703002006,1
190430703002007,1
190430703002008,1
190430703002009,1
190430703002010,1
190430703002011,1
190430703002012,1
190430703002013,1
190430703002014,1
190430703002015,1
190430703002016,1
190430703002017,1
190430703002018,1
190430703002019,1
190430703002020,1
190430703002021,1
190430703002022,1
190430703002023,1
190430703002024,1
190430703002025,1
190430703002026,1
190430703002027,1
190430703002028,1
190430703002029,1
190430703002030,1
190430703002031,1
190430703002032,1
190430703002037,1
190430703002041,1
190430703002042,1
190430703002043,1
190430703002044,1
190430703002045,1
190430703002046,1
190430703002047,1
190430703002049,1
190430703002050,1
190430703002127,1
190430703002132,1
190430703002134,1
190430703002136,1
190430705001006,1
190430702001075,1
190430702001076,1
190430703002033,1
190430703002036,1
190430703002038,1
190430703002039,1
190430703002040,1
190430703002048,1
190430703002051,1
190430703002052,1
190430703002053,1
190430703002054,1
190430703002055,1
190430703002056,1
190430703002057,1
190430703002058,1
190430703002059,1
190430703002060,1
190430703002061,1
190430703002088,1
190430703002097,1
190430703002098,1
190430703002099,1
190430703002105,1
190430703002107,1
190430703002115,1
190430703002116,1
190430703002135,1
190430703003000,1
190430703003001,1
190430703003002,1
190430703003003,1
190430703003006,1
190430703003007,1
190430703003008,1
190430703003009,1
190430703003010,1
190430703003011,1
190430703003012,1
190430703003013,1
190430703003014,1
190430703003015,1
190430703003016,1
190430703003017,1
190430703003018,1
190430703003019,1
190430703003020,1
190430703003021,1
190430703003022,1
190430703003023,1
190430703003024,1
190430703003025,1
190430703003026,1
190430703003027,1
190430703003028,1
190430703003029,1
190430703003030,1
190430703003031,1
190430703003032,1
190430703003033,1
190430703003034,1
190430703003035,1
190430703003036,1
190430703004000,1
190430703004001,1
190430703004002,1
190430703004003,1
190430703004004,1
190430703004005,1
190430703004006,1
190430703004007,1
190430703004008,1
190430703004009,1
190430703004010,1
190430703004011,1
190430703004012,1
190430703004013,1
190430703004014,1
190430703004015,1
190430703004016,1
190430703004017,1
190430703004018,1
190430703004019,1
190430703004020,1
190430703004021,1
190430703004022,1
190430703004023,1
190430703004024,1
190430703004025,1
190430703004026,1
190430703004027,1
190430703004028,1
190430703004029,1
190430703004030,1
190430703004031,1
190430703004032,1
190430703004033,1
190430703004034,1
190430703004035,1
190430703004036,1
190430703004037,1
190430703004038,1
190430703004039,1
190430702002008,1
190430702002009,1
190430702002010,1
190430702002088,1
190430703001061,1
190430703001062,1
190430703002121,1
190430703002122,1
190430703002129,1
190430703002130,1
190430703002131,1
190430703002133,1
190430704002031,1
190430704002032,1
190430704002036,1
190430704002046,1
190430704002048,1
190430704002049,1
190430705001000,1
190430705001001,1
190430705001002,1
190430705001003,1
190430705001004,1
190430705001005,1
190430705001007,1
190430705001008,1
190430705001009,1
190430705001010,1
190430705001011,1
190430705001013,1
190430705001014,1
190430705001015,1
190430705001017,1
190430705001018,1
190430705001019,1
190430705001020,1
190430705001021,1
190430705001022,1
190430705001023,1
190430705001024,1
190430705001025,1
190430705001026,1
190430705001027,1
190430705001028,1
190430705001029,1
190430705001035,1
190430705001036,1
190430705001037,1
190430705001038,1
190430705001039,1
190430705001040,1
190430705001041,1
190430705001042,1
190430705001043,1
190430705001044,1
190430705001045,1
190430705001046,1
190430705001047,1
190430705001048,1
190430705001049,1
190430705001050,1
190430705001051,1
190430705001052,1
190430705001053,1
190430705001092,1
190430705001123,1
190430705001124,1
190430705001127,1
190430705001128,1
190430705001129,1
190430705001138,1
190430706001096,1
190430706001097,1
190430706001109,1
190430706002004,1
190430706002005,1
190430703002068,1
190430703002069,1
190430703002082,1
190430703002083,1
190430703002085,1
190430703002089,1
190430703002090,1
190430703002091,1
190430703002092,1
190430703002093,1
190430703002094,1
190430703002095,1
190430703002096,1
190430703002100,1
190430703002101,1
190430703002102,1
190430703002103,1
190430703002104,1
190430703002106,1
190430703002117,1
190430706001000,1
190430706001001,1
190430706001002,1
190430706001003,1
190430706001004,1
190430706001005,1
190430706001006,1
190430706001007,1
190430706001024,1
190430706001025,1
190430706001026,1
190430706001027,1
190430706001028,1
190430706001029,1
190430706001030,1
190430706001032,1
190430706001033,1
190430706001122,1
190430703002109,1
190430703002110,1
190430703002111,1
190430703002112,1
190430703002113,1
190430703002114,1
190430703002125,1
190430703002126,1
190430703002128,1
190430705001012,1
190430705001137,1
190430706001060,1
190430706001061,1
190430706001062,1
190430706001063,1
190430706001064,1
190430706001065,1
190430706001066,1
190430706001067,1
190430706001068,1
190430706001069,1
190430706001070,1
190430706001071,1
190430706001072,1
190430706001073,1
190430706001074,1
190430706001075,1
190430706001076,1
190430706001081,1
190430706001082,1
190430706001083,1
190430706001085,1
190430706001086,1
190430706001095,1
190430706001098,1
190430706001108,1
190430706001110,1
190430706002000,1
190430706002001,1
190430706002002,1
190430706002003,1
190430706002029,1
190430703002118,1
190430703002119,1
190430703002120,1
190430706001008,1
190430706001009,1
190430706001010,1
190430706001011,1
190430706001012,1
190430706001013,1
190430706001014,1
190430706001015,1
190430706001016,1
190430706001017,1
190430706001018,1
190430706001019,1
190430706001020,1
190430706001021,1
190430706001022,1
190430706001023,1
190430706001031,1
190430706001034,1
190430706001035,1
190430706001036,1
190430706001037,1
190430706001038,1
190430706001039,1
190430706001040,1
190430706001041,1
190430706001042,1
190430706001043,1
190430706001044,1
190430706001045,1
190430706001046,1
190430706001047,1
190430706001048,1
190430706001049,1
190430706001050,1
190430706001051,1
190430706001052,1
190430706001053,1
190430706001054,1
190430706001055,1
190430706001056,1
190430706001057,1
190430706001058,1
190430706001059,1
190430706001087,1
190430706001088,1
190430706001089,1
190430706001090,1
190430706001091,1
190430706001092,1
190430706001093,1
190430706001094,1
190430706001099,1
190430706001100,1
190430706001101,1
190430706001102,1
190430706001103,1
190430706001104,1
190430706001105,1
190430706001106,1
190430706001107,1
190430706001111,1
190430706001112,1
190430706001113,1
190430706001114,1
190430706001115,1
190430706001116,1
190430706001117,1
190430706001118,1
190430706001120,1
190430706001121,1
190430706002030,1
190430706002031,1
190430706003000,1
190430706003002,1
190430704003035,1
190430704003036,1
190430704003037,1
190430704003038,1
190430704003039,1
190430704003040,1
190430704003043,1
190430704003044,1
190430704003045,1
190430704003046,1
190430704003107,1
190430705001132,1
190430705001133,1
190430705001134,1
190430705002010,1
190430705002011,1
190430705002012,1
190430705002020,1
190430705002021,1
190430705002022,1
190430705002023,1
190430705002024,1
190430705002025,1
190430705002026,1
190430705002027,1
190430705002049,1
190430705002050,1
190430705002051,1
190430705002052,1
190430705002053,1
190430705002054,1
190430705002055,1
190430705002056,1
190430705002057,1
190430705002058,1
190430705002059,1
190430705002065,1
190430705002066,1
190430705002072,1
190430705002073,1
190430705002074,1
190430705002075,1
190430705002077,1
190430705002078,1
190430705002081,1
190430705002084,1
190430704003109,1
190430704003110,1
190430705002000,1
190430705002001,1
190430705002002,1
190430705002003,1
190430705002004,1
190430705002005,1
190430705002006,1
190430705002007,1
190430705002008,1
190430705002009,1
190430705002013,1
190430705002014,1
190430705002015,1
190430705002016,1
190430705002017,1
190430705002018,1
190430705002019,1
190430705002028,1
190430705002029,1
190430705002030,1
190430705002031,1
190430705002032,1
190430705002033,1
190430705002034,1
190430705002035,1
190430705002036,1
190430705002037,1
190430705002038,1
190430705002039,1
190430705002040,1
190430705002041,1
190430705002042,1
190430705002043,1
190430705002044,1
190430705002045,1
190430705002046,1
190430705002047,1
190430705002048,1
190430705002080,1
190430705002082,1
190430705002083,1
190430705001030,1
190430705001031,1
190430705001032,1
190430705001033,1
190430705001034,1
190430705001054,1
190430705001055,1
190430705001081,1
190430705001082,1
190430705001083,1
190430705001084,1
190430705001085,1
190430705001086,1
190430705001087,1
190430705001088,1
190430705001089,1
190430705001090,1
190430705001091,1
190430705001093,1
190430705001094,1
190430705001095,1
190430705001096,1
190430705001097,1
190430705001098,1
190430705001099,1
190430705001100,1
190430705001101,1
190430705001102,1
190430705001119,1
190430706002006,1
190430706002007,1
190430706002008,1
190430706002009,1
190430706002010,1
190430706002016,1
190430705001056,1
190430705001057,1
190430705001065,1
190430705001066,1
190430705001067,1
190430705001068,1
190430705001069,1
190430705001070,1
190430705001071,1
190430705001072,1
190430705001073,1
190430705001074,1
190430705001075,1
190430705001080,1
190430705001103,1
190430705001104,1
190430705001105,1
190430705001106,1
190430705001107,1
190430705001108,1
190430705001109,1
190430705001111,1
190430705001112,1
190430705001113,1
190430705001114,1
190430705001115,1
190430705001118,1
190430705001120,1
190430705001121,1
190430705001122,1
190430705001130,1
190430705001131,1
190430705001135,1
190430705002063,1
190430705002064,1
190430705002067,1
190430705002068,1
190430705002069,1
190430705002070,1
190430705002071,1
190430705001062,1
190430705001063,1
190430705001064,1
190430705001076,1
190430705001077,1
190430705001078,1
190430705001079,1
190430705001110,1
190430705001116,1
190430705001117,1
190430705001125,1
190430706001077,1
190430706001078,1
190430706001079,1
190430706001080,1
190430706001084,1
190430706002011,1
190430706002012,1
190430706002013,1
190430706002014,1
190430706002015,1
190430706002017,1
190430706002018,1
190430706002019,1
190430706002020,1
190430706002021,1
190430706002022,1
190430706002023,1
190430706002024,1
190430706002025,1
190430706002026,1
190430706002027,1
190430706002028,1
190430706002035,1
190430706002036,1
190430706002037,1
190430706002047,1
190430706002048,1
190430706002049,1
190430706002050,1
190430706002051,1
190430706002052,1
190430706002053,1
190430706002054,1
190430706002055,1
190430706002056,1
190430706002057,1
190430706002058,1
190430706002059,1
190430706002060,1
190430706002061,1
190430706002063,1
190430706002064,1
190430706002065,1
190430706002070,1
190430706002071,1
190430706002073,1
190430706002076,1
190430706001119,1
190430706002032,1
190430706002033,1
190430706002034,1
190430706002038,1
190430706002039,1
190430706002040,1
190430706002041,1
190430706002042,1
190430706002043,1
190430706002044,1
190430706002045,1
190430706002046,1
190430706002066,1
190430706002067,1
190430706002068,1
190430706002069,1
190430706002072,1
190430706003001,1
190430706003003,1
190430706003004,1
190430706003005,1
190430706003006,1
190430706003007,1
190430706003008,1
190430706003009,1
190430706003010,1
190430706003011,1
190430706003012,1
190430706003013,1
190430706003014,1
190430706003015,1
190430706003016,1
190430706003017,1
190430706003018,1
190430706003019,1
190430706003020,1
190430706003021,1
190430706003022,1
190430706003023,1
190430706003024,1
190430706003025,1
190430706003026,1
190430706003027,1
190430706003028,1
190430706003029,1
190430706003030,1
190430706003031,1
190430706003032,1
190430706003033,1
190430706003034,1
190430706003035,1
190430706003036,1
190430706003037,1
190430706003038,1
190430706002062,1
190430706002074,1
190430706002075,1
190430706002077,1
190430706002078,1
190430706002079,1
190430706002080,1
190430706002081,1
190430706002082,1
190430706002083,1
190430706002084,1
190430706002085,1
190430706002086,1
190430706002087,1
190430706002088,1
190430706002089,1
190430706002090,1
190430706002091,1
190450001001000,2
190450001001001,2
190450001001002,2
190450001001003,2
190450001001004,2
190450001001005,2
190450001001006,2
190450001001007,2
190450001001008,2
190450001001009,2
190450001001010,2
190450001001011,2
190450001001012,2
190450001001015,2
190450001001016,2
190450001001017,2
190450001001018,2
190450001001021,2
190450001001024,2
190450001001025,2
190450005001000,2
190450005001001,2
190450005001002,2
190450005001003,2
190450005001004,2
190450005001005,2
190450005001006,2
190450005001007,2
190450005001008,2
190450005001009,2
190450005001010,2
190450005001011,2
190450005001012,2
190450005001013,2
190450005001014,2
190450005001015,2
190450005001016,2
190450005001017,2
190450005001018,2
190450005001019,2
190450005001020,2
190450005001021,2
190450005001022,2
190450005001023,2
190450005001024,2
190450005001025,2
190450005001026,2
190450005002000,2
190450005002001,2
190450005002002,2
190450005002003,2
190450005002004,2
190450005002005,2
190450005002006,2
190450005002007,2
190450006001000,2
190450006001001,2
190450006001002,2
190450006001003,2
190450006001004,2
190450006001005,2
190450006001006,2
190450006001007,2
190450006001008,2
190450006001009,2
190450006001010,2
190450006001011,2
190450006001012,2
190450006001013,2
190450006001014,2
190450006001015,2
190450006001016,2
190450006001017,2
190450006001018,2
190450006001019,2
190450006001020,2
190450006001021,2
190450006001022,2
190450006001023,2
190450006001024,2
190450006001025,2
190450006001026,2
190450006001027,2
190450006001028,2
190450006001029,2
190450006001030,2
190450006001031,2
190450006001032,2
190450006001033,2
190450006001034,2
190450006001035,2
190450006001036,2
190450006001037,2
190450006001038,2
190450006001039,2
190450006001040,2
190450006001041,2
190450006003023,2
190450006003024,2
190450006003025,2
190450006003026,2
190450006003027,2
190450001001013,2
190450001001014,2
190450001001019,2
190450001001020,2
190450001001026,2
190450001001027,2
190450001001028,2
190450001002003,2
190450001002004,2
190450001002010,2
190450001002011,2
190450005003000,2
190450005003001,2
190450005003002,2
190450005003003,2
190450005003004,2
190450005003005,2
190450005003006,2
190450005003007,2
190450005003008,2
190450005003009,2
190450005004000,2
190450005004001,2
190450005004002,2
190450005004003,2
190450005004004,2
190450005004005,2
190450005004006,2
190450005004007,2
190450005004008,2
190450005004009,2
190450005004010,2
190450005004011,2
190450005004012,2
190450005004013,2
190450005004014,2
190450005004015,2
190450005004016,2
190450005004017,2
190450005004018,2
190450005004021,2
190450005004022,2
190450005004024,2
190450001001022,2
190450001001023,2
190450001001029,2
190450001001030,2
190450001001031,2
190450001001032,2
190450001001033,2
190450001001034,2
190450001002000,2
190450001002001,2
190450001002002,2
190450001002005,2
190450001002006,2
190450001002007,2
190450001002008,2
190450001002009,2
190450001002012,2
190450001003000,2
190450001003001,2
190450001003002,2
190450001003003,2
190450001003004,2
190450001003005,2
190450001003006,2
190450001003007,2
190450001003008,2
190450001003009,2
190450001003010,2
190450001003011,2
190450001003012,2
190450001003013,2
190450001003019,2
190450001003020,2
190450001003024,2
190450003001000,2
190450003001001,2
190450003001002,2
190450003001003,2
190450003001004,2
190450003001005,2
190450003001006,2
190450003001007,2
190450003001008,2
190450003001009,2
190450003002000,2
190450003002001,2
190450003002002,2
190450003002003,2
190450003002004,2
190450003002005,2
190450003002006,2
190450003003000,2
190450003003001,2
190450004001000,2
190450001003014,2
190450001003015,2
190450001003016,2
190450001003017,2
190450001003018,2
190450001003021,2
190450001003022,2
190450001003023,2
190450001003025,2
190450001003026,2
190450001003027,2
190450001003028,2
190450001003029,2
190450001003030,2
190450001003031,2
190450001003032,2
190450001003033,2
190450001003034,2
190450001003035,2
190450001003036,2
190450001003037,2
190450002001000,2
190450002001001,2
190450002001002,2
190450002001003,2
190450002001004,2
190450002001005,2
190450002001006,2
190450002001007,2
190450002001008,2
190450002001009,2
190450002001010,2
190450002001011,2
190450002001012,2
190450002001013,2
190450002001014,2
190450002001015,2
190450002001016,2
190450002001017,2
190450002001018,2
190450002001019,2
190450002001025,2
190450002001026,2
190450002001038,2
190450002001039,2
190450002001040,2
190450002001041,2
190450002001042,2
190450002001043,2
190450002001044,2
190450003002007,2
190450003002008,2
190450003004001,2
190450003004003,2
190450003004009,2
190450003004010,2
190450003004011,2
190450003004012,2
190450003004013,2
190450003004014,2
190450003004015,2
190450003004016,2
190450003004017,2
190450003004018,2
190450003004019,2
190450003004020,2
190450003004021,2
190450003005000,2
190450003005002,2
190450003005003,2
190450003005004,2
190450003005005,2
190450003005006,2
190450003005007,2
190450003005008,2
190450003005009,2
190450003005010,2
190450003005011,2
190450003005012,2
190450002001020,2
190450002001021,2
190450002001022,2
190450002001023,2
190450002001024,2
190450002001027,2
190450002001028,2
190450002001029,2
190450002001030,2
190450002001031,2
190450002001032,2
190450002001033,2
190450002001034,2
190450002001035,2
190450002001036,2
190450002001037,2
190450002002000,2
190450002002001,2
190450002002002,2
190450002002003,2
190450002002004,2
190450002002005,2
190450002002006,2
190450002002007,2
190450002002008,2
190450002003000,2
190450002003001,2
190450002003002,2
190450002003003,2
190450002003004,2
190450002003005,2
190450002003006,2
190450002003007,2
190450002003008,2
190450002003009,2
190450002003010,2
190450002003011,2
190450002003012,2
190450002003013,2
190450002003014,2
190450002003015,2
190450002003016,2
190450002003017,2
190450002003018,2
190450002003019,2
190450002003020,2
190450002003021,2
190450002003022,2
190450002003023,2
190450002003024,2
190450003004022,2
190450003004023,2
190450003004024,2
190450003004025,2
190450004003004,2
190450004003005,2
190450004003006,2
190450004003007,2
190450004003008,2
190450004003009,2
190450004003010,2
190450004003011,2
190450004003012,2
190450004003013,2
190450004003014,2
190450004003015,2
190450004003016,2
190450004003017,2
190450004003018,2
190450004003019,2
190450004003020,2
190450004003021,2
190450004003022,2
190450004003023,2
190450004003024,2
190450004003025,2
190450004003026,2
190450004003027,2
190450004003028,2
190450004003029,2
190450004003030,2
190450004003031,2
190450004003032,2
190450004003033,2
190450004003034,2
190450004003035,2
190450004003036,2
190450004003037,2
190450004003038,2
190450004003039,2
190450004003040,2
190450004003041,2
190450004003042,2
190450004003043,2
190450004003044,2
190450004003046,2
190450004003047,2
190450004003048,2
190450004003049,2
190450004003050,2
190450004003051,2
190450004003052,2
190450004003053,2
190450004003055,2
190450004003056,2
190450004003057,2
190450004003058,2
190450004003059,2
190450004003060,2
190450004004000,2
190450004004001,2
190450004004002,2
190450004004003,2
190450004004004,2
190450004004005,2
190450004004006,2
190450004004007,2
190450004004008,2
190450004004009,2
190450004004010,2
190450004004011,2
190450004004012,2
190450004004013,2
190450004004014,2
190450004004015,2
190450008001008,2
190450008001009,2
190450008001010,2
190450008001030,2
190450008001031,2
190450008001032,2
190450008002000,2
190450008002001,2
190450008002002,2
190450008002004,2
190450008002007,2
190450008002008,2
190450008002009,2
190450008003003,2
190450008003005,2
190450008005002,2
190450008005021,2
190450008005022,2
190450003002009,2
190450003002010,2
190450003002011,2
190450003003002,2
190450003003003,2
190450003003004,2
190450003003005,2
190450003003006,2
190450003003007,2
190450003003008,2
190450003003009,2
190450003003010,2
190450003003011,2
190450003003012,2
190450003003013,2
190450003003014,2
190450003003015,2
190450003003016,2
190450003003017,2
190450003004000,2
190450003004002,2
190450003004004,2
190450003004005,2
190450003004006,2
190450003004007,2
190450003004008,2
190450003005001,2
190450004001001,2
190450004001002,2
190450004001003,2
190450004001004,2
190450004001005,2
190450004001006,2
190450004001007,2
190450004001008,2
190450004001009,2
190450004001010,2
190450004001011,2
190450004001012,2
190450004001013,2
190450004001014,2
190450004001015,2
190450004001016,2
190450004001017,2
190450004001018,2
190450004002000,2
190450004002001,2
190450004002002,2
190450004002003,2
190450004002004,2
190450004002005,2
190450004002006,2
190450004002007,2
190450004002008,2
190450004002009,2
190450004002010,2
190450004002011,2
190450004002012,2
190450004002013,2
190450004003000,2
190450004003001,2
190450004003002,2
190450004003003,2
190450004003045,2
190450008001034,2
190450008002003,2
190450008002005,2
190450008002006,2
190450008002010,2
190450008002011,2
190450008002012,2
190450008002013,2
190450008002014,2
190450008002015,2
190450008002016,2
190450008002017,2
190450008002018,2
190450008002019,2
190450008002020,2
190450008002021,2
190450008002022,2
190450008002023,2
190450008002024,2
190450008002025,2
190450008002026,2
190450008002027,2
190450008002028,2
190450008002030,2
190450008002035,2
190450008003000,2
190450008003001,2
190450008003002,2
190450008003004,2
190450008003006,2
190450008003007,2
190450008003008,2
190450008003009,2
190450008003010,2
190450008003011,2
190450008003012,2
190450008003013,2
190450008003014,2
190450008003015,2
190450008003016,2
190450008003017,2
190450008003018,2
190450008003019,2
190450008003020,2
190450008003021,2
190450008003022,2
190450008003023,2
190450008003024,2
190450008003025,2
190450008004000,2
190450008004001,2
190450008004002,2
190450008004003,2
190450008004004,2
190450008004005,2
190450008004006,2
190450008004007,2
190450008004008,2
190450008004009,2
190450008004010,2
190450008004011,2
190450008004012,2
190450008004013,2
190450008004014,2
190450008004015,2
190450008004016,2
190450008004017,2
190450008004018,2
190450008004019,2
190450008004020,2
190450008004021,2
190450008004022,2
190450008004023,2
190450008004024,2
190450008004025,2
190450008004026,2
190450008004027,2
190450008004028,2
190450008004029,2
190450008004030,2
190450008004031,2
190450008004032,2
190450008004033,2
190450008004034,2
190450008004035,2
190450008004036,2
190450008004037,2
190450008004038,2
190450008004039,2
190450008004040,2
190450008004041,2
190450008004042,2
190450008004043,2
190450008004044,2
190450008004045,2
190450008004046,2
190450008004047,2
190450008004048,2
190450008004049,2
190450008004050,2
190450008004051,2
190450008004052,2
190450008004053,2
190450008004054,2
190450008004055,2
190450008004056,2
190450008004057,2
190450008004058,2
190450008004059,2
190450008004060,2
190450008004061,2
190450008004062,2
190450008004063,2
190450008004064,2
190450008004065,2
190450008004066,2
190450008004067,2
190450008004068,2
190450008004069,2
190450008004070,2
190450008004071,2
190450008004072,2
190450008004075,2
190450008004076,2
190450008004077,2
190450008005000,2
190450008005001,2
190450008005003,2
190450008005004,2
190450008005005,2
190450008005006,2
190450008005007,2
190450008005008,2
190450008005009,2
190450008005010,2
190450008005011,2
190450008005012,2
190450008005013,2
190450008005014,2
190450008005015,2
190450008005016,2
190450008005017,2
190450008005018,2
190450008005019,2
190450008005020,2
190450008005023,2
190450008005024,2
190450008005025,2
190450008005026,2
190450008005027,2
190450008005028,2
190450008005029,2
190450008005030,2
190450008005031,2
190450008005032,2
190450008005033,2
190450008005034,2
190450008005035,2
190450008005036,2
190450008005037,2
190450008005038,2
190450008005039,2
190450008005040,2
190450008005041,2
190450004003054,2
190450009006000,2
190450009006001,2
190450012003001,2
190450012003002,2
190450012003003,2
190450012003004,2
190450012003005,2
190450012003006,2
190450012003007,2
190450012003008,2
190450012003009,2
190450012003030,2
190450012003031,2
190450012003033,2
190450012003034,2
190450012003058,2
190450012003059,2
190450012003060,2
190450012003061,2
190450012003062,2
190450012003063,2
190450012003064,2
190450012003065,2
190450012003066,2
190450012003067,2
190450012003068,2
190450012003069,2
190450012003070,2
190450012003071,2
190450012003072,2
190450012003073,2
190450012003074,2
190450012003075,2
190450012003076,2
190450012003077,2
190450012003078,2
190450012003079,2
190450012003084,2
190450012003085,2
190450012003086,2
190450012003087,2
190450012004032,2
190450012004033,2
190450012004034,2
190450012004044,2
190450012004045,2
190450012004046,2
190450012004048,2
190450005004019,2
190450005004020,2
190450005004023,2
190450007002000,2
190450007002001,2
190450007002007,2
190450007002021,2
190450007002022,2
190450012001000,2
190450012001001,2
190450012001002,2
190450012001003,2
190450012001004,2
190450012001005,2
190450012001006,2
190450012001007,2
190450012001008,2
190450012001009,2
190450012001010,2
190450012001011,2
190450012001012,2
190450012001013,2
190450012001014,2
190450012001015,2
190450012001016,2
190450012001017,2
190450012001018,2
190450012001019,2
190450012001020,2
190450012001021,2
190450012001022,2
190450012001023,2
190450012001026,2
190450012001029,2
190450012001030,2
190450012001031,2
190450012001032,2
190450012001033,2
190450012001034,2
190450012001035,2
190450012001036,2
190450012001037,2
190450012002079,2
190450012002084,2
190450012002085,2
190450012002089,2
190450012002090,2
190450012002091,2
190450012003000,2
190450006002000,2
190450006002001,2
190450006002002,2
190450006002003,2
190450006002004,2
190450006002005,2
190450006002006,2
190450006002007,2
190450006002008,2
190450006002009,2
190450006002010,2
190450006002011,2
190450006002012,2
190450006002013,2
190450006002014,2
190450006002015,2
190450006002016,2
190450006002017,2
190450006002018,2
190450006002019,2
190450006002020,2
190450006002021,2
190450006002022,2
190450006002023,2
190450006002024,2
190450006002025,2
190450006002026,2
190450006002027,2
190450006002028,2
190450006002029,2
190450006002030,2
190450006002031,2
190450006002032,2
190450006002033,2
190450006002034,2
190450006002035,2
190450006002036,2
190450006002037,2
190450006002038,2
190450006002039,2
190450006002040,2
190450006002041,2
190450006002042,2
190450006002043,2
190450006002044,2
190450006002045,2
190450006002046,2
190450006003000,2
190450006003001,2
190450006003002,2
190450006003003,2
190450006003004,2
190450006003005,2
190450006003006,2
190450006003007,2
190450006003008,2
190450006003009,2
190450006003010,2
190450006003011,2
190450006003012,2
190450006003013,2
190450006003014,2
190450006003015,2
190450006003016,2
190450006003017,2
190450006003018,2
190450006003019,2
190450006003020,2
190450006003021,2
190450006003022,2
190450006003028,2
190450006003029,2
190450006003030,2
190450006003031,2
190450006003032,2
190450006003033,2
190450007003000,2
190450007003001,2
190450007003002,2
190450007003003,2
190450007003004,2
190450007003005,2
190450007003006,2
190450007003007,2
190450007003008,2
190450007003012,2
190450007003013,2
190450007003014,2
190450007003015,2
190450007003020,2
190450007003023,2
190450007003024,2
190450007003025,2
190450007003026,2
190450007003027,2
190450007003028,2
190450007003029,2
190450007003030,2
190450007003031,2
190450007003032,2
190450012001024,2
190450012001025,2
190450012001027,2
190450012001041,2
190450007001000,2
190450007001001,2
190450007001002,2
190450007001003,2
190450007001004,2
190450007001005,2
190450007001006,2
190450007001007,2
190450007001008,2
190450007001009,2
190450007001010,2
190450007001011,2
190450007001012,2
190450007001013,2
190450007001014,2
190450007001015,2
190450007001016,2
190450007001017,2
190450007001018,2
190450007001019,2
190450007001020,2
190450007001021,2
190450007001022,2
190450007001023,2
190450007001024,2
190450007002002,2
190450007002003,2
190450007002004,2
190450007002005,2
190450007002006,2
190450007002008,2
190450007002009,2
190450007002010,2
190450007002011,2
190450007002012,2
190450007002013,2
190450007002014,2
190450007002015,2
190450007002016,2
190450007002017,2
190450007002018,2
190450007002019,2
190450007002020,2
190450007003009,2
190450007003010,2
190450007003011,2
190450007003016,2
190450007003017,2
190450007003018,2
190450007003019,2
190450007003021,2
190450007003022,2
190450012001028,2
190450012001038,2
190450012001039,2
190450012001040,2
190450012001042,2
190450008001000,2
190450008001001,2
190450008001002,2
190450008001003,2
190450008001004,2
190450008001005,2
190450008001006,2
190450008001007,2
190450008001012,2
190450008001013,2
190450008001016,2
190450008001018,2
190450008001019,2
190450008001020,2
190450008001022,2
190450008001023,2
190450008001035,2
190450008001036,2
190450008001037,2
190450008001038,2
190450008001039,2
190450008001040,2
190450008001041,2
190450008001042,2
190450008001043,2
190450008001044,2
190450008001045,2
190450008001046,2
190450008001047,2
190450008004087,2
190450009006024,2
190450009006026,2
190450009006027,2
190450009006028,2
190450009006029,2
190450009006030,2
190450009006037,2
190450009006038,2
190450009006041,2
190450009006042,2
190450009006043,2
190450009006044,2
190450009006068,2
190450009006069,2
190450009006070,2
190450009006071,2
190450009006072,2
190450009006073,2
190450009006074,2
190450009006075,2
190450009006076,2
190450009006077,2
190450008001011,2
190450008001014,2
190450008001015,2
190450008001017,2
190450008001021,2
190450008001024,2
190450008001025,2
190450008001026,2
190450008001027,2
190450008001028,2
190450008001029,2
190450008001033,2
190450008002029,2
190450008002031,2
190450008002032,2
190450008002033,2
190450008002034,2
190450008002036,2
190450008004073,2
190450008004074,2
190450008004078,2
190450008004079,2
190450008004080,2
190450008004081,2
190450008004082,2
190450008004083,2
190450008004084,2
190450008004085,2
190450008004086,2
190450008004088,2
190450009001000,2
190450009001002,2
190450009001003,2
190450009001004,2
190450009001006,2
190450009001008,2
190450009001010,2
190450009001011,2
190450009001015,2
190450009001036,2
190450009002000,2
190450009002001,2
190450009002002,2
190450009002003,2
190450009002008,2
190450009002019,2
190450009002020,2
190450009002023,2
190450009004000,2
190450009006007,2
190450009006008,2
190450009006009,2
190450009006010,2
190450009006011,2
190450009006012,2
190450009006013,2
190450009006014,2
190450009006015,2
190450009006016,2
190450009006017,2
190450009006018,2
190450009006019,2
190450009006020,2
190450009006021,2
190450009006022,2
190450009006023,2
190450009006025,2
190450009006031,2
190450009006032,2
190450009006033,2
190450009006034,2
190450009006035,2
190450009006036,2
190450009006039,2
190450009006040,2
190450009006045,2
190450009006046,2
190450009006047,2
190450009006048,2
190450009006052,2
190450009006053,2
190450009006054,2
190450009006055,2
190450009006056,2
190450009006057,2
190450009006058,2
190450009006059,2
190450009006060,2
190450009006061,2
190450009006062,2
190450009006063,2
190450009006064,2
190450009006065,2
190450009006066,2
190450009006067,2
190450009006078,2
190450010001019,2
190450010001020,2
190450010001021,2
190450010001022,2
190450010001035,2
190450010001036,2
190450010001037,2
190450010001038,2
190450010001039,2
190450010001040,2
190450010001041,2
190450010001042,2
190450010001049,2
190450010001050,2
190450010001053,2
190450010001087,2
190450010001088,2
190450010001089,2
190450010001092,2
190450010001094,2
190450010001095,2
190450010001096,2
190450010001097,2
190450010001109,2
190450010001110,2
190450012003049,2
190450012003050,2
190450012003051,2
190450012003053,2
190450012003056,2
190450012003057,2
190450012003080,2
190450012003081,2
190450009001001,2
190450009001005,2
190450009001007,2
190450009001009,2
190450009001012,2
190450009001013,2
190450009001014,2
190450009001016,2
190450009001017,2
190450009001018,2
190450009001019,2
190450009001020,2
190450009001021,2
190450009001022,2
190450009001023,2
190450009001024,2
190450009001025,2
190450009001026,2
190450009001027,2
190450009001028,2
190450009001029,2
190450009001030,2
190450009001031,2
190450009001032,2
190450009001033,2
190450009001034,2
190450009001035,2
190450009001037,2
190450009001038,2
190450009001039,2
190450009001040,2
190450009001041,2
190450009001042,2
190450009001043,2
190450009001044,2
190450009001045,2
190450009002004,2
190450009002005,2
190450009002006,2
190450009002007,2
190450009002009,2
190450009002010,2
190450009002011,2
190450009002012,2
190450009002013,2
190450009002014,2
190450009002015,2
190450009002016,2
190450009002017,2
190450009002018,2
190450009002021,2
190450009002022,2
190450009002024,2
190450009002025,2
190450009002026,2
190450009002027,2
190450009002028,2
190450009003000,2
190450009003001,2
190450009003002,2
190450009003003,2
190450009003004,2
190450009003005,2
190450009003006,2
190450009003007,2
190450009003008,2
190450009003009,2
190450009003010,2
190450009003011,2
190450009003012,2
190450009003013,2
190450009003014,2
190450009003015,2
190450009003016,2
190450009003017,2
190450009003018,2
190450009003019,2
190450009003020,2
190450009003021,2
190450009003022,2
190450009003023,2
190450009003024,2
190450009003025,2
190450009003026,2
190450009004001,2
190450009004002,2
190450009004003,2
190450009004004,2
190450009004005,2
190450009004006,2
190450009004007,2
190450009004008,2
190450009004009,2
190450009004010,2
190450009004011,2
190450009004012,2
190450009004013,2
190450009004014,2
190450009004015,2
190450009004016,2
190450009004017,2
190450009004018,2
190450009004019,2
190450009004020,2
190450009004021,2
190450009004022,2
190450009004023,2
190450009004024,2
190450009004025,2
190450009004026,2
190450009005000,2
190450009005001,2
190450009005002,2
190450009005003,2
190450009005004,2
190450009005005,2
190450009005006,2
190450009005007,2
190450009005008,2
190450009005009,2
190450009005010,2
190450009005011,2
190450009005012,2
190450009005013,2
190450009005014,2
190450009005015,2
190450009005016,2
190450009005017,2
190450009005018,2
190450009005019,2
190450009005020,2
190450009005021,2
190450009005022,2
190450009005023,2
190450009005024,2
190450009005025,2
190450009005026,2
190450009005027,2
190450009005028,2
190450009005029,2
190450009005030,2
190450009005031,2
190450009005032,2
190450009005033,2
190450009006049,2
190450009006050,2
190450009006051,2
190450010001043,2
190450010001051,2
190450010001052,2
190450010001054,2
190450010001055,2
190450010001090,2
190450010001091,2
190450009006002,2
190450009006003,2
190450009006004,2
190450009006005,2
190450009006006,2
190450012003010,2
190450012003011,2
190450012003012,2
190450012003013,2
190450012003014,2
190450012003015,2
190450012003016,2
190450012003017,2
190450012003020,2
190450012003021,2
190450012003022,2
190450012003023,2
190450012003024,2
190450012003025,2
190450012003026,2
190450012003027,2
190450012003028,2
190450012003029,2
190450012003032,2
190450012003035,2
190450012003036,2
190450012003037,2
190450012003038,2
190450012003039,2
190450012003040,2
190450012003041,2
190450012003042,2
190450012003043,2
190450012003044,2
190450012003045,2
190450012003046,2
190450012003047,2
190450012003048,2
190450012003052,2
190450012003055,2
190450012003082,2
190450012003083,2
190450012005067,2
190450012005068,2
190450010001000,2
190450010001001,2
190450010001002,2
190450010001003,2
190450010001004,2
190450010001005,2
190450010001006,2
190450010001007,2
190450010001008,2
190450010001009,2
190450010001013,2
190450010001014,2
190450010001015,2
190450010001016,2
190450010001017,2
190450010001018,2
190450011002023,2
190450011002024,2
190450011002030,2
190450011002031,2
190450011002032,2
190450011002033,2
190450011002034,2
190450011002035,2
190450011002036,2
190450011002037,2
190450011002038,2
190450011002039,2
190450011002040,2
190450011002041,2
190450011002042,2
190450011002043,2
190450011002044,2
190450011002045,2
190450011002046,2
190450011002047,2
190450011002080,2
190450011002081,2
190450011002082,2
190450011002083,2
190450011002084,2
190450011002085,2
190450011002086,2
190450011002087,2
190450011002088,2
190450011002089,2
190450011002090,2
190450011002095,2
190450011002102,2
190450012003018,2
190450012003019,2
190450012003054,2
190450010001010,2
190450010001011,2
190450010001012,2
190450010001023,2
190450010001024,2
190450010001025,2
190450010001026,2
190450010001027,2
190450010001028,2
190450010001029,2
190450010001030,2
190450010001031,2
190450010001032,2
190450010001033,2
190450010001034,2
190450010001044,2
190450010001045,2
190450010001046,2
190450010001047,2
190450010001048,2
190450010001056,2
190450010001057,2
190450010001058,2
190450010001059,2
190450010001060,2
190450010001061,2
190450010001062,2
190450010001063,2
190450010001065,2
190450010001066,2
190450010001067,2
190450010001068,2
190450010001069,2
190450010001070,2
190450010001071,2
190450010001072,2
190450010001073,2
190450010001074,2
190450010001075,2
190450010001076,2
190450010001077,2
190450010001078,2
190450010001079,2
190450010001080,2
190450010001081,2
190450010001082,2
190450010001083,2
190450010001084,2
190450010001085,2
190450010001086,2
190450010001093,2
190450010001098,2
190450010001099,2
190450010001100,2
190450010001101,2
190450010001102,2
190450010001103,2
190450010001106,2
190450010001107,2
190450010001108,2
190450010001111,2
190450010001112,2
190450010001113,2
190450010001114,2
190450010001115,2
190450010001116,2
190450010002006,2
190450010002007,2
190450010002014,2
190450010001064,2
190450010001104,2
190450010001105,2
190450010001117,2
190450010001118,2
190450010001119,2
190450010002003,2
190450010002004,2
190450010002005,2
190450010002008,2
190450010002009,2
190450010002010,2
190450010002011,2
190450010002012,2
190450010002013,2
190450010002015,2
190450010002016,2
190450010002017,2
190450010002018,2
190450010002019,2
190450010002020,2
190450010002021,2
190450010002022,2
190450010002023,2
190450010002024,2
190450010002025,2
190450010002026,2
190450010002027,2
190450010002028,2
190450010002029,2
190450010002030,2
190450010002031,2
190450010002032,2
190450010002033,2
190450010002034,2
190450010002035,2
190450010002036,2
190450010002037,2
190450010002038,2
190450010002039,2
190450010002040,2
190450010002041,2
190450010002042,2
190450010002043,2
190450010002044,2
190450010002048,2
190450010002049,2
190450010002050,2
190450010002051,2
190450010002052,2
190450010002053,2
190450010002054,2
190450010002055,2
190450010002056,2
190450010002057,2
190450010002058,2
190450010002059,2
190450010002060,2
190450010002061,2
190450010002062,2
190450010002063,2
190450010002064,2
190450010002065,2
190450010003061,2
190450010003062,2
190450010003063,2
190450010003064,2
190450010003093,2
190450010002000,2
190450010002001,2
190450010002002,2
190450010003000,2
190450010003001,2
190450010003002,2
190450010003003,2
190450010003004,2
190450010003005,2
190450010003006,2
190450010003007,2
190450010003051,2
190450010003052,2
190450010003053,2
190450010003054,2
190450010003055,2
190450010003056,2
190450010003057,2
190450010003058,2
190450010003059,2
190450010003122,2
190450011002015,2
190450011002016,2
190450011002017,2
190450011002027,2
190450011002028,2
190450011002029,2
190450011002048,2
190450011002049,2
190450011002050,2
190450011002051,2
190450011002052,2
190450011002053,2
190450011002054,2
190450011002055,2
190450011002069,2
190450011002070,2
190450011002071,2
190450011002072,2
190450011002073,2
190450011002074,2
190450011002075,2
190450011002076,2
190450011002077,2
190450011002078,2
190450011002079,2
190450011002091,2
190450011002093,2
190450011002094,2
190450011002096,2
190450011002097,2
190450011002098,2
190450011002099,2
190450010002045,2
190450010002046,2
190450010002047,2
190450010003038,2
190450010003039,2
190450010003044,2
190450010003045,2
190450010003046,2
190450010003047,2
190450010003060,2
190450010003065,2
190450010003066,2
190450010003067,2
190450010003068,2
190450010003069,2
190450010003070,2
190450010003071,2
190450010003072,2
190450010003073,2
190450010003074,2
190450010003075,2
190450010003076,2
190450010003077,2
190450010003078,2
190450010003079,2
190450010003080,2
190450010003081,2
190450010003082,2
190450010003083,2
190450010003084,2
190450010003085,2
190450010003086,2
190450010003087,2
190450010003088,2
190450010003089,2
190450010003090,2
190450010003091,2
190450010003092,2
190450010003094,2
190450010003095,2
190450010003096,2
190450010003097,2
190450010003098,2
190450010003099,2
190450010003100,2
190450010003101,2
190450010003102,2
190450010003103,2
190450010003104,2
190450010003105,2
190450010003106,2
190450010003107,2
190450010003108,2
190450010003109,2
190450010003110,2
190450010003111,2
190450010003112,2
190450010003113,2
190450010003114,2
190450010003115,2
190450010003117,2
190450010003118,2
190450010003119,2
190450010003120,2
190450010003121,2
190450010004000,2
190450010004001,2
190450010004002,2
190450010004003,2
190450010004004,2
190450010004005,2
190450010004006,2
190450010004007,2
190450010004008,2
190450010004009,2
190450010004010,2
190450010004011,2
190450010004012,2
190450010004013,2
190450010004014,2
190450010004015,2
190450010004016,2
190450010004017,2
190450010004018,2
190450010004019,2
190450010004020,2
190450010004021,2
190450010004022,2
190450010004023,2
190450010004024,2
190450010004025,2
190450010004026,2
190450010004027,2
190450010004028,2
190450010004029,2
190450010004030,2
190450010004031,2
190450010004032,2
190450010004033,2
190450010004034,2
190450010004035,2
190450010004036,2
190450010004037,2
190450010003008,2
190450010003009,2
190450010003010,2
190450010003011,2
190450010003012,2
190450010003013,2
190450010003014,2
190450010003015,2
190450010003016,2
190450010003017,2
190450010003018,2
190450010003019,2
190450010003020,2
190450010003021,2
190450010003022,2
190450010003023,2
190450010003024,2
190450010003025,2
190450010003026,2
190450010003027,2
190450010003028,2
190450010003029,2
190450010003030,2
190450010003031,2
190450010003032,2
190450010003033,2
190450010003034,2
190450010003035,2
190450010003036,2
190450010003037,2
190450010003040,2
190450010003041,2
190450010003042,2
190450010003043,2
190450010003048,2
190450010003049,2
190450010003050,2
190450010003116,2
190450011002056,2
190450011002057,2
190450011002058,2
190450011002059,2
190450011002065,2
190450011002066,2
190450011002067,2
190450011002068,2
190450011002092,2
190450011002100,2
190450011002101,2
190450011001000,2
190450011001001,2
190450011001002,2
190450011001003,2
190450011001004,2
190450011001005,2
190450011001006,2
190450011001007,2
190450011001036,2
190450011001037,2
190450011001038,2
190450011001039,2
190450011001040,2
190450011001041,2
190450011001042,2
190450011001043,2
190450011001044,2
190450011001045,2
190450011001046,2
190450011001047,2
190450011001048,2
190450011001049,2
190450011001050,2
190450011001051,2
190450011001052,2
190450011001053,2
190450011001054,2
190450011001055,2
190450011001056,2
190450011001057,2
190450011001058,2
190450011001059,2
190450011001060,2
190450011001061,2
190450011001062,2
190450011001063,2
190450011001064,2
190450011001065,2
190450011001066,2
190450011001067,2
190450011001068,2
190450011001069,2
190450011001070,2
190450011001071,2
190450011001072,2
190450011001073,2
190450011001074,2
190450011001075,2
190450011001076,2
190450011001077,2
190450011001078,2
190450011001079,2
190450011001080,2
190450011001081,2
190450011001082,2
190450011001083,2
190450011001084,2
190450011001085,2
190450011001086,2
190450011001087,2
190450011001088,2
190450011001089,2
190450011001090,2
190450011001093,2
190450011001094,2
190450011001095,2
190450011001111,2
190450011002000,2
190450011002001,2
190450011002002,2
190450011002003,2
190450011002004,2
190450011002005,2
190450011002006,2
190450011002007,2
190450011002008,2
190450011002009,2
190450011002010,2
190450011002021,2
190450011002022,2
190450011002025,2
190450011002026,2
190450012005008,2
190450012005009,2
190450012005010,2
190450012005016,2
190450012005017,2
190450012005018,2
190450012005020,2
190450012005021,2
190450012005024,2
190450012005025,2
190450012005026,2
190450012005053,2
190450011001008,2
190450011001009,2
190450011001010,2
190450011001011,2
190450011001012,2
190450011001013,2
190450011001014,2
190450011001015,2
190450011001016,2
190450011001017,2
190450011001018,2
190450011001019,2
190450011001020,2
190450011001021,2
190450011001022,2
190450011001023,2
190450011001024,2
190450011001025,2
190450011001026,2
190450011001027,2
190450011001028,2
190450011001029,2
190450011001030,2
190450011001031,2
190450011001032,2
190450011001033,2
190450011001034,2
190450011001035,2
190450011001091,2
190450011001092,2
190450011001096,2
190450011001097,2
190450011001098,2
190450011001099,2
190450011001100,2
190450011001101,2
190450011001102,2
190450011001103,2
190450011001104,2
190450011001105,2
190450011001106,2
190450011001107,2
190450011001108,2
190450011001109,2
190450011001110,2
190450011001112,2
190450011001113,2
190450011001114,2
190450011001115,2
190450011001116,2
190450011001117,2
190450011001118,2
190450011001119,2
190450011001120,2
190450011001121,2
190450011001122,2
190450011001123,2
190450011002011,2
190450011002012,2
190450011002013,2
190450011002014,2
190450011002018,2
190450011002019,2
190450011002020,2
190450011002060,2
190450011002061,2
190450011002062,2
190450011002063,2
190450011002064,2
190450011003000,2
190450011003001,2
190450011003002,2
190450011003003,2
190450011003004,2
190450011003005,2
190450011003006,2
190450011003007,2
190450011003008,2
190450011003009,2
190450011003010,2
190450011003011,2
190450011003012,2
190450011003013,2
190450011003014,2
190450011003015,2
190450011003016,2
190450011003017,2
190450011003018,2
190450011003019,2
190450011003020,2
190450011003021,2
190450011003022,2
190450011003023,2
190450011003024,2
190450011003025,2
190450011003026,2
190450011003027,2
190450011003028,2
190450011003029,2
190450011003030,2
190450011003031,2
190450011003032,2
190450011003033,2
190450011003034,2
190450011003035,2
190450011003036,2
190450011003037,2
190450011003038,2
190450011003039,2
190450011003040,2
190450011003041,2
190450011003042,2
190450011003043,2
190450011003044,2
190450011003045,2
190450011003046,2
190450011003047,2
190450011003048,2
190450011003049,2
190450011003050,2
190450011003051,2
190450011003052,2
190450011003053,2
190450011003054,2
190450011003055,2
190450011003056,2
190450011003057,2
190450011003058,2
190450011003059,2
190450011003060,2
190450011003061,2
190450011003062,2
190450011003063,2
190450011003064,2
190450011003065,2
190450012002000,2
190450012002001,2
190450012002002,2
190450012002003,2
190450012002004,2
190450012002005,2
190450012002006,2
190450012002007,2
190450012002008,2
190450012002009,2
190450012002010,2
190450012002011,2
190450012002012,2
190450012002013,2
190450012002014,2
190450012002015,2
190450012002016,2
190450012002017,2
190450012002018,2
190450012002019,2
190450012002020,2
190450012002021,2
190450012002022,2
190450012002023,2
190450012002024,2
190450012002025,2
190450012002026,2
190450012002027,2
190450012002028,2
190450012002029,2
190450012002030,2
190450012002031,2
190450012002032,2
190450012002033,2
190450012002034,2
190450012002035,2
190450012002036,2
190450012002037,2
190450012002038,2
190450012002039,2
190450012002040,2
190450012002041,2
190450012002042,2
190450012002043,2
190450012002044,2
190450012002045,2
190450012002046,2
190450012002047,2
190450012002048,2
190450012002049,2
190450012002050,2
190450012002051,2
190450012002052,2
190450012002053,2
190450012002054,2
190450012002055,2
190450012002056,2
190450012002057,2
190450012002058,2
190450012002059,2
190450012002060,2
190450012002061,2
190450012002062,2
190450012002063,2
190450012002064,2
190450012002065,2
190450012002066,2
190450012002067,2
190450012002068,2
190450012002069,2
190450012002070,2
190450012002071,2
190450012002072,2
190450012002073,2
190450012002074,2
190450012002075,2
190450012002076,2
190450012002077,2
190450012002078,2
190450012002080,2
190450012002081,2
190450012002082,2
190450012002083,2
190450012002086,2
190450012002087,2
190450012002088,2
190450012002092,2
190450012004000,2
190450012004001,2
190450012004002,2
190450012004003,2
190450012004004,2
190450012004005,2
190450012004006,2
190450012004007,2
190450012004008,2
190450012004009,2
190450012004010,2
190450012004011,2
190450012004012,2
190450012004013,2
190450012004014,2
190450012004015,2
190450012004016,2
190450012004017,2
190450012004018,2
190450012004019,2
190450012004020,2
190450012004021,2
190450012004022,2
190450012004023,2
190450012004024,2
190450012004025,2
190450012004026,2
190450012004027,2
190450012004028,2
190450012004029,2
190450012004030,2
190450012004031,2
190450012004035,2
190450012004036,2
190450012004037,2
190450012004038,2
190450012004039,2
190450012004040,2
190450012004041,2
190450012004042,2
190450012004043,2
190450012004047,2
190450012004049,2
190450012005000,2
190450012005002,2
190450012005033,2
190450012005034,2
190450012005038,2
190450012005039,2
190450012005040,2
190450012005041,2
190450012005042,2
190450012005043,2
190450012005001,2
190450012005003,2
190450012005004,2
190450012005005,2
190450012005006,2
190450012005007,2
190450012005011,2
190450012005012,2
190450012005013,2
190450012005014,2
190450012005015,2
190450012005019,2
190450012005022,2
190450012005023,2
190450012005027,2
190450012005028,2
190450012005029,2
190450012005030,2
190450012005031,2
190450012005032,2
190450012005035,2
190450012005036,2
190450012005037,2
190450012005044,2
190450012005045,2
190450012005046,2
190450012005047,2
190450012005048,2
190450012005049,2
190450012005050,2
190450012005051,2
190450012005052,2
190450012005054,2
190450012005055,2
190450012005056,2
190450012005057,2
190450012005058,2
190450012005059,2
190450012005060,2
190450012005061,2
190450012005062,2
190450012005063,2
190450012005064,2
190450012005065,2
190450012005066,2
190450012005069,2
190470701001000,4
190470701001001,4
190470701001002,4
190470701001003,4
190470701001004,4
190470701001005,4
190470701001006,4
190470701001007,4
190470701001033,4
190470701001034,4
190470701001035,4
190470701001036,4
190470701001037,4
190470701001038,4
190470701001039,4
190470701001040,4
190470701001041,4
190470701001042,4
190470701001043,4
190470701001044,4
190470701001045,4
190470701001046,4
190470701001047,4
190470701001063,4
190470701001064,4
190470701001080,4
190470701001081,4
190470701001082,4
190470701001083,4
190470701001084,4
190470701001085,4
190470701001086,4
190470701001087,4
190470701001088,4
190470701001089,4
190470701001090,4
190470701001091,4
190470701001092,4
190470701001093,4
190470701001140,4
190470701001141,4
190470701001142,4
190470701001228,4
190470701001229,4
190470701001008,4
190470701001009,4
190470701001010,4
190470701001011,4
190470701001012,4
190470701001013,4
190470701001014,4
190470701001015,4
190470701001016,4
190470701001017,4
190470701001018,4
190470701001019,4
190470701001020,4
190470701001021,4
190470701001022,4
190470701001023,4
190470701001024,4
190470701001025,4
190470701001026,4
190470701001027,4
190470701001028,4
190470701001029,4
190470701001030,4
190470701001031,4
190470701001032,4
190470701001048,4
190470701001049,4
190470701001050,4
190470701001051,4
190470701001052,4
190470701001053,4
190470701001054,4
190470701001055,4
190470701001056,4
190470701001057,4
190470701001058,4
190470701001059,4
190470701001060,4
190470701001061,4
190470701001062,4
190470701001065,4
190470701001066,4
190470701001067,4
190470701001068,4
190470701001069,4
190470701001070,4
190470701001071,4
190470701001072,4
190470701001073,4
190470701001074,4
190470701001075,4
190470701001076,4
190470701001077,4
190470701001078,4
190470701001079,4
190470701001098,4
190470701001099,4
190470701001100,4
190470701001105,4
190470701001106,4
190470701001107,4
190470701001108,4
190470701001109,4
190470701001110,4
190470701001113,4
190470701001114,4
190470701001115,4
190470701001116,4
190470701001117,4
190470701001118,4
190470701001119,4
190470701001120,4
190470701001121,4
190470701001126,4
190470701001230,4
190470701001231,4
190470702002000,4
190470702002001,4
190470702002002,4
190470702002003,4
190470702002125,4
190470702002126,4
190470701001094,4
190470701001135,4
190470701001136,4
190470701001137,4
190470701001138,4
190470701001139,4
190470701001224,4
190470701001225,4
190470701001226,4
190470701001227,4
190470701001232,4
190470701001233,4
190470701001234,4
190470701001235,4
190470701002000,4
190470701002001,4
190470701002002,4
190470701002003,4
190470701002004,4
190470701002005,4
190470701002006,4
190470701002007,4
190470701002010,4
190470701002011,4
190470701002012,4
190470701002014,4
190470701002015,4
190470701002016,4
190470701002017,4
190470701002018,4
190470701002019,4
190470701002020,4
190470701002021,4
190470701002022,4
190470701002023,4
190470701002024,4
190470701002025,4
190470701002026,4
190470701002027,4
190470701002034,4
190470701002035,4
190470701002036,4
190470701002037,4
190470701002038,4
190470701002039,4
190470701002040,4
190470701002041,4
190470701002042,4
190470701002051,4
190470701002078,4
190470701002081,4
190470701002082,4
190470701002083,4
190470701002084,4
190470701002085,4
190470701002110,4
190470701002111,4
190470701002122,4
190470701001095,4
190470701001096,4
190470701001097,4
190470701001101,4
190470701001102,4
190470701001103,4
190470701001104,4
190470701001111,4
190470701001112,4
190470701001122,4
190470701001123,4
190470701001124,4
190470701001125,4
190470701001127,4
190470701001128,4
190470701001129,4
190470701001130,4
190470701001131,4
190470701001132,4
190470701001133,4
190470701001134,4
190470701001143,4
190470701001144,4
190470701001145,4
190470701001146,4
190470701001147,4
190470701001148,4
190470701001149,4
190470701001150,4
190470701001151,4
190470701001152,4
190470701001153,4
190470701001154,4
190470701001171,4
190470701001188,4
190470701001189,4
190470701001194,4
190470701001197,4
190470701001198,4
190470701001199,4
190470701001200,4
190470701001201,4
190470701001202,4
190470701001206,4
190470701001207,4
190470701001208,4
190470701001209,4
190470701001210,4
190470701001211,4
190470701001212,4
190470701001213,4
190470701001214,4
190470701001220,4
190470701001221,4
190470701002008,4
190470701002009,4
190470701002013,4
190470701002075,4
190470701002076,4
190470701002077,4
190470701002094,4
190470701002095,4
190470704011000,4
190470704012000,4
190470705001016,4
190470701001155,4
190470701001156,4
190470701001157,4
190470701001158,4
190470701001159,4
190470701001160,4
190470701001161,4
190470701001162,4
190470701001163,4
190470701001164,4
190470701001165,4
190470701001166,4
190470701001167,4
190470701001168,4
190470701001169,4
190470701001170,4
190470701001172,4
190470701001173,4
190470701001174,4
190470701001175,4
190470701001176,4
190470701001177,4
190470701001178,4
190470701001179,4
190470701001180,4
190470701001181,4
190470701001182,4
190470701001183,4
190470701001184,4
190470701001185,4
190470701001186,4
190470701001187,4
190470701001190,4
190470701001191,4
190470701001192,4
190470701001193,4
190470701001195,4
190470701001196,4
190470701001203,4
190470701001204,4
190470701001205,4
190470701001236,4
190470701001237,4
190470702002083,4
190470702002084,4
190470702002085,4
190470702002088,4
190470702002091,4
190470702002092,4
190470702002093,4
190470702002094,4
190470702002095,4
190470702002096,4
190470702002097,4
190470702002098,4
190470702002099,4
190470702002100,4
190470702002101,4
190470702002102,4
190470702002105,4
190470702002106,4
190470702002107,4
190470702002108,4
190470702002109,4
190470702002110,4
190470702002111,4
190470702002114,4
190470702002115,4
190470702002117,4
190470702002118,4
190470702002119,4
190470702002120,4
190470702002121,4
190470702002122,4
190470702002123,4
190470702002124,4
190470702002127,4
190470703002000,4
190470704011001,4
190470704011002,4
190470704011003,4
190470704011004,4
190470704011005,4
190470704011013,4
190470704012001,4
190470701001215,4
190470701001216,4
190470701001217,4
190470701001218,4
190470701001219,4
190470701001222,4
190470701001223,4
190470704012013,4
190470704012014,4
190470704012015,4
190470704012018,4
190470704022000,4
190470704022001,4
190470704022002,4
190470704022003,4
190470704022004,4
190470704022005,4
190470704022017,4
190470704022085,4
190470705001009,4
190470705001010,4
190470705001011,4
190470705001012,4
190470705001013,4
190470705001014,4
190470705001015,4
190470705001017,4
190470705001018,4
190470705001019,4
190470705001020,4
190470705001021,4
190470705001022,4
190470705001023,4
190470705001024,4
190470705001025,4
190470705001026,4
190470705001027,4
190470705001028,4
190470705001029,4
190470705001030,4
190470705001031,4
190470705001032,4
190470705001033,4
190470705001034,4
190470705001035,4
190470705001036,4
190470705001037,4
190470705001038,4
190470705001039,4
190470705001040,4
190470705001042,4
190470705001043,4
190470705001100,4
190470705001101,4
190470705001102,4
190470705001103,4
190470705001104,4
190470705001105,4
190470705001106,4
190470705001112,4
190470705001113,4
190470705001114,4
190470705001115,4
190470705001116,4
190470705001210,4
190470705001272,4
190470701002028,4
190470701002029,4
190470701002030,4
190470701002031,4
190470701002032,4
190470701002033,4
190470701002112,4
190470701002113,4
190470701002114,4
190470701002115,4
190470701002116,4
190470701002117,4
190470701002118,4
190470701002119,4
190470701002120,4
190470701002121,4
190470701002123,4
190470701002124,4
190470701002125,4
190470701002126,4
190470701002127,4
190470701002128,4
190470701002129,4
190470701002130,4
190470701002131,4
190470701002132,4
190470701002133,4
190470701002043,4
190470701002044,4
190470701002045,4
190470701002046,4
190470701002047,4
190470701002048,4
190470701002049,4
190470701002050,4
190470701002052,4
190470701002053,4
190470701002054,4
190470701002055,4
190470701002056,4
190470701002057,4
190470701002058,4
190470701002059,4
190470701002060,4
190470701002061,4
190470701002062,4
190470701002063,4
190470701002064,4
190470701002065,4
190470701002066,4
190470701002067,4
190470701002068,4
190470701002069,4
190470701002070,4
190470701002071,4
190470701002072,4
190470701002073,4
190470701002074,4
190470701002079,4
190470701002080,4
190470701002096,4
190470701002097,4
190470701002098,4
190470701002099,4
190470701002100,4
190470701002101,4
190470701002102,4
190470701002103,4
190470701002104,4
190470701002105,4
190470701002106,4
190470701002138,4
190470701002086,4
190470701002087,4
190470701002088,4
190470701002089,4
190470701002090,4
190470701002091,4
190470701002092,4
190470701002093,4
190470701002107,4
190470701002108,4
190470701002109,4
190470701002134,4
190470701002135,4
190470701002136,4
190470701002137,4
190470701002139,4
190470701002140,4
190470701002141,4
190470705001000,4
190470705001001,4
190470705001002,4
190470705001003,4
190470705001004,4
190470705001005,4
190470705001006,4
190470705001007,4
190470705001008,4
190470705001117,4
190470705001118,4
190470705001119,4
190470705001120,4
190470705001128,4
190470705001129,4
190470705001131,4
190470705001132,4
190470705001133,4
190470705001134,4
190470705001135,4
190470705001136,4
190470705001137,4
190470705001141,4
190470705001142,4
190470705001143,4
190470705001144,4
190470705001145,4
190470705001146,4
190470705001151,4
190470702001000,4
190470702001017,4
190470702001018,4
190470702001086,4
190470702001087,4
190470702002004,4
190470702002006,4
190470702002007,4
190470702002008,4
190470702002009,4
190470702002010,4
190470702002013,4
190470702002014,4
190470702002015,4
190470702002016,4
190470702002017,4
190470702002018,4
190470702002019,4
190470702002020,4
190470702002021,4
190470702002022,4
190470702002023,4
190470702002024,4
190470702002025,4
190470702002026,4
190470702002047,4
190470702002052,4
190470702002053,4
190470702002054,4
190470702002055,4
190470702002056,4
190470702002057,4
190470702002058,4
190470702002059,4
190470702002060,4
190470702002061,4
190470702002062,4
190470702002063,4
190470702002064,4
190470702002065,4
190470702002066,4
190470702002067,4
190470702002068,4
190470702002069,4
190470702002070,4
190470702002071,4
190470702002072,4
190470702002073,4
190470702002074,4
190470702002075,4
190470702002076,4
190470702002077,4
190470702002078,4
190470702002086,4
190470702002087,4
190470702002089,4
190470702002090,4
190470702001001,4
190470702001067,4
190470702001068,4
190470702001069,4
190470702001070,4
190470702002011,4
190470702002012,4
190470702002079,4
190470702002080,4
190470702003000,4
190470702003001,4
190470702003002,4
190470702003003,4
190470702003004,4
190470702003032,4
190470702003033,4
190470702003034,4
190470702003035,4
190470702003036,4
190470702003037,4
190470702003038,4
190470702003039,4
190470702003053,4
190470702003056,4
190470702003057,4
190470702003058,4
190470702003059,4
190470702003060,4
190470702003061,4
190470702003062,4
190470702003063,4
190470702003064,4
190470702003065,4
190470702003066,4
190470702003067,4
190470702003068,4
190470702003069,4
190470702003070,4
190470702003071,4
190470702003087,4
190470702003088,4
190470702003089,4
190470702003090,4
190470702003091,4
190470702003092,4
190470702003093,4
190470702003094,4
190470702003141,4
190470702003142,4
190470702003143,4
190470702003144,4
190470702003145,4
190470702003146,4
190470702003147,4
190470702003148,4
190470702003149,4
190470702003170,4
190470702001002,4
190470702001003,4
190470702001004,4
190470702001005,4
190470702001006,4
190470702001007,4
190470702001008,4
190470702001009,4
190470702001010,4
190470702001011,4
190470702001012,4
190470702001013,4
190470702001014,4
190470702001015,4
190470702001016,4
190470702001019,4
190470702001020,4
190470702001021,4
190470702001022,4
190470702001023,4
190470702001024,4
190470702001025,4
190470702001026,4
190470702001027,4
190470702001028,4
190470702001029,4
190470702001030,4
190470702001031,4
190470702001032,4
190470702001033,4
190470702001034,4
190470702001035,4
190470702001036,4
190470702001037,4
190470702001038,4
190470702001039,4
190470702001040,4
190470702001041,4
190470702001042,4
190470702001043,4
190470702001044,4
190470702001045,4
190470702001046,4
190470702001047,4
190470702001048,4
190470702001049,4
190470702001050,4
190470702001051,4
190470702001052,4
190470702001053,4
190470702001054,4
190470702001055,4
190470702001056,4
190470702001057,4
190470702001058,4
190470702001059,4
190470702001060,4
190470702001061,4
190470702001062,4
190470702001063,4
190470702001064,4
190470702001065,4
190470702001066,4
190470702001071,4
190470702001072,4
190470702001073,4
190470702001074,4
190470702001075,4
190470702001076,4
190470702001077,4
190470702001078,4
190470702001079,4
190470702001080,4
190470702001081,4
190470702001082,4
190470702001083,4
190470702001084,4
190470702001085,4
190470702001088,4
190470702001089,4
190470702002005,4
190470702002027,4
190470702002028,4
190470702002029,4
190470702002030,4
190470702002031,4
190470702002032,4
190470702002033,4
190470702002034,4
190470702002035,4
190470702002036,4
190470702002037,4
190470702002038,4
190470702002039,4
190470702002040,4
190470702002041,4
190470702002042,4
190470702002043,4
190470702002044,4
190470702002045,4
190470702002046,4
190470702002048,4
190470702002049,4
190470702002050,4
190470702002051,4
190470702002081,4
190470702002082,4
190470702002103,4
190470702002104,4
190470702002112,4
190470702002113,4
190470702002116,4
190470702003140,4
190470702003157,4
190470702003158,4
190470702003159,4
190470702003160,4
190470702003161,4
190470702003162,4
190470702003163,4
190470702003164,4
190470702003165,4
190470702003166,4
190470702003167,4
190470702003168,4
190470702003169,4
190470702003171,4
190470702003172,4
190470702003173,4
190470702003174,4
190470702003175,4
190470702003176,4
190470702003177,4
190470702003178,4
190470702003179,4
190470702003180,4
190470702003181,4
190470702003182,4
190470702003183,4
190470702003184,4
190470702003185,4
190470702003186,4
190470702003187,4
190470702003188,4
190470702003189,4
190470702003190,4
190470702003191,4
190470702003192,4
190470702003193,4
190470702003194,4
190470702003195,4
190470702003196,4
190470703001000,4
190470703001017,4
190470703001018,4
190470703001019,4
190470703001086,4
190470703001087,4
190470703001088,4
190470703001090,4
190470703001091,4
190470703002001,4
190470703002006,4
190470703002007,4
190470703002008,4
190470702003005,4
190470702003006,4
190470702003007,4
190470702003008,4
190470702003009,4
190470702003010,4
190470702003011,4
190470702003012,4
190470702003013,4
190470702003014,4
190470702003015,4
190470702003016,4
190470702003017,4
190470702003018,4
190470702003019,4
190470702003020,4
190470702003021,4
190470702003022,4
190470702003023,4
190470702003024,4
190470702003025,4
190470702003026,4
190470702003027,4
190470702003028,4
190470702003029,4
190470702003030,4
190470702003031,4
190470702003040,4
190470702003041,4
190470702003042,4
190470702003043,4
190470702003044,4
190470702003045,4
190470702003046,4
190470702003047,4
190470702003048,4
190470702003049,4
190470702003050,4
190470702003051,4
190470702003052,4
190470702003054,4
190470702003055,4
190470702003072,4
190470702003073,4
190470702003074,4
190470702003075,4
190470702003076,4
190470702003077,4
190470702003078,4
190470702003079,4
190470702003080,4
190470702003081,4
190470702003082,4
190470702003083,4
190470702003084,4
190470702003085,4
190470702003086,4
190470702003095,4
190470702003096,4
190470702003097,4
190470702003099,4
190470702003100,4
190470702003101,4
190470702003102,4
190470702003103,4
190470702003104,4
190470702003105,4
190470702003106,4
190470702003107,4
190470702003108,4
190470702003109,4
190470702003110,4
190470702003111,4
190470702003112,4
190470702003113,4
190470702003114,4
190470702003115,4
190470702003116,4
190470702003117,4
190470702003118,4
190470702003125,4
190470702003126,4
190470702003127,4
190470702003133,4
190470702003134,4
190470702003137,4
190470702003098,4
190470702003119,4
190470702003120,4
190470702003121,4
190470702003122,4
190470702003123,4
190470702003124,4
190470702003138,4
190470702003153,4
190470702003154,4
190470702003155,4
190470702003156,4
190470702003197,4
190470702003198,4
190470702003128,4
190470702003129,4
190470702003130,4
190470702003131,4
190470702003132,4
190470702003135,4
190470702003136,4
190470702003139,4
190470702003150,4
190470702003151,4
190470702003152,4
190470703001001,4
190470703001002,4
190470703001003,4
190470703001004,4
190470703001005,4
190470703001006,4
190470703001007,4
190470703001008,4
190470703001009,4
190470703001010,4
190470703001011,4
190470703001012,4
190470703001013,4
190470703001014,4
190470703001015,4
190470703001016,4
190470703001020,4
190470703001021,4
190470703001022,4
190470703001023,4
190470703001024,4
190470703001025,4
190470703001026,4
190470703001027,4
190470703001028,4
190470703001029,4
190470703001030,4
190470703001031,4
190470703001032,4
190470703001033,4
190470703001034,4
190470703001035,4
190470703001036,4
190470703001037,4
190470703001038,4
190470703001039,4
190470703001040,4
190470703001041,4
190470703001042,4
190470703001043,4
190470703001044,4
190470703001045,4
190470703001046,4
190470703001047,4
190470703001048,4
190470703001049,4
190470703001050,4
190470703001051,4
190470703001052,4
190470703001053,4
190470703001054,4
190470703001055,4
190470703001056,4
190470703001057,4
190470703001058,4
190470703001059,4
190470703001060,4
190470703001061,4
190470703001062,4
190470703001063,4
190470703001064,4
190470703001065,4
190470703001066,4
190470703001067,4
190470703001068,4
190470703001069,4
190470703001070,4
190470703001071,4
190470703001072,4
190470703001073,4
190470703001074,4
190470703001075,4
190470703001076,4
190470703001077,4
190470703001078,4
190470703001079,4
190470703001080,4
190470703001081,4
190470703001082,4
190470703001083,4
190470703001084,4
190470703001085,4
190470703001089,4
190470703001092,4
190470703001093,4
190470703001094,4
190470703001095,4
190470703001096,4
190470703001097,4
190470703001098,4
190470703002043,4
190470703002044,4
190470703002045,4
190470703002046,4
190470703002047,4
190470703002048,4
190470703002049,4
190470703002050,4
190470703002051,4
190470703002052,4
190470703002066,4
190470703002262,4
190470703002002,4
190470703002003,4
190470703002004,4
190470703002005,4
190470703002009,4
190470703002028,4
190470703002029,4
190470703002030,4
190470703002031,4
190470703002032,4
190470703002033,4
190470703002034,4
190470703002035,4
190470703002036,4
190470703002037,4
190470703002038,4
190470703002057,4
190470703002058,4
190470703002059,4
190470703002060,4
190470703002070,4
190470703002071,4
190470703002079,4
190470703002080,4
190470703002081,4
190470703002082,4
190470703002083,4
190470703002084,4
190470703002085,4
190470703002086,4
190470703002087,4
190470703002088,4
190470703002089,4
190470703002090,4
190470703002091,4
190470703002092,4
190470703002132,4
190470703002133,4
190470703002134,4
190470703002143,4
190470703002144,4
190470703002146,4
190470703002147,4
190470703002148,4
190470703002149,4
190470703002150,4
190470703002151,4
190470703002152,4
190470703002153,4
190470703002154,4
190470703002155,4
190470703002163,4
190470703002164,4
190470703002179,4
190470703002180,4
190470703002181,4
190470703002187,4
190470703002189,4
190470703002240,4
190470703002261,4
190470703002263,4
190470703002264,4
190470703002010,4
190470703002011,4
190470703002012,4
190470703002013,4
190470703002014,4
190470703002015,4
190470703002016,4
190470703002017,4
190470703002018,4
190470703002019,4
190470703002020,4
190470703002021,4
190470703002022,4
190470703002023,4
190470703002024,4
190470703002025,4
190470703002026,4
190470703002027,4
190470703002156,4
190470703002157,4
190470703002158,4
190470703002159,4
190470703002160,4
190470703002161,4
190470703002162,4
190470703002165,4
190470703002166,4
190470703002167,4
190470703002168,4
190470703002169,4
190470703002170,4
190470703002171,4
190470703002172,4
190470703002173,4
190470703002174,4
190470703002175,4
190470703002176,4
190470704011006,4
190470704011007,4
190470704022006,4
190470704022007,4
190470704022008,4
190470704022015,4
190470704022016,4
190470704022018,4
190470704022019,4
190470704022020,4
190470704022029,4
190470704022030,4
190470704022031,4
190470704022033,4
190470704022039,4
190470704022040,4
190470704022041,4
190470704022048,4
190470704022049,4
190470704022057,4
190470704022058,4
190470704022059,4
190470704022060,4
190470704022062,4
190470704022067,4
190470704022068,4
190470704022069,4
190470704022070,4
190470704022071,4
190470704022084,4
190470705001041,4
190470705001044,4
190470705001045,4
190470705001046,4
190470705001047,4
190470705001048,4
190470705001049,4
190470705001050,4
190470705001051,4
190470705001052,4
190470705001053,4
190470705001054,4
190470705001055,4
190470705001056,4
190470705001057,4
190470705001058,4
190470705001059,4
190470705001065,4
190470705001066,4
190470705001067,4
190470705001068,4
190470705001069,4
190470705001074,4
190470705001075,4
190470705001087,4
190470705001088,4
190470705001274,4
190470705001275,4
190470703002039,4
190470703002040,4
190470703002041,4
190470703002042,4
190470703002053,4
190470703002054,4
190470703002055,4
190470703002056,4
190470703002061,4
190470703002062,4
190470703002063,4
190470703002064,4
190470703002065,4
190470703002067,4
190470703002068,4
190470703002069,4
190470703002072,4
190470703002073,4
190470703002074,4
190470703002075,4
190470703002076,4
190470703002077,4
190470703002078,4
190470703002093,4
190470703002094,4
190470703002095,4
190470703002096,4
190470703002097,4
190470703002098,4
190470703002099,4
190470703002100,4
190470703002101,4
190470703002102,4
190470703002103,4
190470703002104,4
190470703002105,4
190470703002106,4
190470703002107,4
190470703002108,4
190470703002109,4
190470703002110,4
190470703002128,4
190470703002129,4
190470703002130,4
190470703002131,4
190470703002265,4
190470703002111,4
190470703002112,4
190470703002113,4
190470703002114,4
190470703002115,4
190470703002116,4
190470703002117,4
190470703002118,4
190470703002119,4
190470703002120,4
190470703002121,4
190470703002122,4
190470703002123,4
190470703002124,4
190470703002125,4
190470703002126,4
190470703002127,4
190470703002137,4
190470703002138,4
190470703002139,4
190470703002230,4
190470703002231,4
190470703002232,4
190470703002233,4
190470703002234,4
190470703002235,4
190470703002236,4
190470703002237,4
190470703002241,4
190470703002242,4
190470703002243,4
190470703002244,4
190470703002245,4
190470703002246,4
190470703002247,4
190470703002248,4
190470703002249,4
190470703002250,4
190470703002251,4
190470703002252,4
190470703002253,4
190470703002254,4
190470703002255,4
190470703002256,4
190470703002257,4
190470703002258,4
190470703002259,4
190470703002260,4
190470703002266,4
190470703003055,4
190470703003056,4
190470703003057,4
190470703003058,4
190470703002135,4
190470703002136,4
190470703002140,4
190470703002141,4
190470703002142,4
190470703002145,4
190470703002190,4
190470703002191,4
190470703002192,4
190470703002203,4
190470703002211,4
190470703002212,4
190470703002214,4
190470703002215,4
190470703002216,4
190470703002217,4
190470703002218,4
190470703002219,4
190470703002223,4
190470703002224,4
190470703002225,4
190470703002226,4
190470703002227,4
190470703002228,4
190470703002229,4
190470703002238,4
190470703002239,4
190470703003000,4
190470703003001,4
190470703003002,4
190470703003003,4
190470703003004,4
190470703003005,4
190470703003006,4
190470703003007,4
190470703003008,4
190470703003009,4
190470703003010,4
190470703003011,4
190470703003012,4
190470703003013,4
190470703003014,4
190470703003015,4
190470703003016,4
190470703003017,4
190470703003018,4
190470703003019,4
190470703003020,4
190470703003021,4
190470703003022,4
190470703003023,4
190470703003024,4
190470703003025,4
190470703003026,4
190470703003027,4
190470703003028,4
190470703003029,4
190470703003030,4
190470703003031,4
190470703003032,4
190470703003033,4
190470703003034,4
190470703003035,4
190470703003036,4
190470703003037,4
190470703003038,4
190470703003039,4
190470703003040,4
190470703003041,4
190470703003042,4
190470703003043,4
190470703003044,4
190470703003045,4
190470703003046,4
190470703003047,4
190470703003048,4
190470703003049,4
190470703003050,4
190470703003051,4
190470703003052,4
190470703003053,4
190470703003054,4
190470703003060,4
190470703003061,4
190470703003062,4
190470703003063,4
190470703003064,4
190470703003065,4
190470703003066,4
190470703003067,4
190470703003068,4
190470703003069,4
190470703003072,4
190470703003073,4
190470703003074,4
190470703003076,4
190470703003077,4
190470703003078,4
190470703003079,4
190470703003080,4
190470703003081,4
190470703003082,4
190470703002177,4
190470703002178,4
190470703002182,4
190470703002183,4
190470703002184,4
190470703002185,4
190470703002186,4
190470703002188,4
190470703002193,4
190470703002194,4
190470703002195,4
190470703002196,4
190470703002197,4
190470703002198,4
190470703002199,4
190470703002200,4
190470703002201,4
190470703002202,4
190470703002204,4
190470703002205,4
190470703002206,4
190470703002207,4
190470703002208,4
190470703002209,4
190470703002210,4
190470703002213,4
190470703002220,4
190470703002221,4
190470703002222,4
190470703003070,4
190470703003071,4
190470703003075,4
190470705001060,4
190470705001061,4
190470705001062,4
190470705001063,4
190470705001064,4
190470705001070,4
190470705001071,4
190470705001072,4
190470705001073,4
190470705001076,4
190470705001077,4
190470705001078,4
190470705001079,4
190470705001080,4
190470705001081,4
190470705001082,4
190470705001083,4
190470705001084,4
190470705001085,4
190470705001086,4
190470705001089,4
190470705001214,4
190470705001215,4
190470705001216,4
190470705001217,4
190470705001218,4
190470705001219,4
190470705001220,4
190470705001221,4
190470705001222,4
190470705001223,4
190470705001224,4
190470705001225,4
190470705001226,4
190470705001227,4
190470705001228,4
190470705001229,4
190470705001230,4
190470705001231,4
190470705001232,4
190470705001233,4
190470705001234,4
190470705001235,4
190470705001236,4
190470705001237,4
190470705001238,4
190470705001239,4
190470705001240,4
190470705001241,4
190470705001242,4
190470705001243,4
190470705001244,4
190470705001245,4
190470705001246,4
190470705001247,4
190470705001248,4
190470705001249,4
190470705001250,4
190470705001251,4
190470705001252,4
190470705001253,4
190470705001254,4
190470705001255,4
190470705001256,4
190470705001257,4
190470705001258,4
190470705001259,4
190470705001264,4
190470705001265,4
190470705001266,4
190470705001267,4
190470705001269,4
190470705001270,4
190470705001273,4
190470703003059,4
190470704011008,4
190470704011009,4
190470704011010,4
190470704011011,4
190470704011012,4
190470704011014,4
190470704011015,4
190470704011016,4
190470704011017,4
190470704011018,4
190470704011019,4
190470704011020,4
190470704011021,4
190470704011022,4
190470704011023,4
190470704011024,4
190470704011025,4
190470704011026,4
190470704011027,4
190470704011028,4
190470704011029,4
190470704011030,4
190470704011031,4
190470704011032,4
190470704011033,4
190470704011034,4
190470704011035,4
190470704011036,4
190470704012002,4
190470704012003,4
190470704012004,4
190470704012005,4
190470704012006,4
190470704012007,4
190470704012008,4
190470704012009,4
190470704012010,4
190470704012011,4
190470704012012,4
190470704012016,4
190470704012017,4
190470704012019,4
190470704012020,4
190470704012021,4
190470704012022,4
190470704012023,4
190470704012024,4
190470704012025,4
190470704012026,4
190470704012027,4
190470704012028,4
190470704012029,4
190470704012030,4
190470704012031,4
190470704012032,4
190470704012033,4
190470704012034,4
190470704012035,4
190470704012036,4
190470704012037,4
190470704021000,4
190470704021001,4
190470704021002,4
190470704021003,4
190470704021004,4
190470704021005,4
190470704021006,4
190470704021007,4
190470704021008,4
190470704021009,4
190470704021010,4
190470704021011,4
190470704021012,4
190470704021013,4
190470704021014,4
190470704021015,4
190470704021016,4
190470704021017,4
190470704021018,4
190470704021019,4
190470704021020,4
190470704021021,4
190470704021022,4
190470704021023,4
190470704021024,4
190470704021025,4
190470704021026,4
190470704021027,4
190470704021028,4
190470704021029,4
190470704021030,4
190470704021031,4
190470704021032,4
190470704021033,4
190470704021034,4
190470704021035,4
190470704021036,4
190470704021037,4
190470704022009,4
190470704022010,4
190470704022011,4
190470704022012,4
190470704022013,4
190470704022014,4
190470704022021,4
190470704022022,4
190470704022023,4
190470704022024,4
190470704022025,4
190470704022026,4
190470704022027,4
190470704022028,4
190470704022032,4
190470704022034,4
190470704022035,4
190470704022036,4
190470704022037,4
190470704022038,4
190470704022042,4
190470704022043,4
190470704022044,4
190470704022045,4
190470704022046,4
190470704022047,4
190470704022050,4
190470704022051,4
190470704022052,4
190470704022053,4
190470704022054,4
190470704022055,4
190470704022056,4
190470704022061,4
190470704022063,4
190470704022064,4
190470704022065,4
190470704022066,4
190470704022072,4
190470704022073,4
190470704022074,4
190470704022075,4
190470704022076,4
190470704022077,4
190470704022078,4
190470704022079,4
190470704022080,4
190470704022081,4
190470704022082,4
190470704022083,4
190470704022086,4
190470704022087,4
190470704022088,4
190470704022089,4
190470704022090,4
190470704022091,4
190470704023000,4
190470704023001,4
190470704023002,4
190470704023003,4
190470704023004,4
190470704023005,4
190470704023006,4
190470704023007,4
190470704023008,4
190470704023009,4
190470704023010,4
190470704023011,4
190470704023012,4
190470704023013,4
190470704023014,4
190470704023015,4
190470704023016,4
190470704023017,4
190470704023018,4
190470704023019,4
190470704023020,4
190470704023021,4
190470704023022,4
190470704023023,4
190470704023024,4
190470704023025,4
190470704023026,4
190470704023027,4
190470704023028,4
190470704023029,4
190470704023030,4
190470704023031,4
190470704023032,4
190470704023033,4
190470704023034,4
190470704023035,4
190470704023036,4
190470704023037,4
190470704023038,4
190470704023039,4
190470704023040,4
190470704023041,4
190470704023042,4
190470704023043,4
190470704023044,4
190470704023045,4
190470704023046,4
190470704023047,4
190470704024000,4
190470704024001,4
190470704024002,4
190470704024003,4
190470704024004,4
190470704024005,4
190470704024006,4
190470704024007,4
190470704024008,4
190470704024009,4
190470704024010,4
190470704024011,4
190470704024012,4
190470704024013,4
190470704024014,4
190470704024015,4
190470704024016,4
190470704024017,4
190470704024018,4
190470704024019,4
190470704024020,4
190470704024021,4
190470704024022,4
190470704024023,4
190470704024024,4
190470704024025,4
190470704024026,4
190470704024027,4
190470704024028,4
190470704024029,4
190470704024030,4
190470704024031,4
190470704024032,4
190470704024033,4
190470704024034,4
190470704024035,4
190470704024036,4
190470704024037,4
190470704024038,4
190470704024039,4
190470704024040,4
190470704024041,4
190470704024042,4
190470704025000,4
190470704025001,4
190470704025002,4
190470704025003,4
190470704025004,4
190470704025005,4
190470704025006,4
190470704025007,4
190470704025008,4
190470704025009,4
190470704025010,4
190470704025011,4
190470704025012,4
190470704025013,4
190470704025014,4
190470704025015,4
190470704025016,4
190470704025017,4
190470704025018,4
190470704025019,4
190470704025020,4
190470704025021,4
190470704025022,4
190470704025023,4
190470704025024,4
190470704025025,4
190470704025026,4
190470704025027,4
190470704025028,4
190470704025029,4
190470704025030,4
190470704025031,4
190470704025032,4
190470704025033,4
190470704025034,4
190470704025035,4
190470704025036,4
190470704025037,4
190470704025038,4
190470704025039,4
190470704025040,4
190470704025041,4
190470704025042,4
190470704025043,4
190470704025044,4
190470704025045,4
190470704025046,4
190470704025047,4
190470704025048,4
190470704025049,4
190470704025050,4
190470705001090,4
190470705001091,4
190470705001092,4
190470705001093,4
190470705001094,4
190470705001095,4
190470705001096,4
190470705001097,4
190470705001098,4
190470705001099,4
190470705001107,4
190470705001108,4
190470705001109,4
190470705001110,4
190470705001111,4
190470705001121,4
190470705001122,4
190470705001123,4
190470705001124,4
190470705001125,4
190470705001126,4
190470705001140,4
190470705001175,4
190470705001176,4
190470705001177,4
190470705001178,4
190470705001179,4
190470705001180,4
190470705001181,4
190470705001182,4
190470705001183,4
190470705001209,4
190470705001213,4
190470705001260,4
190470705001261,4
190470705001262,4
190470705001263,4
190470705001271,4
190470705002000,4
190470705002001,4
190470705002002,4
190470705002003,4
190470705002004,4
190470705002005,4
190470705002006,4
190470705002007,4
190470705002008,4
190470705002009,4
190470705002010,4
190470705002011,4
190470705002012,4
190470705002013,4
190470705002014,4
190470705002015,4
190470705002016,4
190470705002017,4
190470705002018,4
190470705002019,4
190470705002020,4
190470705002021,4
190470705002022,4
190470705002023,4
190470705002024,4
190470705002025,4
190470705002026,4
190470705002027,4
190470705002028,4
190470705002029,4
190470705002030,4
190470705002031,4
190470705002032,4
190470705002033,4
190470705002034,4
190470705002035,4
190470705002036,4
190470705002037,4
190470705002038,4
190470705002039,4
190470705002040,4
190470705002041,4
190470705002042,4
190470705002043,4
190470705002044,4
190470705002045,4
190470705002046,4
190470705002047,4
190470705002048,4
190470705002049,4
190470705002050,4
190470705002051,4
190470705002052,4
190470705002053,4
190470705002054,4
190470705002055,4
190470705002056,4
190470705002057,4
190470705002058,4
190470705002059,4
190470705002060,4
190470705002061,4
190470705002062,4
190470705002063,4
190470705002064,4
190470705002065,4
190470705002066,4
190470705002067,4
190470705002068,4
190470705002069,4
190470705002070,4
190470705002071,4
190470705002072,4
190470705002073,4
190470705002074,4
190470705002075,4
190470705002076,4
190470705002077,4
190470705002078,4
190470705002079,4
190470705002080,4
190470705002081,4
190470705002082,4
190470705002083,4
190470705002084,4
190470705002085,4
190470705002086,4
190470705002087,4
190470705002088,4
190470705002089,4
190470705002090,4
190470705002091,4
190470705002092,4
190470705002093,4
190470705002094,4
190470705002095,4
190470705002096,4
190470705002097,4
190470705002098,4
190470705002099,4
190470705002100,4
190470705002101,4
190470705002102,4
190470705002103,4
190470705002104,4
190470705001127,4
190470705001130,4
190470705001138,4
190470705001139,4
190470705001147,4
190470705001148,4
190470705001149,4
190470705001150,4
190470705001152,4
190470705001153,4
190470705001154,4
190470705001155,4
190470705001156,4
190470705001157,4
190470705001158,4
190470705001159,4
190470705001160,4
190470705001161,4
190470705001162,4
190470705001163,4
190470705001164,4
190470705001165,4
190470705001166,4
190470705001167,4
190470705001168,4
190470705001169,4
190470705001170,4
190470705001171,4
190470705001172,4
190470705001173,4
190470705001174,4
190470705001184,4
190470705001185,4
190470705001186,4
190470705001187,4
190470705001188,4
190470705001189,4
190470705001190,4
190470705001191,4
190470705001192,4
190470705001193,4
190470705001194,4
190470705001195,4
190470705001196,4
190470705001197,4
190470705001198,4
190470705001199,4
190470705001200,4
190470705001201,4
190470705001202,4
190470705001203,4
190470705001204,4
190470705001205,4
190470705001206,4
190470705001207,4
190470705001208,4
190470705001211,4
190470705001212,4
190470705001268,4
190490501001000,3
190490501001001,3
190490501001002,3
190490501001003,3
190490501001004,3
190490501001005,3
190490501001006,3
190490501001007,3
190490501001008,3
190490501001009,3
190490501001010,3
190490501001011,3
190490501001012,3
190490501001013,3
190490501001014,3
190490501001015,3
190490501001016,3
190490501001017,3
190490501001018,3
190490501001019,3
190490501001020,3
190490501001021,3
190490501001022,3
190490501001027,3
190490501001028,3
190490501001032,3
190490501001034,3
190490501001035,3
190490501001036,3
190490501001037,3
190490501001038,3
190490501001039,3
190490501001040,3
190490501001041,3
190490501001042,3
190490501001043,3
190490501001044,3
190490501001056,3
190490501001057,3
190490501001058,3
190490501001059,3
190490501001060,3
190490501001061,3
190490501001062,3
190490501001063,3
190490501001066,3
190490501001067,3
190490501001068,3
190490501001069,3
190490501001070,3
190490501001096,3
190490501003000,3
190490501003013,3
190490501001023,3
190490501001024,3
190490501001025,3
190490501001026,3
190490501001029,3
190490501001030,3
190490501001031,3
190490501001033,3
190490501003001,3
190490501003002,3
190490501003003,3
190490501003004,3
190490501003005,3
190490501003006,3
190490501003007,3
190490501003008,3
190490501003009,3
190490501003010,3
190490501003011,3
190490501003012,3
190490501003014,3
190490501003015,3
190490501003016,3
190490501003017,3
190490501003018,3
190490501003019,3
190490501003020,3
190490501003021,3
190490501003022,3
190490501003023,3
190490501003024,3
190490501003025,3
190490501003026,3
190490501003027,3
190490501003028,3
190490501003029,3
190490501003030,3
190490501003031,3
190490501003032,3
190490501003033,3
190490501003034,3
190490501003035,3
190490501003036,3
190490501003037,3
190490501003038,3
190490501003039,3
190490501003040,3
190490501003041,3
190490501003042,3
190490501003043,3
190490501003044,3
190490501003045,3
190490501003046,3
190490501003047,3
190490501003048,3
190490501003049,3
190490501003050,3
190490501003051,3
190490501003052,3
190490501003053,3
190490501003054,3
190490501003055,3
190490501003056,3
190490501003057,3
190490501003058,3
190490501003059,3
190490501003060,3
190490501003061,3
190490501003062,3
190490501003063,3
190490501003064,3
190490501003065,3
190490501003066,3
190490501003067,3
190490501003068,3
190490501003069,3
190490501003070,3
190490501003071,3
190490501003072,3
190490501003073,3
190490501003074,3
190490501003075,3
190490501001045,3
190490501001046,3
190490501001047,3
190490501001048,3
190490501001049,3
190490501001050,3
190490501001077,3
190490501001078,3
190490501001079,3
190490501001080,3
190490501001081,3
190490501001086,3
190490501001087,3
190490501001088,3
190490501001089,3
190490501001090,3
190490501001095,3
190490501001097,3
190490501002000,3
190490501002001,3
190490501002002,3
190490501002003,3
190490501002004,3
190490501002005,3
190490501002006,3
190490501002007,3
190490501002008,3
190490501002010,3
190490501002012,3
190490501002013,3
190490501002014,3
190490501002015,3
190490501002016,3
190490501002017,3
190490501002018,3
190490501002022,3
190490501002049,3
190490501001051,3
190490501001052,3
190490501001053,3
190490501001054,3
190490501001055,3
190490501001064,3
190490501001065,3
190490501001073,3
190490501001074,3
190490501001075,3
190490501001076,3
190490501001082,3
190490501001083,3
190490501001084,3
190490501001085,3
190490501001091,3
190490501001092,3
190490501001093,3
190490501001094,3
190490501002009,3
190490501002011,3
190490501002019,3
190490501002020,3
190490501002021,3
190490501002023,3
190490501002024,3
190490501002025,3
190490501002026,3
190490501002027,3
190490501002028,3
190490501002029,3
190490501002030,3
190490501002031,3
190490501002032,3
190490501002033,3
190490501002034,3
190490501002035,3
190490501002036,3
190490501002037,3
190490501002038,3
190490501002039,3
190490501002040,3
190490501002041,3
190490501002042,3
190490501002043,3
190490501002044,3
190490501002045,3
190490501002046,3
190490501002047,3
190490501002048,3
190490501002050,3
190490501002051,3
190490501002052,3
190490501002053,3
190490501002054,3
190490501002055,3
190490501002124,3
190490501001071,3
190490501001072,3
190490502002000,3
190490502002001,3
190490502002002,3
190490502002003,3
190490502002004,3
190490502002005,3
190490502002006,3
190490502002007,3
190490502002008,3
190490502002012,3
190490502002013,3
190490502002014,3
190490502002015,3
190490502002016,3
190490502002017,3
190490502002018,3
190490502002019,3
190490502002020,3
190490502002021,3
190490502002022,3
190490502002023,3
190490502002024,3
190490502002025,3
190490502002030,3
190490502002031,3
190490502002032,3
190490502002033,3
190490502002034,3
190490502002035,3
190490502002036,3
190490502002037,3
190490502002038,3
190490502002039,3
190490502002040,3
190490502002041,3
190490502002042,3
190490502002043,3
190490502002044,3
190490502002045,3
190490502002046,3
190490502002047,3
190490502002048,3
190490502002049,3
190490502002050,3
190490502002051,3
190490502002052,3
190490502002053,3
190490502002054,3
190490502002055,3
190490502002056,3
190490502002057,3
190490502002058,3
190490502002059,3
190490502002060,3
190490502002061,3
190490502002062,3
190490502002063,3
190490502002064,3
190490502002067,3
190490502002068,3
190490502002069,3
190490502002070,3
190490502002071,3
190490502002072,3
190490502002074,3
190490502002087,3
190490502002088,3
190490502002161,3
190490502002163,3
190490502002164,3
190490502002165,3
190490502002166,3
190490502002167,3
190490502002168,3
190490502002169,3
190490502002170,3
190490502002176,3
190490502002177,3
190490501002056,3
190490501002057,3
190490501002058,3
190490501002059,3
190490501002060,3
190490501002061,3
190490501002062,3
190490501002063,3
190490501002064,3
190490501002065,3
190490501002066,3
190490501002067,3
190490501002068,3
190490501002069,3
190490501002070,3
190490501002071,3
190490501002072,3
190490501002073,3
190490501002074,3
190490501002075,3
190490501002076,3
190490501002083,3
190490501002084,3
190490501002095,3
190490501002096,3
190490501002103,3
190490501002104,3
190490501002105,3
190490509022000,3
190490509022001,3
190490509022002,3
190490509022003,3
190490509022004,3
190490509022005,3
190490509022006,3
190490509022009,3
190490509022030,3
190490501002077,3
190490501002078,3
190490501002079,3
190490501002080,3
190490501002081,3
190490501002082,3
190490501002085,3
190490501002086,3
190490501002087,3
190490501002088,3
190490501002089,3
190490501002090,3
190490501002091,3
190490501002092,3
190490501002093,3
190490501002094,3
190490501002097,3
190490501002098,3
190490501002099,3
190490501002100,3
190490501002101,3
190490501002102,3
190490501002106,3
190490501002107,3
190490501002108,3
190490501002109,3
190490501002110,3
190490501002111,3
190490501002112,3
190490501002113,3
190490501002114,3
190490501002115,3
190490501002116,3
190490501002117,3
190490501002118,3
190490501002119,3
190490501002120,3
190490501002121,3
190490501002122,3
190490501002123,3
190490501002125,3
190490501002126,3
190490501002127,3
190490501002128,3
190490501002129,3
190490501002130,3
190490501002131,3
190490508031000,3
190490508031001,3
190490508031002,3
190490508031003,3
190490508031004,3
190490508031005,3
190490508031006,3
190490508031007,3
190490508031008,3
190490508031018,3
190490508031019,3
190490508031028,3
190490508031029,3
190490508031030,3
190490508032000,3
190490508032001,3
190490508032002,3
190490508032003,3
190490508032061,3
190490508032062,3
190490508032063,3
190490508032064,3
190490508032065,3
190490508032066,3
190490508032067,3
190490508032068,3
190490508032073,3
190490508032074,3
190490508033000,3
190490508033001,3
190490508033002,3
190490508033003,3
190490508033004,3
190490508033005,3
190490508033006,3
190490508033007,3
190490508033008,3
190490508033009,3
190490508033010,3
190490508033011,3
190490508033012,3
190490508033013,3
190490508033014,3
190490508033015,3
190490508033016,3
190490508033017,3
190490508033018,3
190490508033019,3
190490508033020,3
190490508033021,3
190490508033022,3
190490508033023,3
190490508033024,3
190490508033025,3
190490508033026,3
190490508033027,3
190490508033028,3
190490508033029,3
190490508033030,3
190490508033031,3
190490508033032,3
190490508033033,3
190490508033034,3
190490508033035,3
190490508033036,3
190490508051000,3
190490508051001,3
190490508051002,3
190490508051003,3
190490508051004,3
190490508051005,3
190490508051006,3
190490508051007,3
190490508051008,3
190490508051009,3
190490508051010,3
190490508051011,3
190490508051012,3
190490508051013,3
190490508051014,3
190490508051015,3
190490508051016,3
190490508051024,3
190490508051025,3
190490508051030,3
190490508051031,3
190490508051032,3
190490508051037,3
190490508051038,3
190490508051041,3
190490508052000,3
190490508052001,3
190490508052002,3
190490508052003,3
190490508052004,3
190490508052005,3
190490508052006,3
190490508052007,3
190490508052008,3
190490508052009,3
190490508052010,3
190490508052011,3
190490508052012,3
190490508052013,3
190490508052014,3
190490508052015,3
190490508052016,3
190490508052017,3
190490502001000,3
190490502001039,3
190490502001040,3
190490502001041,3
190490502001042,3
190490502001043,3
190490502001044,3
190490502001045,3
190490502001046,3
190490502001047,3
190490502001048,3
190490502001049,3
190490502001073,3
190490502001074,3
190490502001075,3
190490502001076,3
190490502001077,3
190490502001078,3
190490502001079,3
190490502001080,3
190490502001081,3
190490502001082,3
190490502001083,3
190490502001084,3
190490502001085,3
190490502001086,3
190490502001087,3
190490502001088,3
190490502001089,3
190490502001094,3
190490502001096,3
190490505001247,3
190490505001248,3
190490505001249,3
190490505001250,3
190490505001251,3
190490505001252,3
190490505001253,3
190490505001254,3
190490505001255,3
190490505001256,3
190490505001257,3
190490505001258,3
190490507002000,3
190490507002001,3
190490507002002,3
190490507002003,3
190490507002004,3
190490507002005,3
190490507002006,3
190490507002009,3
190490507002012,3
190490507002028,3
190490507002032,3
190490507002036,3
190490502001001,3
190490502001002,3
190490502001003,3
190490502001004,3
190490502001005,3
190490502001006,3
190490502001007,3
190490502001008,3
190490502001009,3
190490502001010,3
190490502001011,3
190490502001012,3
190490502001013,3
190490502001014,3
190490502001015,3
190490502001016,3
190490502001017,3
190490502001018,3
190490502001019,3
190490502001020,3
190490502001021,3
190490502001022,3
190490502001023,3
190490502001024,3
190490502001025,3
190490502001026,3
190490502001027,3
190490502001028,3
190490502001029,3
190490502001030,3
190490502001031,3
190490502001032,3
190490502001033,3
190490502001034,3
190490502001035,3
190490502001036,3
190490502001037,3
190490502001038,3
190490502001050,3
190490502001051,3
190490502001052,3
190490502001053,3
190490502001054,3
190490502001055,3
190490502001056,3
190490502001057,3
190490502001058,3
190490502001059,3
190490502001060,3
190490502001061,3
190490502001062,3
190490502001063,3
190490502001064,3
190490502001065,3
190490502001066,3
190490502001067,3
190490502001068,3
190490502001069,3
190490502001070,3
190490502001071,3
190490502001072,3
190490502001093,3
190490502002143,3
190490502002153,3
190490502002160,3
190490502002178,3
190490502001090,3
190490502001091,3
190490502001092,3
190490502001097,3
190490507001000,3
190490507001001,3
190490507001002,3
190490507001003,3
190490507001004,3
190490507001005,3
190490507001006,3
190490507001007,3
190490507001008,3
190490507001009,3
190490507001010,3
190490507001011,3
190490507001012,3
190490507001013,3
190490507001014,3
190490507001015,3
190490507001016,3
190490507001017,3
190490507001018,3
190490507001019,3
190490507001020,3
190490507001021,3
190490507001022,3
190490507001023,3
190490507001024,3
190490507001026,3
190490507001029,3
190490507001031,3
190490507001032,3
190490507001033,3
190490507001034,3
190490507001035,3
190490507001036,3
190490507001037,3
190490507001038,3
190490507001039,3
190490507001040,3
190490507001041,3
190490507001042,3
190490507001046,3
190490507001047,3
190490507001048,3
190490507001049,3
190490507001051,3
190490507001052,3
190490507001055,3
190490507001056,3
190490507001057,3
190490507001058,3
190490507001059,3
190490507001060,3
190490507001061,3
190490507001062,3
190490507002013,3
190490507002014,3
190490507002015,3
190490507002016,3
190490507002017,3
190490507002018,3
190490507002019,3
190490507002020,3
190490507002021,3
190490507002022,3
190490507002023,3
190490507002024,3
190490507002025,3
190490507002026,3
190490507002027,3
190490507002029,3
190490507002030,3
190490507002031,3
190490507002033,3
190490507002034,3
190490507002035,3
190490507002037,3
190490507002038,3
190490507002039,3
190490507002040,3
190490507002041,3
190490507002042,3
190490507002043,3
190490507002044,3
190490507002045,3
190490507002046,3
190490507002047,3
190490507002048,3
190490507002049,3
190490507002050,3
190490507002051,3
190490507002052,3
190490507002053,3
190490507002054,3
190490507002055,3
190490507002056,3
190490507002057,3
190490507002058,3
190490507002059,3
190490507002060,3
190490507002061,3
190490507002062,3
190490507002063,3
190490507002064,3
190490507002065,3
190490507002066,3
190490507002067,3
190490507002068,3
190490507002069,3
190490507002070,3
190490507002071,3
190490507002072,3
190490507002073,3
190490507002074,3
190490507002075,3
190490507002076,3
190490507002077,3
190490507002078,3
190490507002079,3
190490507002080,3
190490507002081,3
190490507002082,3
190490507002083,3
190490507002084,3
190490507002085,3
190490507002086,3
190490509023003,3
190490509023004,3
190490509023005,3
190490509023006,3
190490509023007,3
190490509023008,3
190490509023009,3
190490509023011,3
190490509023012,3
190490509023013,3
190490502001095,3
190490508031014,3
190490508031015,3
190490508031041,3
190490508032013,3
190490508032014,3
190490508032015,3
190490508032016,3
190490508032017,3
190490508032018,3
190490508032019,3
190490508032020,3
190490508032021,3
190490508032022,3
190490508032023,3
190490508032024,3
190490508032025,3
190490508032026,3
190490508032027,3
190490508032028,3
190490508032029,3
190490508032030,3
190490508032031,3
190490508032032,3
190490508032033,3
190490508032034,3
190490508032035,3
190490508032036,3
190490508032037,3
190490508032038,3
190490508032039,3
190490508032040,3
190490508032041,3
190490508032042,3
190490508032043,3
190490508032044,3
190490508032045,3
190490508032046,3
190490508032047,3
190490508032048,3
190490508032049,3
190490508032071,3
190490508032072,3
190490508032075,3
190490508032076,3
190490508032077,3
190490508072001,3
190490508072002,3
190490508072003,3
190490508072004,3
190490508072005,3
190490508072006,3
190490508072008,3
190490508072009,3
190490508072011,3
190490508072013,3
190490508072014,3
190490508072029,3
190490509022007,3
190490509022008,3
190490509022010,3
190490509022011,3
190490509022012,3
190490509022013,3
190490509022014,3
190490509022015,3
190490509022016,3
190490509022017,3
190490509022018,3
190490509022020,3
190490509022028,3
190490509022029,3
190490509023000,3
190490509023001,3
190490509023002,3
190490502002009,3
190490502002010,3
190490502002011,3
190490502002026,3
190490502002027,3
190490502002028,3
190490502002029,3
190490502002065,3
190490502002066,3
190490502002089,3
190490502002090,3
190490502002172,3
190490502002173,3
190490502002174,3
190490502002175,3
190490503001000,3
190490503001001,3
190490503001002,3
190490503001003,3
190490503001004,3
190490503001005,3
190490503001006,3
190490503001007,3
190490503001008,3
190490503001009,3
190490503001010,3
190490503001011,3
190490503001012,3
190490503001013,3
190490503001014,3
190490503001015,3
190490503001016,3
190490503001017,3
190490503001018,3
190490503001019,3
190490503001020,3
190490503001021,3
190490503001022,3
190490503001023,3
190490503001024,3
190490503001025,3
190490503001026,3
190490503001027,3
190490503001028,3
190490503001029,3
190490503001030,3
190490503001031,3
190490503001032,3
190490503001033,3
190490503001034,3
190490503001035,3
190490503001036,3
190490503001037,3
190490503001038,3
190490503001039,3
190490503001040,3
190490503001041,3
190490503001042,3
190490503001043,3
190490503001044,3
190490503001045,3
190490503001046,3
190490503002000,3
190490503002001,3
190490503002002,3
190490503002003,3
190490503002004,3
190490503002005,3
190490503002006,3
190490503002007,3
190490503002008,3
190490503002009,3
190490503002010,3
190490503002011,3
190490503002012,3
190490503002013,3
190490503002014,3
190490503002015,3
190490503002016,3
190490503002017,3
190490503002018,3
190490503002019,3
190490503002020,3
190490503002021,3
190490503002022,3
190490503002023,3
190490503002024,3
190490503002025,3
190490503002026,3
190490503002027,3
190490503002028,3
190490503002029,3
190490503002030,3
190490503002031,3
190490503002032,3
190490503002033,3
190490503002034,3
190490503002035,3
190490503002036,3
190490503002037,3
190490503002038,3
190490503002039,3
190490503002040,3
190490503002041,3
190490503002042,3
190490503002043,3
190490503002044,3
190490503002045,3
190490503002046,3
190490503002047,3
190490503002048,3
190490503002049,3
190490503002050,3
190490503002051,3
190490503002052,3
190490503002053,3
190490503002054,3
190490503002055,3
190490503002056,3
190490503002057,3
190490503002058,3
190490503002059,3
190490503002060,3
190490503002061,3
190490503002062,3
190490503002063,3
190490503002064,3
190490504001000,3
190490504001001,3
190490504001002,3
190490504001003,3
190490504001004,3
190490504001005,3
190490504001006,3
190490504001007,3
190490504001008,3
190490504001009,3
190490504001010,3
190490504001011,3
190490504001012,3
190490504001013,3
190490504001014,3
190490504001015,3
190490504001016,3
190490504001017,3
190490504001018,3
190490504001019,3
190490504001020,3
190490504001021,3
190490504001022,3
190490504001023,3
190490504001024,3
190490504001025,3
190490504001026,3
190490504001027,3
190490504001028,3
190490504001029,3
190490504001030,3
190490504001031,3
190490504001032,3
190490504001033,3
190490504001034,3
190490504001035,3
190490504001036,3
190490504001037,3
190490504001038,3
190490504001039,3
190490504001040,3
190490504001041,3
190490504001042,3
190490504001043,3
190490504001044,3
190490504001045,3
190490504001046,3
190490504001047,3
190490504001048,3
190490504001049,3
190490504001050,3
190490504001051,3
190490504001052,3
190490504001053,3
190490504001054,3
190490504001055,3
190490504001056,3
190490504001057,3
190490504001058,3
190490504001059,3
190490504001060,3
190490504001061,3
190490504001062,3
190490504001063,3
190490504001064,3
190490504001065,3
190490504001066,3
190490504002000,3
190490504002001,3
190490504002002,3
190490504002003,3
190490504002004,3
190490504002005,3
190490504002006,3
190490504002007,3
190490504002008,3
190490504002009,3
190490504002010,3
190490504002011,3
190490504002012,3
190490504002013,3
190490504002014,3
190490504002015,3
190490504002016,3
190490504002017,3
190490504002018,3
190490504002019,3
190490504002020,3
190490504002021,3
190490504002022,3
190490504002023,3
190490504002024,3
190490504002025,3
190490504002026,3
190490504002027,3
190490504002028,3
190490504002029,3
190490504002030,3
190490504002031,3
190490504002032,3
190490504002033,3
190490504002034,3
190490504002035,3
190490504002036,3
190490504002037,3
190490504002038,3
190490504002039,3
190490504002040,3
190490504002041,3
190490504002042,3
190490504002043,3
190490504002044,3
190490504002045,3
190490504002046,3
190490504002047,3
190490504002048,3
190490504002049,3
190490504002050,3
190490504002051,3
190490504002052,3
190490504002053,3
190490504002054,3
190490504002055,3
190490504002056,3
190490504002057,3
190490504002058,3
190490504002059,3
190490504002060,3
190490504002061,3
190490504002062,3
190490504002063,3
190490504002064,3
190490504002065,3
190490504002066,3
190490504002067,3
190490504002068,3
190490504002069,3
190490504002070,3
190490504002071,3
190490504002072,3
190490504002073,3
190490504002074,3
190490504002075,3
190490504002076,3
190490504002077,3
190490504002078,3
190490504002079,3
190490504002080,3
190490504002081,3
190490504002082,3
190490504002083,3
190490504002084,3
190490505001000,3
190490505001001,3
190490505001002,3
190490505001003,3
190490505001037,3
190490505001038,3
190490505001039,3
190490505001040,3
190490505001041,3
190490505001042,3
190490505001043,3
190490505001051,3
190490505001052,3
190490505001053,3
190490505001054,3
190490505001055,3
190490505001073,3
190490505001074,3
190490505001075,3
190490505001076,3
190490505001077,3
190490505001078,3
190490505001079,3
190490505001080,3
190490505001081,3
190490505001082,3
190490505001083,3
190490505001084,3
190490505001085,3
190490505001086,3
190490505001087,3
190490505001088,3
190490505001089,3
190490505001090,3
190490505001091,3
190490505001096,3
190490502002073,3
190490502002075,3
190490502002076,3
190490502002077,3
190490502002078,3
190490502002079,3
190490502002080,3
190490502002081,3
190490502002082,3
190490502002083,3
190490502002084,3
190490502002085,3
190490502002086,3
190490502002092,3
190490502002093,3
190490502002094,3
190490502002095,3
190490502002096,3
190490502002097,3
190490502002098,3
190490502002099,3
190490502002100,3
190490502002101,3
190490502002102,3
190490502002103,3
190490502002104,3
190490502002105,3
190490502002106,3
190490502002107,3
190490502002108,3
190490502002109,3
190490502002110,3
190490502002111,3
190490502002112,3
190490502002113,3
190490502002116,3
190490502002117,3
190490502002118,3
190490502002119,3
190490502002120,3
190490502002121,3
190490502002122,3
190490502002123,3
190490502002124,3
190490502002125,3
190490502002126,3
190490502002127,3
190490502002128,3
190490502002129,3
190490502002130,3
190490502002131,3
190490502002132,3
190490502002133,3
190490502002134,3
190490502002135,3
190490502002136,3
190490502002137,3
190490502002138,3
190490502002139,3
190490502002140,3
190490502002141,3
190490502002144,3
190490502002145,3
190490502002146,3
190490502002147,3
190490502002148,3
190490502002149,3
190490502002150,3
190490502002151,3
190490502002152,3
190490502002154,3
190490502002155,3
190490502002156,3
190490502002157,3
190490502002158,3
190490502002159,3
190490502002162,3
190490505001182,3
190490505001183,3
190490502002091,3
190490502002114,3
190490502002115,3
190490502002142,3
190490502002171,3
190490505001092,3
190490505001093,3
190490505001094,3
190490505001095,3
190490505001116,3
190490505001117,3
190490505001118,3
190490505001134,3
190490505001135,3
190490505001136,3
190490505001137,3
190490505001138,3
190490505001139,3
190490505001140,3
190490505001141,3
190490505001142,3
190490505001143,3
190490505001144,3
190490505001145,3
190490505001146,3
190490505001147,3
190490505001148,3
190490505001149,3
190490505001150,3
190490505001151,3
190490505001152,3
190490505001153,3
190490505001154,3
190490505001155,3
190490505001156,3
190490505001157,3
190490505001158,3
190490505001159,3
190490505001165,3
190490505001166,3
190490505001167,3
190490505001168,3
190490505001169,3
190490505001170,3
190490505001171,3
190490505001172,3
190490505001173,3
190490505001174,3
190490505001175,3
190490505001176,3
190490505001177,3
190490505001178,3
190490505001179,3
190490505001180,3
190490505001181,3
190490505001184,3
190490505001236,3
190490505001237,3
190490505001306,3
190490505001311,3
190490505001317,3
190490505001004,3
190490505001005,3
190490505001006,3
190490505001007,3
190490505001008,3
190490505001009,3
190490505001010,3
190490505001011,3
190490505001012,3
190490505001013,3
190490505001014,3
190490505001015,3
190490505001016,3
190490505001017,3
190490505001018,3
190490505001019,3
190490505001020,3
190490505001021,3
190490505001022,3
190490505001023,3
190490505001024,3
190490505001025,3
190490505001026,3
190490505001027,3
190490505001028,3
190490505001029,3
190490505001030,3
190490505001031,3
190490505001032,3
190490505001033,3
190490505001034,3
190490505001035,3
190490505001036,3
190490505001044,3
190490505001045,3
190490505001046,3
190490505001047,3
190490505001048,3
190490505001049,3
190490505001050,3
190490505001056,3
190490505001057,3
190490505001058,3
190490505001059,3
190490505001060,3
190490505001061,3
190490505001062,3
190490505001063,3
190490505001064,3
190490505001065,3
190490505001066,3
190490505001067,3
190490505001068,3
190490505001069,3
190490505001070,3
190490505001071,3
190490505001072,3
190490505001097,3
190490505001104,3
190490505001304,3
190490505001307,3
190490505001308,3
190490505001309,3
190490505001312,3
190490505001313,3
190490505001314,3
190490505001315,3
190490505001316,3
190490505001098,3
190490505001099,3
190490505001100,3
190490505001101,3
190490505001102,3
190490505001103,3
190490505001105,3
190490505001106,3
190490505001107,3
190490505001108,3
190490505001109,3
190490505001110,3
190490505001111,3
190490505001112,3
190490505001113,3
190490505001114,3
190490505001115,3
190490505001119,3
190490505001120,3
190490505001121,3
190490505001122,3
190490505001123,3
190490505001124,3
190490505001125,3
190490505001126,3
190490505001127,3
190490505001128,3
190490505001129,3
190490505001130,3
190490505001131,3
190490505001132,3
190490505001133,3
190490505001160,3
190490505001161,3
190490505001162,3
190490505001163,3
190490505001164,3
190490505001192,3
190490505001193,3
190490505001194,3
190490505001195,3
190490505001196,3
190490505001197,3
190490505001198,3
190490505001202,3
190490505001305,3
190490505001185,3
190490505001186,3
190490505001187,3
190490505001188,3
190490505001189,3
190490505001190,3
190490505001225,3
190490505001226,3
190490505001227,3
190490505001228,3
190490505001229,3
190490505001230,3
190490505001231,3
190490505001232,3
190490505001233,3
190490505001234,3
190490505001235,3
190490505001238,3
190490505001239,3
190490505001240,3
190490505001241,3
190490505001242,3
190490505001243,3
190490505001244,3
190490505001245,3
190490505001246,3
190490505001259,3
190490505001260,3
190490505001261,3
190490505001262,3
190490505001263,3
190490505001264,3
190490505001265,3
190490505001266,3
190490505001268,3
190490505001269,3
190490505001270,3
190490505001271,3
190490505001272,3
190490505001273,3
190490505001275,3
190490506001000,3
190490506001001,3
190490506001004,3
190490506002000,3
190490506002001,3
190490506002002,3
190490506002003,3
190490506002004,3
190490506002017,3
190490506002018,3
190490507001025,3
190490507001027,3
190490507001028,3
190490507002007,3
190490507002008,3
190490507002010,3
190490507002011,3
190490505001191,3
190490505001199,3
190490505001200,3
190490505001201,3
190490505001203,3
190490505001204,3
190490505001205,3
190490505001206,3
190490505001207,3
190490505001208,3
190490505001210,3
190490505001211,3
190490505001212,3
190490505001213,3
190490505001214,3
190490505001215,3
190490505001216,3
190490505001217,3
190490505001218,3
190490505001219,3
190490505001220,3
190490505001221,3
190490505001222,3
190490505001223,3
190490505001224,3
190490505001267,3
190490505001274,3
190490505001276,3
190490505001277,3
190490505001278,3
190490505001279,3
190490505001280,3
190490505001281,3
190490505001287,3
190490505001293,3
190490505001294,3
190490505001295,3
190490505001296,3
190490505001297,3
190490505001298,3
190490505001299,3
190490505001300,3
190490505001301,3
190490505001303,3
190490506001002,3
190490506001003,3
190490506001009,3
190490506001014,3
190490505001209,3
190490505001282,3
190490505001283,3
190490505001284,3
190490505001285,3
190490505001286,3
190490505001288,3
190490505001289,3
190490505001290,3
190490505001291,3
190490505001292,3
190490505001302,3
190490505001310,3
190490506001005,3
190490506001006,3
190490506001007,3
190490506001008,3
190490506001010,3
190490506001011,3
190490506001012,3
190490506001013,3
190490506001015,3
190490506001016,3
190490506001017,3
190490506001018,3
190490506001019,3
190490506001020,3
190490506001021,3
190490506001022,3
190490506001023,3
190490506001024,3
190490506001025,3
190490506001026,3
190490506001027,3
190490506001028,3
190490506001029,3
190490506001030,3
190490506001031,3
190490506001032,3
190490506001033,3
190490506001034,3
190490506001035,3
190490506001036,3
190490506001037,3
190490506001038,3
190490506001039,3
190490506001040,3
190490506001041,3
190490506001042,3
190490506001043,3
190490506001044,3
190490506001045,3
190490506001046,3
190490506001047,3
190490506001048,3
190490506001049,3
190490506001050,3
190490506001051,3
190490506001052,3
190490506001053,3
190490506001054,3
190490506001055,3
190490506001056,3
190490506001057,3
190490506001058,3
190490506001059,3
190490506001060,3
190490506001061,3
190490506001062,3
190490506001063,3
190490506001064,3
190490506001065,3
190490506001066,3
190490506001067,3
190490506001068,3
190490506001069,3
190490506002015,3
190490506002016,3
190490506002020,3
190490506002021,3
190490506002022,3
190490506002023,3
190490506002024,3
190490506002025,3
190490506002026,3
190490506002027,3
190490506002028,3
190490506002029,3
190490506002030,3
190490506002031,3
190490506002033,3
190490506002034,3
190490506002041,3
190490506002042,3
190490506002043,3
190490506002044,3
190490506002062,3
190490506002063,3
190490506002064,3
190490506002065,3
190490506002066,3
190490506002067,3
190490506002074,3
190490506002075,3
190490506002080,3
190490506002081,3
190490506002082,3
190490506002083,3
190490506002084,3
190490506002085,3
190490506002107,3
190490506002116,3
190490506002117,3
190490506002118,3
190490506002123,3
190490506002124,3
190490506002125,3
190490506002126,3
190490506002127,3
190490506002128,3
190490506002129,3
190490506002130,3
190490506002005,3
190490506002006,3
190490506002007,3
190490506002008,3
190490506002009,3
190490506002010,3
190490506002011,3
190490506002012,3
190490506002013,3
190490506002014,3
190490506002019,3
190490506002045,3
190490506002046,3
190490506002047,3
190490506002048,3
190490506002049,3
190490506002050,3
190490506002051,3
190490506002052,3
190490506002053,3
190490506002054,3
190490506002055,3
190490506002056,3
190490506002057,3
190490506002058,3
190490506002059,3
190490506002060,3
190490506002061,3
190490506002068,3
190490506002069,3
190490506002070,3
190490506002071,3
190490506002072,3
190490506002073,3
190490506002076,3
190490506002077,3
190490506002078,3
190490506002079,3
190490507001030,3
190490507001053,3
190490507001054,3
190490509021010,3
190490509021011,3
190490509021012,3
190490509021015,3
190490509021016,3
190490509021017,3
190490509021057,3
190490509021058,3
190490509021059,3
190490509021060,3
190490509021061,3
190490509021062,3
190490509021063,3
190490509021065,3
190490509021066,3
190490509021067,3
190490509021085,3
190490509021086,3
190490509021087,3
190490509021088,3
190490509021089,3
190490509021090,3
190490506002032,3
190490506002035,3
190490506002036,3
190490506002037,3
190490506002038,3
190490506002039,3
190490506002040,3
190490506002086,3
190490506002087,3
190490506002088,3
190490506002089,3
190490506002090,3
190490506002091,3
190490506002092,3
190490506002093,3
190490506002094,3
190490506002095,3
190490506002096,3
190490506002097,3
190490506002098,3
190490506002099,3
190490506002100,3
190490506002101,3
190490506002102,3
190490506002103,3
190490506002104,3
190490506002105,3
190490506002106,3
190490506002108,3
190490506002109,3
190490506002110,3
190490506002111,3
190490506002112,3
190490506002113,3
190490506002114,3
190490506002115,3
190490506002119,3
190490506002120,3
190490506002121,3
190490506002122,3
190490507001043,3
190490507001044,3
190490507001045,3
190490507001050,3
190490508121060,3
190490508121062,3
190490508121063,3
190490509021000,3
190490509021001,3
190490509021002,3
190490509021003,3
190490509021006,3
190490509021007,3
190490509021014,3
190490509021021,3
190490509021022,3
190490509021028,3
190490509021029,3
190490509021030,3
190490509021031,3
190490509021032,3
190490509021033,3
190490509021034,3
190490509021035,3
190490509021036,3
190490509021041,3
190490509021042,3
190490509021044,3
190490509021045,3
190490509021046,3
190490509021047,3
190490509021048,3
190490509021049,3
190490509021050,3
190490509021051,3
190490509021068,3
190490509022021,3
190490509022024,3
190490509022027,3
190490509022034,3
190490509022038,3
190490509022039,3
190490509022040,3
190490509022041,3
190490509022059,3
190490509022061,3
190490509022066,3
190490509022067,3
190490509022068,3
190490509022074,3
190490509022075,3
190490509022076,3
190490509022080,3
190490509022081,3
190490509022086,3
190490509022087,3
190490509022091,3
190490509022093,3
190490509022096,3
190490509022101,3
190490509023010,3
190490509023014,3
190490509023015,3
190490509023016,3
190490509023017,3
190490509023018,3
190490509023019,3
190490509023020,3
190490509023021,3
190490509023022,3
190490509023023,3
190490509023024,3
190490509023025,3
190490509023026,3
190490509023027,3
190490509023028,3
190490509023029,3
190490509023030,3
190490509023031,3
190490509023032,3
190490509023033,3
190490509023034,3
190490509023035,3
190490509023036,3
190490509023037,3
190490509023038,3
190490509023039,3
190490509023040,3
190490509023041,3
190490509023042,3
190490509023043,3
190490509023044,3
190490509023045,3
190490509023046,3
190490509023047,3
190490509023048,3
190490509023049,3
190490509023050,3
190490509023051,3
190490509023052,3
190490509023061,3
190490509023065,3
190490509023066,3
190490509023086,3
190490509023087,3
190490509023089,3
190490509023091,3
190490509023093,3
190490509023096,3
190490508031009,3
190490508031010,3
190490508031011,3
190490508031012,3
190490508031013,3
190490508031016,3
190490508031017,3
190490508031020,3
190490508031021,3
190490508031022,3
190490508031023,3
190490508031024,3
190490508031025,3
190490508031026,3
190490508031027,3
190490508031031,3
190490508031032,3
190490508031033,3
190490508031034,3
190490508031035,3
190490508031036,3
190490508031037,3
190490508031038,3
190490508031039,3
190490508031040,3
190490508032004,3
190490508032005,3
190490508032006,3
190490508032007,3
190490508032008,3
190490508032009,3
190490508032010,3
190490508032011,3
190490508032012,3
190490508032050,3
190490508032051,3
190490508032052,3
190490508032053,3
190490508032054,3
190490508032055,3
190490508032056,3
190490508032057,3
190490508032058,3
190490508032059,3
190490508032060,3
190490508032069,3
190490508032070,3
190490508032078,3
190490508032079,3
190490508051017,3
190490508051018,3
190490508051019,3
190490508051020,3
190490508051021,3
190490508051022,3
190490508051023,3
190490508051026,3
190490508051027,3
190490508051028,3
190490508051029,3
190490508051033,3
190490508051034,3
190490508051035,3
190490508051036,3
190490508051039,3
190490508051040,3
190490508052018,3
190490508052019,3
190490508052020,3
190490508052021,3
190490508052022,3
190490508052023,3
190490508052024,3
190490508052025,3
190490508052026,3
190490508053000,3
190490508053001,3
190490508053002,3
190490508053003,3
190490508053004,3
190490508053005,3
190490508053006,3
190490508053007,3
190490508053008,3
190490508053009,3
190490508053010,3
190490508053011,3
190490508053014,3
190490508071000,3
190490508071001,3
190490508071002,3
190490508071003,3
190490508071004,3
190490508071005,3
190490508053012,3
190490508053013,3
190490508053015,3
190490508053016,3
190490508053017,3
190490508053018,3
190490508053019,3
190490508053020,3
190490508053021,3
190490508053022,3
190490508053023,3
190490508053024,3
190490508053025,3
190490508053026,3
190490508071006,3
190490508071007,3
190490508071008,3
190490508071009,3
190490508071010,3
190490508071011,3
190490508071012,3
190490508071013,3
190490508071014,3
190490508071015,3
190490508071016,3
190490508071017,3
190490508071018,3
190490508071019,3
190490508071027,3
190490508073020,3
190490508073021,3
190490508073022,3
190490508073023,3
190490508071020,3
190490508071021,3
190490508071022,3
190490508071023,3
190490508071024,3
190490508071025,3
190490508071026,3
190490508072000,3
190490508072007,3
190490508072010,3
190490508072012,3
190490508072015,3
190490508072016,3
190490508072017,3
190490508072018,3
190490508072019,3
190490508072020,3
190490508072021,3
190490508072022,3
190490508072023,3
190490508072024,3
190490508072025,3
190490508072026,3
190490508072027,3
190490508072028,3
190490508073000,3
190490508073001,3
190490508073002,3
190490508073003,3
190490508073004,3
190490508073005,3
190490508073006,3
190490508073007,3
190490508073008,3
190490508073009,3
190490508073010,3
190490508073011,3
190490508073012,3
190490508073013,3
190490508073014,3
190490508073015,3
190490508073016,3
190490508073017,3
190490508073018,3
190490508073019,3
190490508121000,3
190490508121001,3
190490508121002,3
190490508121003,3
190490508121004,3
190490508121005,3
190490508121006,3
190490508121007,3
190490508121008,3
190490508121009,3
190490508121017,3
190490508121018,3
190490508121019,3
190490508121020,3
190490508121079,3
190490508122026,3
190490508122027,3
190490508122028,3
190490508122029,3
190490508122031,3
190490508122032,3
190490508122033,3
190490508122035,3
190490508122036,3
190490508122041,3
190490508122042,3
190490508122043,3
190490508122044,3
190490508122045,3
190490508122048,3
190490508122049,3
190490508122050,3
190490508151016,3
190490508151017,3
190490508151018,3
190490508161015,3
190490508161016,3
190490508161017,3
190490508161019,3
190490508161022,3
190490508161023,3
190490508161024,3
190490508161025,3
190490508161026,3
190490508161027,3
190490508161028,3
190490508161029,3
190490508161030,3
190490508161031,3
190490508161032,3
190490508121010,3
190490508121011,3
190490508121012,3
190490508121013,3
190490508121014,3
190490508121015,3
190490508121021,3
190490508121022,3
190490508121023,3
190490508121024,3
190490508121025,3
190490508121026,3
190490508121027,3
190490508121028,3
190490508121029,3
190490508121030,3
190490508121031,3
190490508121032,3
190490508121033,3
190490508121034,3
190490508121035,3
190490508121036,3
190490508121037,3
190490508121038,3
190490508121039,3
190490508121040,3
190490508121041,3
190490508121042,3
190490508121043,3
190490508121044,3
190490508121045,3
190490508121046,3
190490508121047,3
190490508121048,3
190490508121049,3
190490508121050,3
190490508121051,3
190490508121052,3
190490508121053,3
190490508121054,3
190490508121055,3
190490508121056,3
190490508121057,3
190490508121058,3
190490508121059,3
190490508121061,3
190490508121064,3
190490508121065,3
190490508121066,3
190490508121067,3
190490508121068,3
190490508121069,3
190490508121070,3
190490508121071,3
190490508121072,3
190490508121073,3
190490508121074,3
190490508121075,3
190490508121076,3
190490508121077,3
190490508121078,3
190490508121080,3
190490508121081,3
190490508121082,3
190490508121083,3
190490508122039,3
190490508122047,3
190490509022072,3
190490509022073,3
190490509022082,3
190490509022083,3
190490509022084,3
190490509022085,3
190490508121016,3
190490508172000,3
190490508172001,3
190490508172002,3
190490508172003,3
190490508172004,3
190490508172005,3
190490508172006,3
190490508172007,3
190490508172008,3
190490508172009,3
190490508172010,3
190490508172011,3
190490508172012,3
190490508172013,3
190490508172014,3
190490508172015,3
190490508172016,3
190490508172017,3
190490508172018,3
190490508172019,3
190490508172020,3
190490508172021,3
190490508172022,3
190490508172023,3
190490508172024,3
190490508172025,3
190490508172026,3
190490508172027,3
190490508172028,3
190490508172029,3
190490508172030,3
190490508172031,3
190490508182014,3
190490508182015,3
190490508182017,3
190490508182021,3
190490509022022,3
190490509022023,3
190490509022025,3
190490509022026,3
190490509022031,3
190490509022032,3
190490509022033,3
190490509022035,3
190490509022036,3
190490509022037,3
190490509022042,3
190490509022043,3
190490509022044,3
190490509022045,3
190490509022046,3
190490509022048,3
190490509022049,3
190490509022050,3
190490509022051,3
190490509022052,3
190490509022053,3
190490509022054,3
190490509022055,3
190490509022056,3
190490509022057,3
190490509022058,3
190490509022060,3
190490509022062,3
190490509022063,3
190490509022064,3
190490509022065,3
190490509022069,3
190490509022070,3
190490509022071,3
190490508122000,3
190490508122001,3
190490508122011,3
190490508122012,3
190490508122015,3
190490508122016,3
190490508122017,3
190490508122018,3
190490508122019,3
190490508122020,3
190490508122021,3
190490508122022,3
190490508122023,3
190490508122024,3
190490508122025,3
190490508122030,3
190490508122034,3
190490508122038,3
190490508122040,3
190490508182008,3
190490508182009,3
190490508182022,3
190490508182023,3
190490508182024,3
190490508182025,3
190490508182026,3
190490509022047,3
190490508122002,3
190490508122003,3
190490508122004,3
190490508122005,3
190490508122006,3
190490508122007,3
190490508122008,3
190490508122009,3
190490508122010,3
190490508122013,3
190490508122014,3
190490508122037,3
190490508122046,3
190490508141027,3
190490508141038,3
190490508141039,3
190490508141040,3
190490508141041,3
190490508142002,3
190490508142003,3
190490508142004,3
190490508142005,3
190490508142006,3
190490508142007,3
190490508142008,3
190490508142009,3
190490508142010,3
190490508142011,3
190490508142012,3
190490508142013,3
190490508142014,3
190490508142015,3
190490508142016,3
190490508142017,3
190490508142018,3
190490508142019,3
190490508142020,3
190490508142021,3
190490508152000,3
190490508152001,3
190490508152002,3
190490508152003,3
190490508152004,3
190490508152005,3
190490508152015,3
190490508131000,3
190490508131001,3
190490508131002,3
190490508131003,3
190490508131004,3
190490508131005,3
190490508131006,3
190490508131007,3
190490508131008,3
190490508131009,3
190490508131010,3
190490508131015,3
190490508131016,3
190490508141000,3
190490508141001,3
190490508141002,3
190490508141003,3
190490508141004,3
190490508141005,3
190490508141006,3
190490508141007,3
190490508141008,3
190490508141009,3
190490508141010,3
190490508141011,3
190490508141012,3
190490508141013,3
190490508141014,3
190490508141015,3
190490508141016,3
190490508141024,3
190490508141025,3
190490508142000,3
190490508142001,3
190490508131011,3
190490508131012,3
190490508131013,3
190490508131014,3
190490508132000,3
190490508132001,3
190490508132002,3
190490508132003,3
190490508132004,3
190490508132005,3
190490508132006,3
190490508132007,3
190490508132008,3
190490508132009,3
190490508132010,3
190490508132011,3
190490508181000,3
190490508181001,3
190490508181002,3
190490508181003,3
190490508181004,3
190490508181005,3
190490508181006,3
190490508181007,3
190490508181008,3
190490508181009,3
190490508181010,3
190490508181011,3
190490508181012,3
190490508181013,3
190490508181014,3
190490508181015,3
190490508181016,3
190490508181017,3
190490508181018,3
190490508181019,3
190490508181020,3
190490508181021,3
190490508181022,3
190490508181023,3
190490508182000,3
190490508182001,3
190490508182002,3
190490508182003,3
190490508182004,3
190490508182005,3
190490508182006,3
190490508182007,3
190490508141017,3
190490508141018,3
190490508141019,3
190490508141020,3
190490508141021,3
190490508141022,3
190490508141023,3
190490508141026,3
190490508141028,3
190490508141029,3
190490508141030,3
190490508141031,3
190490508141032,3
190490508141033,3
190490508141034,3
190490508141035,3
190490508141036,3
190490508141037,3
190490508161000,3
190490508161001,3
190490508161002,3
190490508161003,3
190490508161004,3
190490508161005,3
190490508161006,3
190490508161007,3
190490508161008,3
190490508161009,3
190490508161010,3
190490508161011,3
190490508161012,3
190490508161013,3
190490508161014,3
190490508161018,3
190490508161020,3
190490508161021,3
190490508162000,3
190490508162001,3
190490508162002,3
190490508162003,3
190490508162004,3
190490508162005,3
190490508162006,3
190490508162007,3
190490508162008,3
190490508162009,3
190490508162010,3
190490508162011,3
190490508162012,3
190490508162013,3
190490508162014,3
190490508151000,3
190490508151001,3
190490508151002,3
190490508151003,3
190490508151004,3
190490508151005,3
190490508151006,3
190490508151007,3
190490508151008,3
190490508151009,3
190490508151010,3
190490508151011,3
190490508151012,3
190490508151013,3
190490508151014,3
190490508151015,3
190490508152006,3
190490508152007,3
190490508152008,3
190490508152009,3
190490508152010,3
190490508152011,3
190490508152012,3
190490508152013,3
190490508152014,3
190490508152016,3
190490508152017,3
190490508152018,3
190490508152019,3
190490508152020,3
190490508152021,3
190490508152022,3
190490508171000,3
190490508171001,3
190490508171002,3
190490508171003,3
190490508171004,3
190490508171005,3
190490508171006,3
190490508171007,3
190490508171008,3
190490508171009,3
190490508171010,3
190490508171011,3
190490508171012,3
190490508171013,3
190490508171014,3
190490508171015,3
190490508171016,3
190490508171017,3
190490508171018,3
190490508171019,3
190490508171020,3
190490508171021,3
190490508171022,3
190490508171023,3
190490508171024,3
190490508171025,3
190490508171026,3
190490508171027,3
190490508171028,3
190490508171029,3
190490508171030,3
190490508171031,3
190490508171032,3
190490508171033,3
190490508171034,3
190490508171035,3
190490508182010,3
190490508182011,3
190490508182012,3
190490508182013,3
190490508182016,3
190490508182018,3
190490508182019,3
190490508182020,3
190490508182027,3
190490509011000,3
190490509011001,3
190490509011002,3
190490509011003,3
190490509011004,3
190490509011005,3
190490509011006,3
190490509011007,3
190490509011008,3
190490509011009,3
190490509011010,3
190490509011011,3
190490509011012,3
190490509011013,3
190490509011014,3
190490509011015,3
190490509011016,3
190490509011017,3
190490509011018,3
190490509011019,3
190490509011020,3
190490509011021,3
190490509011022,3
190490509011023,3
190490509011024,3
190490509011025,3
190490509011026,3
190490509011027,3
190490509011028,3
190490509011029,3
190490509011030,3
190490509011031,3
190490509011032,3
190490509011033,3
190490509011034,3
190490509011035,3
190490509011036,3
190490509011037,3
190490509011038,3
190490509011039,3
190490509011040,3
190490509011041,3
190490509012000,3
190490509012001,3
190490509012002,3
190490509012003,3
190490509012004,3
190490509012005,3
190490509012006,3
190490509012007,3
190490509012008,3
190490509012009,3
190490509012010,3
190490509012011,3
190490509012012,3
190490509012013,3
190490509012014,3
190490509012015,3
190490509012016,3
190490509012017,3
190490509012018,3
190490509012019,3
190490509012020,3
190490509022019,3
190490509021004,3
190490509021005,3
190490509021008,3
190490509021009,3
190490509021013,3
190490509021018,3
190490509021019,3
190490509021020,3
190490509021023,3
190490509021024,3
190490509021025,3
190490509021026,3
190490509021027,3
190490509021037,3
190490509021038,3
190490509021039,3
190490509021040,3
190490509021043,3
190490509021052,3
190490509021053,3
190490509021054,3
190490509021055,3
190490509021056,3
190490509021064,3
190490509021069,3
190490509021070,3
190490509021071,3
190490509021072,3
190490509021073,3
190490509021074,3
190490509021075,3
190490509021076,3
190490509021077,3
190490509021078,3
190490509021079,3
190490509021080,3
190490509021081,3
190490509021082,3
190490509021083,3
190490509021084,3
190490509022077,3
190490509022078,3
190490509022079,3
190490509022088,3
190490509022089,3
190490509022090,3
190490509022092,3
190490509022094,3
190490509022095,3
190490509022097,3
190490509022098,3
190490509022099,3
190490509022100,3
190490509023053,3
190490509023054,3
190490509023055,3
190490509023056,3
190490509023057,3
190490509023058,3
190490509023059,3
190490509023060,3
190490509023062,3
190490509023063,3
190490509023064,3
190490509023067,3
190490509023068,3
190490509023069,3
190490509023070,3
190490509023071,3
190490509023072,3
190490509023073,3
190490509023074,3
190490509023075,3
190490509023076,3
190490509023077,3
190490509023078,3
190490509023079,3
190490509023080,3
190490509023081,3
190490509023082,3
190490509023083,3
190490509023084,3
190490509023085,3
190490509023088,3
190490509023090,3
190490509023092,3
190490509023094,3
190490509023095,3
190490509023097,3
190490509023098,3
190510801001000,2
190510801001001,2
190510801001002,2
190510801001003,2
190510801001011,2
190510801001012,2
190510801001081,2
190510801002000,2
190510801002001,2
190510801002002,2
190510801002003,2
190510801002004,2
190510801002005,2
190510801002006,2
190510801002007,2
190510801002008,2
190510801002009,2
190510801002010,2
190510801002011,2
190510801002012,2
190510801002013,2
190510801002014,2
190510801002015,2
190510801002016,2
190510801002017,2
190510801002018,2
190510801002019,2
190510801002020,2
190510801002023,2
190510801002024,2
190510801002025,2
190510801002026,2
190510801002027,2
190510801002028,2
190510801002029,2
190510801002030,2
190510801002031,2
190510801002032,2
190510801002033,2
190510801002034,2
190510801002035,2
190510801002036,2
190510801002037,2
190510801002038,2
190510801002039,2
190510801002040,2
190510801002041,2
190510801002042,2
190510801002043,2
190510801002044,2
190510801002045,2
190510801002046,2
190510801002047,2
190510801002048,2
190510801002049,2
190510801002050,2
190510801002051,2
190510801002052,2
190510801002053,2
190510801002054,2
190510801002055,2
190510801002056,2
190510801002063,2
190510801002064,2
190510801002065,2
190510801002100,2
190510801001004,2
190510801001005,2
190510801001006,2
190510801001007,2
190510801001008,2
190510801001009,2
190510801001010,2
190510801001013,2
190510801001014,2
190510801001015,2
190510801001016,2
190510801001017,2
190510801001018,2
190510801001019,2
190510801001020,2
190510801001021,2
190510801001022,2
190510801001023,2
190510801001024,2
190510801001025,2
190510801001026,2
190510801001027,2
190510801001028,2
190510801001029,2
190510801001030,2
190510801001031,2
190510801001032,2
190510801001033,2
190510801001034,2
190510801001035,2
190510801001036,2
190510801001037,2
190510801001038,2
190510801001039,2
190510801001040,2
190510801001041,2
190510801001042,2
190510801001043,2
190510801001044,2
190510801001045,2
190510801001046,2
190510801001047,2
190510801001048,2
190510801001049,2
190510801001050,2
190510801001051,2
190510801001052,2
190510801001053,2
190510801001054,2
190510801001055,2
190510801001056,2
190510801001057,2
190510801001058,2
190510801001059,2
190510801001060,2
190510801001061,2
190510801001066,2
190510801002021,2
190510801002022,2
190510802002015,2
190510802002016,2
190510802002054,2
190510802002055,2
190510802002056,2
190510801001062,2
190510801001063,2
190510801001064,2
190510801001065,2
190510801001067,2
190510801001068,2
190510801001069,2
190510801001070,2
190510801001071,2
190510801001072,2
190510801001073,2
190510801001074,2
190510801001075,2
190510801001076,2
190510801001077,2
190510801001078,2
190510801001079,2
190510801001080,2
190510801001082,2
190510801001083,2
190510801001084,2
190510801001085,2
190510801001087,2
190510801001088,2
190510801001089,2
190510801001093,2
190510801001094,2
190510801001095,2
190510801001096,2
190510801001097,2
190510801001098,2
190510801001099,2
190510801001101,2
190510801001103,2
190510801001104,2
190510801001105,2
190510801001106,2
190510801002095,2
190510801002099,2
190510801003009,2
190510801003010,2
190510801003022,2
190510801005000,2
190510801005001,2
190510801005003,2
190510801005005,2
190510802002057,2
190510802002076,2
190510802002077,2
190510802002147,2
190510801001086,2
190510801001090,2
190510801001091,2
190510801001092,2
190510801001100,2
190510801001107,2
190510801001108,2
190510801001109,2
190510801001110,2
190510801003019,2
190510801003020,2
190510801003021,2
190510801003023,2
190510801003024,2
190510801003025,2
190510801003026,2
190510801003027,2
190510801003046,2
190510801003047,2
190510801003048,2
190510801003049,2
190510801003050,2
190510801003054,2
190510801003055,2
190510801003056,2
190510801003057,2
190510801003059,2
190510801003062,2
190510801004000,2
190510801004034,2
190510801004044,2
190510801005002,2
190510801005004,2
190510801005040,2
190510802001098,2
190510802001099,2
190510802001126,2
190510802001314,2
190510802002058,2
190510802002059,2
190510802002060,2
190510802002061,2
190510802002071,2
190510802002072,2
190510802002073,2
190510802002074,2
190510802002075,2
190510802002078,2
190510802002079,2
190510802002080,2
190510802002081,2
190510802002082,2
190510802002107,2
190510802002108,2
190510802002109,2
190510802002110,2
190510802002114,2
190510802003000,2
190510802003001,2
190510802003002,2
190510802003003,2
190510802003004,2
190510802003005,2
190510802003006,2
190510802003007,2
190510802003008,2
190510802003009,2
190510802003010,2
190510802003011,2
190510802003036,2
190510802003037,2
190510802003038,2
190510802003039,2
190510802003040,2
190510802003043,2
190510802003049,2
190510802003050,2
190510802003054,2
190510802003056,2
190510801001102,2
190510801004001,2
190510801004002,2
190510801004003,2
190510801004004,2
190510801004005,2
190510801004006,2
190510801004007,2
190510801004008,2
190510801004009,2
190510801004010,2
190510801004011,2
190510801004012,2
190510801004013,2
190510801004014,2
190510801004015,2
190510801004016,2
190510801004017,2
190510801004018,2
190510801004019,2
190510801004020,2
190510801004021,2
190510801004022,2
190510801004023,2
190510801004024,2
190510801004025,2
190510801004026,2
190510801004027,2
190510801004028,2
190510801004029,2
190510801004030,2
190510801004031,2
190510801004032,2
190510801004033,2
190510801004035,2
190510801004036,2
190510801004037,2
190510801004038,2
190510801004039,2
190510801004040,2
190510801004041,2
190510801004042,2
190510801004043,2
190510801005006,2
190510801005007,2
190510801005008,2
190510801005009,2
190510801005010,2
190510801005011,2
190510801005012,2
190510801005013,2
190510801005014,2
190510801005015,2
190510801005016,2
190510801005017,2
190510801005018,2
190510801005019,2
190510801005020,2
190510801005021,2
190510801005022,2
190510801005023,2
190510801005024,2
190510801005025,2
190510801005026,2
190510801005027,2
190510801005028,2
190510801005029,2
190510801005030,2
190510801005031,2
190510801005032,2
190510801005033,2
190510801005034,2
190510801005035,2
190510801005036,2
190510801005037,2
190510801005038,2
190510801005039,2
190510802002111,2
190510802002112,2
190510802002115,2
190510802002116,2
190510802002117,2
190510802002118,2
190510802002119,2
190510802002120,2
190510802002121,2
190510802002122,2
190510802002123,2
190510802002124,2
190510802002125,2
190510802002126,2
190510802002127,2
190510802002128,2
190510802002129,2
190510802002130,2
190510802002131,2
190510802002132,2
190510802002133,2
190510802002134,2
190510802002135,2
190510802002136,2
190510802002137,2
190510802002138,2
190510802002139,2
190510802002140,2
190510802002141,2
190510802002142,2
190510802002143,2
190510802002144,2
190510802002145,2
190510802002146,2
190510802002148,2
190510802002149,2
190510802002150,2
190510802003012,2
190510802003013,2
190510802003014,2
190510802003015,2
190510802003016,2
190510802003017,2
190510802003018,2
190510802003019,2
190510802003020,2
190510802003021,2
190510802003022,2
190510802003023,2
190510802003024,2
190510802003025,2
190510802003026,2
190510802003027,2
190510802003028,2
190510802003029,2
190510802003030,2
190510802003031,2
190510802003032,2
190510802003033,2
190510802003034,2
190510802003035,2
190510802003055,2
190510802003073,2
190510801002057,2
190510801002058,2
190510801002059,2
190510801002060,2
190510801002061,2
190510801002062,2
190510801002066,2
190510801002067,2
190510801002068,2
190510801002069,2
190510801002070,2
190510801002071,2
190510801002072,2
190510801002073,2
190510801002074,2
190510801002075,2
190510801002076,2
190510801002077,2
190510801002078,2
190510801002079,2
190510801002080,2
190510801002081,2
190510801002082,2
190510801002083,2
190510801002084,2
190510801002085,2
190510801002086,2
190510801002087,2
190510801002088,2
190510801002089,2
190510801002090,2
190510801002091,2
190510801002092,2
190510801002093,2
190510801002094,2
190510801002096,2
190510801002097,2
190510801002098,2
190510801003000,2
190510801003001,2
190510801003002,2
190510801003003,2
190510801003004,2
190510801003005,2
190510801003006,2
190510801003007,2
190510801003008,2
190510801003015,2
190510801003211,2
190510801003215,2
190510801003011,2
190510801003012,2
190510801003013,2
190510801003014,2
190510801003016,2
190510801003017,2
190510801003018,2
190510801003028,2
190510801003029,2
190510801003030,2
190510801003031,2
190510801003032,2
190510801003033,2
190510801003034,2
190510801003035,2
190510801003036,2
190510801003037,2
190510801003038,2
190510801003039,2
190510801003040,2
190510801003041,2
190510801003042,2
190510801003043,2
190510801003044,2
190510801003104,2
190510801003105,2
190510801003106,2
190510801003107,2
190510801003108,2
190510801003109,2
190510801003110,2
190510801003111,2
190510801003112,2
190510801003113,2
190510801003114,2
190510801003115,2
190510801003116,2
190510801003117,2
190510801003118,2
190510801003119,2
190510801003120,2
190510801003121,2
190510801003122,2
190510801003123,2
190510801003124,2
190510801003125,2
190510801003126,2
190510801003127,2
190510801003128,2
190510801003129,2
190510801003130,2
190510801003131,2
190510801003132,2
190510801003133,2
190510801003134,2
190510801003135,2
190510801003136,2
190510801003137,2
190510801003138,2
190510801003139,2
190510801003140,2
190510801003141,2
190510801003142,2
190510801003143,2
190510801003144,2
190510801003145,2
190510801003146,2
190510801003147,2
190510801003148,2
190510801003149,2
190510801003150,2
190510801003209,2
190510801003212,2
190510801003214,2
190510801003216,2
190510801003219,2
190510801003045,2
190510801003051,2
190510801003052,2
190510801003053,2
190510801003060,2
190510801003061,2
190510801003063,2
190510801003066,2
190510801003067,2
190510801003068,2
190510801003069,2
190510801003073,2
190510801003074,2
190510801003078,2
190510801003079,2
190510801003080,2
190510801003081,2
190510801003082,2
190510801003083,2
190510801003084,2
190510801003085,2
190510801003086,2
190510801003087,2
190510801003088,2
190510801003089,2
190510801003090,2
190510801003091,2
190510801003092,2
190510801003093,2
190510801003094,2
190510801003095,2
190510801003096,2
190510801003097,2
190510801003098,2
190510801003099,2
190510801003100,2
190510801003101,2
190510801003102,2
190510801003103,2
190510801003180,2
190510801003181,2
190510801003182,2
190510801003183,2
190510801003187,2
190510801003193,2
190510801003194,2
190510801003195,2
190510801003196,2
190510801003197,2
190510801003198,2
190510801003199,2
190510801003200,2
190510801003201,2
190510801003202,2
190510801003203,2
190510801003210,2
190510801003213,2
190510801003218,2
190510801003058,2
190510801003064,2
190510801003065,2
190510801003070,2
190510801003071,2
190510801003072,2
190510801003075,2
190510801003076,2
190510801003077,2
190510801003217,2
190510802001259,2
190510802001260,2
190510802001299,2
190510802003046,2
190510802003047,2
190510802003048,2
190510802003051,2
190510802003052,2
190510802003053,2
190510802003057,2
190510802003058,2
190510802003059,2
190510802003060,2
190510802003062,2
190510802003063,2
190510802003064,2
190510802003065,2
190510802003066,2
190510802003067,2
190510802003070,2
190510802003071,2
190510802003072,2
190510802003074,2
190510802003075,2
190510802003076,2
190510802003077,2
190510802003078,2
190510802003079,2
190510802003082,2
190510802003083,2
190510802003084,2
190510802003085,2
190510802003086,2
190510802003088,2
190510802003089,2
190510802003090,2
190510802003091,2
190510802003092,2
190510802003093,2
190510802003094,2
190510802003095,2
190510802003096,2
190510802003097,2
190510802003098,2
190510802003099,2
190510802003100,2
190510802003101,2
190510802003102,2
190510802003103,2
190510802003104,2
190510802003105,2
190510802003106,2
190510802003107,2
190510802003108,2
190510802003109,2
190510802003110,2
190510802003111,2
190510802003112,2
190510802003113,2
190510802003114,2
190510802003115,2
190510802003116,2
190510802003117,2
190510802003118,2
190510802003119,2
190510802003120,2
190510801003151,2
190510801003152,2
190510801003153,2
190510801003154,2
190510801003155,2
190510801003156,2
190510801003157,2
190510801003158,2
190510801003159,2
190510801003160,2
190510801003161,2
190510801003162,2
190510801003163,2
190510801003164,2
190510801003165,2
190510801003166,2
190510801003167,2
190510801003168,2
190510801003169,2
190510801003170,2
190510801003171,2
190510801003172,2
190510801003173,2
190510801003174,2
190510801003175,2
190510801003176,2
190510801003177,2
190510801003178,2
190510801003179,2
190510801003184,2
190510801003185,2
190510801003186,2
190510801003188,2
190510801003189,2
190510801003190,2
190510801003191,2
190510801003192,2
190510801003204,2
190510801003205,2
190510801003206,2
190510801003207,2
190510801003208,2
190510802001000,2
190510802001001,2
190510802001002,2
190510802001003,2
190510802001004,2
190510802001005,2
190510802001006,2
190510802001007,2
190510802001008,2
190510802001009,2
190510802001010,2
190510802001011,2
190510802001012,2
190510802001013,2
190510802001014,2
190510802001015,2
190510802001016,2
190510802001017,2
190510802001018,2
190510802001019,2
190510802001020,2
190510802001021,2
190510802001022,2
190510802001023,2
190510802001024,2
190510802001025,2
190510802001026,2
190510802001027,2
190510802001028,2
190510802001029,2
190510802001030,2
190510802001031,2
190510802001032,2
190510802001033,2
190510802001034,2
190510802001035,2
190510802001036,2
190510802001037,2
190510802001038,2
190510802001039,2
190510802001040,2
190510802001049,2
190510802001061,2
190510802001062,2
190510802001063,2
190510802001064,2
190510802001065,2
190510802001066,2
190510802001067,2
190510802001068,2
190510802001069,2
190510802001070,2
190510802001071,2
190510802001072,2
190510802001073,2
190510802001074,2
190510802001075,2
190510802001307,2
190510802001313,2
190510802002030,2
190510802002031,2
190510802002034,2
190510802002035,2
190510802002036,2
190510802002042,2
190510802002047,2
190510802002048,2
190510802001041,2
190510802001042,2
190510802001043,2
190510802001044,2
190510802001045,2
190510802001046,2
190510802001047,2
190510802001048,2
190510802001052,2
190510802001053,2
190510802001054,2
190510802001055,2
190510802001056,2
190510802001057,2
190510802001058,2
190510802001059,2
190510802001060,2
190510802001076,2
190510802001077,2
190510802001078,2
190510802001079,2
190510802001080,2
190510802001081,2
190510802001082,2
190510802001083,2
190510802001084,2
190510802001085,2
190510802001087,2
190510802001090,2
190510802001091,2
190510802001092,2
190510802001093,2
190510802001094,2
190510802001095,2
190510802001100,2
190510802001101,2
190510802001102,2
190510802001103,2
190510802001104,2
190510802001105,2
190510802001106,2
190510802001107,2
190510802001108,2
190510802001109,2
190510802001110,2
190510802001111,2
190510802001113,2
190510802001114,2
190510802001115,2
190510802001121,2
190510802001122,2
190510802001129,2
190510802001130,2
190510802001131,2
190510802001132,2
190510802001139,2
190510802001309,2
190510802001310,2
190510802001311,2
190510802002102,2
190510802001050,2
190510802001051,2
190510802001086,2
190510802001088,2
190510802001089,2
190510802001096,2
190510802001097,2
190510802002049,2
190510802002065,2
190510802002066,2
190510802002067,2
190510802002068,2
190510802002069,2
190510802002070,2
190510802002083,2
190510802002084,2
190510802002085,2
190510802002086,2
190510802002087,2
190510802002088,2
190510802002089,2
190510802002090,2
190510802002091,2
190510802002092,2
190510802002093,2
190510802002094,2
190510802002095,2
190510802002096,2
190510802002097,2
190510802002098,2
190510802002099,2
190510802002100,2
190510802002101,2
190510802002103,2
190510802002104,2
190510802002105,2
190510802002106,2
190510802002113,2
190510802002151,2
190510802001112,2
190510802001116,2
190510802001117,2
190510802001118,2
190510802001119,2
190510802001120,2
190510802001123,2
190510802001124,2
190510802001125,2
190510802001127,2
190510802001128,2
190510802001133,2
190510802001134,2
190510802001135,2
190510802001136,2
190510802001137,2
190510802001138,2
190510802001140,2
190510802001141,2
190510802001142,2
190510802001143,2
190510802001144,2
190510802001145,2
190510802001146,2
190510802001147,2
190510802001148,2
190510802001149,2
190510802001150,2
190510802001151,2
190510802001152,2
190510802001153,2
190510802001154,2
190510802001155,2
190510802001156,2
190510802001157,2
190510802001158,2
190510802001159,2
190510802001160,2
190510802001161,2
190510802001162,2
190510802001163,2
190510802001164,2
190510802001165,2
190510802001166,2
190510802001167,2
190510802001168,2
190510802001169,2
190510802001170,2
190510802001171,2
190510802001172,2
190510802001173,2
190510802001174,2
190510802001175,2
190510802001176,2
190510802001177,2
190510802001178,2
190510802001179,2
190510802001180,2
190510802001181,2
190510802001182,2
190510802001183,2
190510802001184,2
190510802001185,2
190510802001186,2
190510802001187,2
190510802001188,2
190510802001189,2
190510802001190,2
190510802001191,2
190510802001192,2
190510802001193,2
190510802001194,2
190510802001195,2
190510802001196,2
190510802001197,2
190510802001198,2
190510802001199,2
190510802001200,2
190510802001201,2
190510802001202,2
190510802001203,2
190510802001204,2
190510802001205,2
190510802001206,2
190510802001208,2
190510802001209,2
190510802001216,2
190510802001217,2
190510802001218,2
190510802001225,2
190510802001226,2
190510802001227,2
190510802001228,2
190510802001229,2
190510802001230,2
190510802001258,2
190510802001302,2
190510802001305,2
190510802001306,2
190510802001308,2
190510802001312,2
190510802001316,2
190510802003041,2
190510802003042,2
190510802003044,2
190510802003045,2
190510802003061,2
190510802003068,2
190510802003069,2
190510802003080,2
190510802003081,2
190510802001207,2
190510802001210,2
190510802001211,2
190510802001212,2
190510802001213,2
190510802001214,2
190510802001215,2
190510802001219,2
190510802001220,2
190510802001221,2
190510802001222,2
190510802001223,2
190510802001224,2
190510802001231,2
190510802001232,2
190510802001233,2
190510802001234,2
190510802001235,2
190510802001236,2
190510802001237,2
190510802001238,2
190510802001239,2
190510802001240,2
190510802001241,2
190510802001242,2
190510802001243,2
190510802001244,2
190510802001245,2
190510802001246,2
190510802001247,2
190510802001248,2
190510802001249,2
190510802001250,2
190510802001251,2
190510802001252,2
190510802001253,2
190510802001254,2
190510802001255,2
190510802001256,2
190510802001257,2
190510802001261,2
190510802001262,2
190510802001263,2
190510802001264,2
190510802001265,2
190510802001266,2
190510802001267,2
190510802001268,2
190510802001269,2
190510802001270,2
190510802001271,2
190510802001272,2
190510802001273,2
190510802001274,2
190510802001275,2
190510802001276,2
190510802001277,2
190510802001278,2
190510802001279,2
190510802001280,2
190510802001281,2
190510802001282,2
190510802001283,2
190510802001284,2
190510802001285,2
190510802001286,2
190510802001287,2
190510802001288,2
190510802001289,2
190510802001290,2
190510802001291,2
190510802001292,2
190510802001293,2
190510802001294,2
190510802001295,2
190510802001296,2
190510802001297,2
190510802001298,2
190510802001300,2
190510802001301,2
190510802001303,2
190510802001304,2
190510802001315,2
190510802003087,2
190510802002000,2
190510802002001,2
190510802002002,2
190510802002003,2
190510802002004,2
190510802002005,2
190510802002006,2
190510802002007,2
190510802002008,2
190510802002009,2
190510802002010,2
190510802002011,2
190510802002012,2
190510802002013,2
190510802002014,2
190510802002017,2
190510802002018,2
190510802002019,2
190510802002020,2
190510802002021,2
190510802002022,2
190510802002023,2
190510802002024,2
190510802002025,2
190510802002026,2
190510802002027,2
190510802002028,2
190510802002029,2
190510802002032,2
190510802002033,2
190510802002037,2
190510802002038,2
190510802002039,2
190510802002040,2
190510802002041,2
190510802002043,2
190510802002044,2
190510802002045,2
190510802002046,2
190510802002050,2
190510802002051,2
190510802002052,2
190510802002053,2
190510802002062,2
190510802002063,2
190510802002064,2
190510802002152,2
190539601001000,2
190539601001001,2
190539601001002,2
190539601001003,2
190539601001004,2
190539601001005,2
190539601001006,2
190539601001007,2
190539601001008,2
190539601001009,2
190539601001010,2
190539601001011,2
190539601001012,2
190539601001013,2
190539601001014,2
190539601001015,2
190539601001016,2
190539601001017,2
190539601001018,2
190539601001019,2
190539601001020,2
190539601001021,2
190539601001022,2
190539601001023,2
190539601001024,2
190539601001025,2
190539601001026,2
190539601001027,2
190539601001028,2
190539601001034,2
190539601001035,2
190539601001036,2
190539601001037,2
190539601001038,2
190539601001039,2
190539601001040,2
190539601001041,2
190539601001042,2
190539601001043,2
190539601001044,2
190539601001045,2
190539601001046,2
190539601001047,2
190539601001048,2
190539601001049,2
190539601001050,2
190539601001051,2
190539601001052,2
190539601001054,2
190539601001055,2
190539601001056,2
190539601001057,2
190539601001058,2
190539601001059,2
190539601001060,2
190539601001065,2
190539601001068,2
190539601001069,2
190539601001160,2
190539601001161,2
190539601001162,2
190539601001163,2
190539601001029,2
190539601001030,2
190539601001031,2
190539601001032,2
190539601001033,2
190539601001053,2
190539601001061,2
190539601001062,2
190539601001063,2
190539601001064,2
190539601001066,2
190539601001067,2
190539601001070,2
190539601001073,2
190539601001074,2
190539601001075,2
190539601001076,2
190539601001077,2
190539601001078,2
190539601001079,2
190539601001080,2
190539601001081,2
190539601001082,2
190539601001083,2
190539601001086,2
190539601001087,2
190539601001088,2
190539601001089,2
190539601001090,2
190539601001097,2
190539601001098,2
190539601001099,2
190539601001115,2
190539601001071,2
190539601001072,2
190539601001084,2
190539601001085,2
190539601001091,2
190539601001092,2
190539601001093,2
190539601001116,2
190539601001117,2
190539601002000,2
190539601003107,2
190539601003108,2
190539601003109,2
190539601003110,2
190539601003113,2
190539601003114,2
190539601003115,2
190539601003116,2
190539601003117,2
190539601003118,2
190539601003119,2
190539602001288,2
190539603001000,2
190539603001001,2
190539603001002,2
190539603001005,2
190539603001006,2
190539603001022,2
190539603002000,2
190539603002019,2
190539603002024,2
190539603002053,2
190539603002076,2
190539603002078,2
190539601001094,2
190539601001095,2
190539601001096,2
190539601001100,2
190539601001101,2
190539601001102,2
190539601001103,2
190539601001104,2
190539601001105,2
190539601001106,2
190539601001107,2
190539601001108,2
190539601001109,2
190539601001110,2
190539601001111,2
190539601001112,2
190539601001113,2
190539601001114,2
190539601001121,2
190539601001122,2
190539601001123,2
190539601001124,2
190539601001125,2
190539601001126,2
190539601001127,2
190539601001128,2
190539601001129,2
190539601001130,2
190539601001131,2
190539601001132,2
190539601001133,2
190539601001143,2
190539601001144,2
190539601001155,2
190539601002091,2
190539601002155,2
190539601001118,2
190539601001119,2
190539601001120,2
190539601002009,2
190539601002010,2
190539601002011,2
190539601002012,2
190539601002013,2
190539601002014,2
190539601002015,2
190539601002023,2
190539601002024,2
190539601002025,2
190539601002026,2
190539601002027,2
190539601002028,2
190539601002029,2
190539601002030,2
190539601002031,2
190539601002032,2
190539601002033,2
190539601002034,2
190539601002035,2
190539601002089,2
190539601002090,2
190539603002022,2
190539603002023,2
190539603002077,2
190539603002079,2
190539603002081,2
190539601001134,2
190539601001135,2
190539601001136,2
190539601001137,2
190539601001138,2
190539601001139,2
190539601001140,2
190539601001141,2
190539601001142,2
190539601001145,2
190539601001146,2
190539601001147,2
190539601001148,2
190539601001149,2
190539601001150,2
190539601001151,2
190539601001152,2
190539601001153,2
190539601001154,2
190539601001156,2
190539601001157,2
190539601001158,2
190539601001159,2
190539601001164,2
190539601002094,2
190539601002136,2
190539601002151,2
190539601001165,2
190539601002084,2
190539601002085,2
190539601002086,2
190539601002087,2
190539601002088,2
190539601002092,2
190539601002093,2
190539601002095,2
190539601002096,2
190539601002097,2
190539601002098,2
190539601002099,2
190539601002100,2
190539601002101,2
190539601002102,2
190539601002103,2
190539601002131,2
190539601002132,2
190539601002133,2
190539601002134,2
190539601002135,2
190539601002137,2
190539601002138,2
190539601002139,2
190539601002140,2
190539601002141,2
190539601002142,2
190539601002143,2
190539601002144,2
190539601002145,2
190539601002146,2
190539601002147,2
190539601002148,2
190539601002152,2
190539601002001,2
190539601002002,2
190539601002003,2
190539601002004,2
190539601002021,2
190539601003106,2
190539601003112,2
190539602001134,2
190539602001135,2
190539602001138,2
190539602001139,2
190539602001147,2
190539602001150,2
190539602001151,2
190539602001152,2
190539602001153,2
190539602001154,2
190539602001155,2
190539602001156,2
190539602001157,2
190539602001161,2
190539602001162,2
190539602001274,2
190539602001275,2
190539602001276,2
190539602001277,2
190539602001278,2
190539602001279,2
190539602001280,2
190539602001281,2
190539602001282,2
190539602001283,2
190539602001284,2
190539602001285,2
190539602001286,2
190539602001287,2
190539602001289,2
190539602001290,2
190539602001291,2
190539602001292,2
190539602001293,2
190539602001294,2
190539602001295,2
190539602001296,2
190539602001297,2
190539602001298,2
190539602001299,2
190539602001300,2
190539602001301,2
190539602001302,2
190539602001303,2
190539602001304,2
190539602001305,2
190539602001306,2
190539602001307,2
190539602001308,2
190539603001007,2
190539603002020,2
190539601002005,2
190539601002006,2
190539601002007,2
190539601002008,2
190539601002016,2
190539601002017,2
190539601002018,2
190539601002019,2
190539601002020,2
190539601002022,2
190539601002036,2
190539601002037,2
190539601002038,2
190539601002039,2
190539601002040,2
190539601002041,2
190539601002050,2
190539602001165,2
190539602001166,2
190539602001167,2
190539602001191,2
190539602001192,2
190539602001193,2
190539602001199,2
190539602001215,2
190539602001216,2
190539602001217,2
190539602001219,2
190539602001220,2
190539603002021,2
190539601002042,2
190539601002043,2
190539601002044,2
190539601002045,2
190539601002082,2
190539601002083,2
190539601002104,2
190539601002105,2
190539601002106,2
190539601002107,2
190539601002108,2
190539601002109,2
190539601002110,2
190539601002111,2
190539601002112,2
190539601002113,2
190539601002114,2
190539601002115,2
190539601002118,2
190539601002119,2
190539601002120,2
190539601002121,2
190539601002122,2
190539601002123,2
190539601002128,2
190539601002129,2
190539601002130,2
190539602002000,2
190539602002001,2
190539602002064,2
190539602002068,2
190539601002046,2
190539601002047,2
190539601002048,2
190539601002049,2
190539601002051,2
190539601002052,2
190539601002053,2
190539601002054,2
190539601002055,2
190539601002056,2
190539601002057,2
190539601002058,2
190539601002059,2
190539601002060,2
190539601002061,2
190539601002062,2
190539601002063,2
190539601002064,2
190539601002065,2
190539601002066,2
190539601002067,2
190539601002068,2
190539601002069,2
190539601002070,2
190539601002071,2
190539601002072,2
190539601002073,2
190539601002074,2
190539601002075,2
190539601002076,2
190539601002077,2
190539601002078,2
190539601002079,2
190539601002080,2
190539601002081,2
190539601002149,2
190539601002150,2
190539601002153,2
190539601002154,2
190539601002156,2
190539601002116,2
190539601002117,2
190539601002124,2
190539601002125,2
190539601002126,2
190539601002127,2
190539602001240,2
190539602001241,2
190539602001246,2
190539602001247,2
190539602001248,2
190539602001249,2
190539602001250,2
190539602001251,2
190539602001252,2
190539602001253,2
190539602001254,2
190539602001255,2
190539602001256,2
190539602001257,2
190539602001258,2
190539602001259,2
190539602001260,2
190539602001261,2
190539602001262,2
190539602001263,2
190539602001264,2
190539602001265,2
190539602001266,2
190539602001267,2
190539602001268,2
190539602001269,2
190539602001270,2
190539602001271,2
190539602001272,2
190539602002003,2
190539602002004,2
190539602002005,2
190539602002006,2
190539602002007,2
190539602002008,2
190539602002063,2
190539602002067,2
190539601003000,2
190539601003001,2
190539601003011,2
190539601003012,2
190539601003013,2
190539601003033,2
190539601003035,2
190539601003036,2
190539601003037,2
190539601003038,2
190539601003039,2
190539601003040,2
190539601003041,2
190539601003042,2
190539601003043,2
190539601003084,2
190539601003086,2
190539601003087,2
190539601003088,2
190539601003089,2
190539601003090,2
190539601003091,2
190539601003092,2
190539601003093,2
190539601003094,2
190539601003095,2
190539601003098,2
190539601003099,2
190539601003100,2
190539601003101,2
190539601003102,2
190539601003002,2
190539601003003,2
190539601003004,2
190539601003005,2
190539601003006,2
190539601003007,2
190539601003008,2
190539601003009,2
190539601003010,2
190539601003014,2
190539601003015,2
190539601003016,2
190539601003017,2
190539601003018,2
190539601003019,2
190539601003020,2
190539601003021,2
190539601003022,2
190539601003023,2
190539601003024,2
190539601003025,2
190539601003026,2
190539601003027,2
190539601003028,2
190539601003029,2
190539601003030,2
190539601003031,2
190539601003032,2
190539601003034,2
190539601003120,2
190539601003044,2
190539601003046,2
190539601003049,2
190539601003050,2
190539601003051,2
190539601003083,2
190539601003096,2
190539601003097,2
190539601003103,2
190539601003104,2
190539601003105,2
190539601003111,2
190539602001000,2
190539602001001,2
190539602001002,2
190539602001003,2
190539602001004,2
190539602001005,2
190539602001041,2
190539602001042,2
190539602001043,2
190539602001044,2
190539602001045,2
190539602001046,2
190539602001047,2
190539602001048,2
190539602001049,2
190539602001050,2
190539602001051,2
190539602001052,2
190539602001101,2
190539602001102,2
190539602001140,2
190539602001141,2
190539602001142,2
190539602001143,2
190539602001144,2
190539602001145,2
190539602001146,2
190539602001148,2
190539602001149,2
190539602001273,2
190539601003045,2
190539601003047,2
190539601003048,2
190539601003052,2
190539601003053,2
190539601003054,2
190539601003055,2
190539601003056,2
190539601003057,2
190539601003058,2
190539601003059,2
190539601003060,2
190539601003061,2
190539601003062,2
190539601003063,2
190539601003064,2
190539601003065,2
190539601003066,2
190539601003067,2
190539601003068,2
190539601003069,2
190539601003070,2
190539601003071,2
190539601003072,2
190539601003073,2
190539601003074,2
190539601003075,2
190539601003076,2
190539601003077,2
190539601003078,2
190539601003079,2
190539601003080,2
190539601003081,2
190539601003082,2
190539601003085,2
190539602001006,2
190539602001007,2
190539602001008,2
190539602001009,2
190539602001010,2
190539602001011,2
190539602001012,2
190539602001013,2
190539602001014,2
190539602001015,2
190539602001016,2
190539602001017,2
190539602001018,2
190539602001019,2
190539602001020,2
190539602001021,2
190539602001022,2
190539602001023,2
190539602001024,2
190539602001025,2
190539602001026,2
190539602001027,2
190539602001028,2
190539602001029,2
190539602001030,2
190539602001031,2
190539602001032,2
190539602001033,2
190539602001034,2
190539602001035,2
190539602001036,2
190539602001037,2
190539602001038,2
190539602001039,2
190539602001040,2
190539602001053,2
190539602001054,2
190539602001055,2
190539602001056,2
190539602001057,2
190539602001058,2
190539602001059,2
190539602001060,2
190539602001063,2
190539602001064,2
190539602001065,2
190539602001066,2
190539602001067,2
190539602001068,2
190539602001069,2
190539602001070,2
190539602001071,2
190539602001072,2
190539602001073,2
190539602001074,2
190539602001075,2
190539602001076,2
190539602001077,2
190539602001078,2
190539602001079,2
190539602001080,2
190539602001081,2
190539602001082,2
190539602001083,2
190539602001084,2
190539602001085,2
190539602001086,2
190539602001087,2
190539602001088,2
190539602001089,2
190539602001090,2
190539602001091,2
190539602001092,2
190539602001093,2
190539602001094,2
190539602001095,2
190539602001096,2
190539602001097,2
190539602001098,2
190539602001099,2
190539602001100,2
190539602001109,2
190539602001110,2
190539602001115,2
190539602001061,2
190539602001062,2
190539602001103,2
190539602001104,2
190539602001105,2
190539602001106,2
190539602001107,2
190539602001108,2
190539602001111,2
190539602001112,2
190539602001113,2
190539602001114,2
190539602001116,2
190539602001117,2
190539602001118,2
190539602001119,2
190539602001120,2
190539602001121,2
190539602001122,2
190539602001123,2
190539602001124,2
190539602001125,2
190539602001126,2
190539602001127,2
190539602001128,2
190539602001129,2
190539602001130,2
190539602001131,2
190539602001132,2
190539602001133,2
190539602001136,2
190539602001137,2
190539602001158,2
190539602001159,2
190539602001160,2
190539602001163,2
190539602001164,2
190539602001169,2
190539602001170,2
190539602001171,2
190539602001172,2
190539602001173,2
190539602001174,2
190539602001178,2
190539602001179,2
190539602001185,2
190539602001309,2
190539602001310,2
190539602001311,2
190539602001312,2
190539602001313,2
190539602001316,2
190539602001168,2
190539602001175,2
190539602001176,2
190539602001177,2
190539602001180,2
190539602001181,2
190539602001182,2
190539602001183,2
190539602001184,2
190539602001186,2
190539602001187,2
190539602001188,2
190539602001189,2
190539602001190,2
190539602001194,2
190539602001195,2
190539602001196,2
190539602001197,2
190539602001198,2
190539602001200,2
190539602001201,2
190539602001202,2
190539602001203,2
190539602001204,2
190539602001205,2
190539602001206,2
190539602001207,2
190539602001208,2
190539602001209,2
190539602001210,2
190539602001211,2
190539602001212,2
190539602001213,2
190539602001214,2
190539602001218,2
190539602001221,2
190539602001222,2
190539602001223,2
190539602001224,2
190539602001225,2
190539602001226,2
190539602001227,2
190539602001228,2
190539602001229,2
190539602001230,2
190539602001231,2
190539602001232,2
190539602001233,2
190539602001234,2
190539602001235,2
190539602001236,2
190539602001237,2
190539602001238,2
190539602001239,2
190539602001242,2
190539602001243,2
190539602001244,2
190539602001245,2
190539602001314,2
190539602001315,2
190539602002002,2
190539602002009,2
190539602002010,2
190539602002011,2
190539602002012,2
190539602002013,2
190539602002014,2
190539602002015,2
190539602002016,2
190539602002017,2
190539602002018,2
190539602002019,2
190539602002020,2
190539602002021,2
190539602002022,2
190539602002023,2
190539602002024,2
190539602002025,2
190539602002026,2
190539602002027,2
190539602002028,2
190539602002029,2
190539602002030,2
190539602002031,2
190539602002032,2
190539602002033,2
190539602002034,2
190539602002035,2
190539602002036,2
190539602002037,2
190539602002038,2
190539602002039,2
190539602002040,2
190539602002041,2
190539602002042,2
190539602002043,2
190539602002044,2
190539602002045,2
190539602002046,2
190539602002047,2
190539602002048,2
190539602002049,2
190539602002050,2
190539602002051,2
190539602002052,2
190539602002053,2
190539602002054,2
190539602002055,2
190539602002056,2
190539602002057,2
190539602002058,2
190539602002059,2
190539602002060,2
190539602002061,2
190539602002062,2
190539602002065,2
190539602002066,2
190539602002069,2
190539602002070,2
190539602002071,2
190539602002072,2
190539602003000,2
190539602003001,2
190539602003002,2
190539602003003,2
190539602003004,2
190539602003005,2
190539602003006,2
190539602003007,2
190539602003008,2
190539602003009,2
190539602003010,2
190539602003011,2
190539602003012,2
190539602003013,2
190539602003014,2
190539602003015,2
190539602003016,2
190539602003017,2
190539602003018,2
190539602003019,2
190539602003020,2
190539602003021,2
190539602003022,2
190539602003023,2
190539602003024,2
190539602003025,2
190539602003026,2
190539602003027,2
190539602003028,2
190539602003029,2
190539602003030,2
190539602003031,2
190539602003032,2
190539602003033,2
190539602003034,2
190539603001003,2
190539603001004,2
190539603001008,2
190539603001009,2
190539603001010,2
190539603001011,2
190539603001012,2
190539603001013,2
190539603001014,2
190539603001015,2
190539603001016,2
190539603001017,2
190539603001018,2
190539603001019,2
190539603001020,2
190539603001021,2
190539603001023,2
190539603001024,2
190539603001025,2
190539603001026,2
190539603001027,2
190539603001028,2
190539603001029,2
190539603001030,2
190539603001031,2
190539603001032,2
190539603001033,2
190539603001034,2
190539603001035,2
190539603001036,2
190539603001037,2
190539603001038,2
190539603001039,2
190539603001040,2
190539603001041,2
190539603001042,2
190539603001043,2
190539603001044,2
190539603001045,2
190539603001046,2
190539603001047,2
190539603001048,2
190539603001049,2
190539603001050,2
190539603001051,2
190539603001052,2
190539603001053,2
190539603001054,2
190539603001055,2
190539603001056,2
190539603001057,2
190539603001058,2
190539603001059,2
190539603001060,2
190539603001061,2
190539603001062,2
190539603001063,2
190539603001064,2
190539603001065,2
190539603001066,2
190539603001067,2
190539603001068,2
190539603001069,2
190539603001070,2
190539603001071,2
190539603001072,2
190539603001073,2
190539603001074,2
190539603001075,2
190539603001076,2
190539603001077,2
190539603001078,2
190539603001079,2
190539603001080,2
190539603001081,2
190539603001082,2
190539603001083,2
190539603001084,2
190539603001085,2
190539603001086,2
190539603001087,2
190539603001088,2
190539603001089,2
190539603001090,2
190539603001091,2
190539603001092,2
190539603001093,2
190539603001094,2
190539603001095,2
190539603001096,2
190539603001097,2
190539603002001,2
190539603002002,2
190539603002003,2
190539603002004,2
190539603002005,2
190539603002006,2
190539603002007,2
190539603002008,2
190539603002009,2
190539603002010,2
190539603002011,2
190539603002012,2
190539603002013,2
190539603002014,2
190539603002015,2
190539603002016,2
190539603002017,2
190539603002018,2
190539603002025,2
190539603002026,2
190539603002027,2
190539603002028,2
190539603002029,2
190539603002030,2
190539603002031,2
190539603002032,2
190539603002033,2
190539603002034,2
190539603002035,2
190539603002036,2
190539603002037,2
190539603002038,2
190539603002039,2
190539603002040,2
190539603002041,2
190539603002042,2
190539603002043,2
190539603002044,2
190539603002045,2
190539603002046,2
190539603002047,2
190539603002048,2
190539603002049,2
190539603002050,2
190539603002051,2
190539603002052,2
190539603002054,2
190539603002055,2
190539603002056,2
190539603002057,2
190539603002058,2
190539603002059,2
190539603002060,2
190539603002061,2
190539603002062,2
190539603002063,2
190539603002064,2
190539603002065,2
190539603002066,2
190539603002067,2
190539603002068,2
190539603002069,2
190539603002070,2
190539603002071,2
190539603002072,2
190539603002073,2
190539603002074,2
190539603002075,2
190539603002080,2
190539603002082,2
190559501001000,1
190559501001001,1
190559501001002,1
190559501001005,1
190559501001006,1
190559501001007,1
190559501001008,1
190559501001009,1
190559501001010,1
190559501001012,1
190559501001015,1
190559501001016,1
190559501001017,1
190559501001018,1
190559501001019,1
190559501001020,1
190559501001021,1
190559501001022,1
190559501001023,1
190559501001024,1
190559501001025,1
190559501001026,1
190559501001027,1
190559501001028,1
190559501001029,1
190559501001030,1
190559501001031,1
190559501001032,1
190559501001033,1
190559501001034,1
190559501001035,1
190559501001036,1
190559501001037,1
190559501001038,1
190559501001039,1
190559501001040,1
190559501001041,1
190559501001042,1
190559501001043,1
190559501001044,1
190559501001045,1
190559501001046,1
190559501001047,1
190559501001048,1
190559501001049,1
190559501001050,1
190559501001051,1
190559501001065,1
190559501001068,1
190559501001069,1
190559501003007,1
190559501003008,1
190559501003009,1
190559501001003,1
190559501001004,1
190559501001011,1
190559501001013,1
190559501001014,1
190559501001052,1
190559501001053,1
190559501001054,1
190559501001055,1
190559501001056,1
190559501001057,1
190559501001058,1
190559501001059,1
190559501001060,1
190559501001061,1
190559501001062,1
190559501001063,1
190559501001067,1
190559501001064,1
190559501001066,1
190559501003000,1
190559501003001,1
190559501003002,1
190559501003003,1
190559501003004,1
190559501003005,1
190559501003006,1
190559501003010,1
190559501003011,1
190559501003012,1
190559501003013,1
190559501003016,1
190559501003017,1
190559501003018,1
190559501003019,1
190559501003020,1
190559501003021,1
190559501003022,1
190559501003023,1
190559501003024,1
190559501003025,1
190559501003026,1
190559501003027,1
190559501003028,1
190559501003030,1
190559501003031,1
190559501003032,1
190559501003033,1
190559501003034,1
190559501003035,1
190559501003036,1
190559501003037,1
190559501003038,1
190559501003039,1
190559501003040,1
190559501003043,1
190559501003044,1
190559501003045,1
190559501003046,1
190559501003047,1
190559501003048,1
190559501003049,1
190559501003050,1
190559501003060,1
190559501003066,1
190559501003067,1
190559501003068,1
190559501003070,1
190559501003071,1
190559501003074,1
190559501004000,1
190559501004001,1
190559501004061,1
190559501004062,1
190559501004063,1
190559501002000,1
190559501002001,1
190559501002002,1
190559501002003,1
190559501002004,1
190559501002005,1
190559501002007,1
190559501002008,1
190559501002009,1
190559501002010,1
190559501002011,1
190559501002012,1
190559501002013,1
190559501002014,1
190559501002015,1
190559501002016,1
190559501002017,1
190559501002018,1
190559501002019,1
190559501002020,1
190559501002021,1
190559501002022,1
190559501002023,1
190559501002024,1
190559501002025,1
190559501002026,1
190559501002027,1
190559501002028,1
190559501002029,1
190559501002030,1
190559501002031,1
190559501002032,1
190559501002033,1
190559501002034,1
190559501002035,1
190559501002036,1
190559501002037,1
190559501002038,1
190559501002039,1
190559501002044,1
190559501002045,1
190559501002046,1
190559501002047,1
190559501002048,1
190559501002049,1
190559501002050,1
190559501002051,1
190559501002052,1
190559501002053,1
190559501002057,1
190559501002083,1
190559501002084,1
190559501002085,1
190559501002086,1
190559501002087,1
190559501002088,1
190559501002089,1
190559501002090,1
190559501002091,1
190559501002092,1
190559501002093,1
190559501002094,1
190559501002095,1
190559502001000,1
190559502001001,1
190559502001039,1
190559501002006,1
190559502001002,1
190559502001003,1
190559502001004,1
190559502001005,1
190559502001017,1
190559502001018,1
190559502001019,1
190559502001020,1
190559502001027,1
190559502001028,1
190559502001029,1
190559502001030,1
190559502001031,1
190559502001032,1
190559502001033,1
190559502001034,1
190559502001035,1
190559502001036,1
190559502001037,1
190559502001038,1
190559502001040,1
190559502001041,1
190559502001042,1
190559502001043,1
190559502001044,1
190559502001045,1
190559502001046,1
190559502001047,1
190559502001048,1
190559502001049,1
190559502001050,1
190559502001051,1
190559502001052,1
190559502001053,1
190559502001054,1
190559502001055,1
190559502001058,1
190559502001059,1
190559502001061,1
190559502001062,1
190559502001063,1
190559502001064,1
190559502001065,1
190559502001066,1
190559502001067,1
190559502002000,1
190559502002021,1
190559502002022,1
190559502002064,1
190559502002065,1
190559502002066,1
190559502002067,1
190559502002070,1
190559502002071,1
190559502002095,1
190559502002096,1
190559502002097,1
190559502003002,1
190559502003003,1
190559501002040,1
190559501002041,1
190559501002042,1
190559501002043,1
190559501002054,1
190559501002055,1
190559501002056,1
190559501002058,1
190559501002059,1
190559501002060,1
190559501002061,1
190559501002062,1
190559501002063,1
190559501002064,1
190559501002065,1
190559501002066,1
190559501002067,1
190559501002068,1
190559501002069,1
190559501002070,1
190559501002071,1
190559501002072,1
190559501002073,1
190559501002074,1
190559501002075,1
190559501002076,1
190559501002077,1
190559501002078,1
190559501002079,1
190559501002080,1
190559501002081,1
190559501002082,1
190559501002096,1
190559501002097,1
190559501003014,1
190559501003015,1
190559501003072,1
190559501003073,1
190559501004002,1
190559501004003,1
190559501004004,1
190559501004005,1
190559501004006,1
190559501004007,1
190559501004008,1
190559501004009,1
190559501004010,1
190559501004011,1
190559501004012,1
190559501004013,1
190559501004014,1
190559501004016,1
190559501004017,1
190559501004018,1
190559501004019,1
190559501004020,1
190559501004021,1
190559501004022,1
190559501004023,1
190559501004024,1
190559501004025,1
190559501004026,1
190559501004027,1
190559501004028,1
190559501004029,1
190559501004030,1
190559501004031,1
190559501004032,1
190559501004033,1
190559501004034,1
190559501004035,1
190559501004036,1
190559501004037,1
190559501004038,1
190559501004039,1
190559501004040,1
190559501004041,1
190559501004042,1
190559501004043,1
190559501004044,1
190559501004045,1
190559501004046,1
190559501004047,1
190559501004048,1
190559501004049,1
190559501004050,1
190559501004051,1
190559501004052,1
190559501004053,1
190559501004054,1
190559501004055,1
190559501004056,1
190559501004057,1
190559501004058,1
190559501004059,1
190559501004060,1
190559501004064,1
190559501004065,1
190559501004066,1
190559501004067,1
190559501004068,1
190559501004069,1
190559501004070,1
190559501004071,1
190559501004072,1
190559501004073,1
190559501004074,1
190559501004075,1
190559501004076,1
190559501004077,1
190559501004078,1
190559501004080,1
190559501004081,1
190559501004082,1
190559501004083,1
190559501004090,1
190559501004105,1
190559501004106,1
190559501004110,1
190559501004111,1
190559501004112,1
190559504005002,1
190559504005003,1
190559504005004,1
190559504005005,1
190559504005007,1
190559504005012,1
190559504005013,1
190559504005130,1
190559501003029,1
190559501003041,1
190559501003042,1
190559501003051,1
190559501003052,1
190559501003053,1
190559501003054,1
190559501003055,1
190559501003056,1
190559501003057,1
190559501003058,1
190559501003059,1
190559501003061,1
190559501003062,1
190559501003063,1
190559501003064,1
190559501003065,1
190559501003069,1
190559504001001,1
190559504001002,1
190559504001003,1
190559504001012,1
190559504001013,1
190559504001016,1
190559501004015,1
190559501004084,1
190559501004085,1
190559501004086,1
190559501004087,1
190559501004088,1
190559501004089,1
190559501004091,1
190559501004092,1
190559501004093,1
190559501004094,1
190559501004095,1
190559501004096,1
190559501004097,1
190559501004098,1
190559501004099,1
190559501004100,1
190559501004101,1
190559501004102,1
190559501004103,1
190559501004104,1
190559501004108,1
190559504005006,1
190559504005014,1
190559504005015,1
190559504005022,1
190559501004079,1
190559501004107,1
190559504003064,1
190559504003065,1
190559504003066,1
190559504003067,1
190559504003068,1
190559504003140,1
190559504005001,1
190559504005008,1
190559504005009,1
190559504005016,1
190559504005017,1
190559504005018,1
190559504005019,1
190559504005020,1
190559504005021,1
190559504005023,1
190559504005024,1
190559504005025,1
190559504005026,1
190559504005027,1
190559504005028,1
190559504005029,1
190559504005030,1
190559504005031,1
190559504005032,1
190559504005033,1
190559504005034,1
190559504005035,1
190559504005036,1
190559504005037,1
190559504005038,1
190559504005039,1
190559504005042,1
190559504005043,1
190559504005044,1
190559504005045,1
190559504005046,1
190559504005047,1
190559504005048,1
190559504005049,1
190559504005050,1
190559504005051,1
190559504005052,1
190559504005053,1
190559504005054,1
190559504005055,1
190559504005056,1
190559504005057,1
190559504005058,1
190559504005059,1
190559504005060,1
190559504005061,1
190559504005062,1
190559504005063,1
190559504005064,1
190559504005065,1
190559504005066,1
190559504005067,1
190559504005068,1
190559504005069,1
190559504005070,1
190559504005071,1
190559504005072,1
190559504005073,1
190559504005079,1
190559504005080,1
190559504005081,1
190559504005082,1
190559504005083,1
190559504005084,1
190559504005085,1
190559504005086,1
190559504005087,1
190559504005126,1
190559501004109,1
190559503005040,1
190559503005044,1
190559503005045,1
190559504003000,1
190559504003011,1
190559504003012,1
190559504003013,1
190559504003014,1
190559504003015,1
190559504003016,1
190559504003017,1
190559504003018,1
190559504003019,1
190559504003020,1
190559504003021,1
190559504003022,1
190559504003026,1
190559504003027,1
190559504003028,1
190559504003029,1
190559504003030,1
190559504003031,1
190559504003032,1
190559504003033,1
190559504003034,1
190559504003035,1
190559504003036,1
190559504003037,1
190559504003038,1
190559504003039,1
190559504003040,1
190559504003041,1
190559504003042,1
190559504003043,1
190559504003044,1
190559504003045,1
190559504003046,1
190559504003047,1
190559504003048,1
190559504003049,1
190559504003050,1
190559504003051,1
190559504003052,1
190559504003053,1
190559504003054,1
190559504003055,1
190559504003056,1
190559504003057,1
190559504003058,1
190559504003059,1
190559504003060,1
190559504003061,1
190559504003062,1
190559504003063,1
190559504003069,1
190559504003070,1
190559504003071,1
190559504003072,1
190559504003073,1
190559504003074,1
190559504003075,1
190559504003076,1
190559504003077,1
190559504003078,1
190559504003079,1
190559504003080,1
190559504003081,1
190559504003082,1
190559504003083,1
190559504003084,1
190559504003085,1
190559504003086,1
190559504003087,1
190559504003114,1
190559504003133,1
190559504003136,1
190559504003137,1
190559504003138,1
190559504003139,1
190559504003141,1
190559504003142,1
190559504004000,1
190559504004001,1
190559504004002,1
190559504004003,1
190559504004004,1
190559504004005,1
190559504004006,1
190559504004007,1
190559504004008,1
190559504005128,1
190559502001006,1
190559502001007,1
190559502001008,1
190559502001009,1
190559502001010,1
190559502001011,1
190559502001012,1
190559502001013,1
190559502001014,1
190559502001015,1
190559502001016,1
190559502001021,1
190559502001022,1
190559502001023,1
190559502001024,1
190559502001025,1
190559502001026,1
190559502001056,1
190559502001057,1
190559502001060,1
190559502001068,1
190559502001069,1
190559502002094,1
190559502002098,1
190559502002158,1
190559502002159,1
190559502003000,1
190559502003001,1
190559502003004,1
190559502003005,1
190559502003006,1
190559502003007,1
190559502003008,1
190559502003009,1
190559502003010,1
190559502003011,1
190559502003012,1
190559502003013,1
190559502003014,1
190559502003015,1
190559502003016,1
190559502003017,1
190559502003018,1
190559502003019,1
190559502003020,1
190559502003021,1
190559502003022,1
190559502003023,1
190559502003024,1
190559502003025,1
190559502003026,1
190559502003027,1
190559502003028,1
190559502003029,1
190559502003030,1
190559502003032,1
190559502003033,1
190559502003034,1
190559502003035,1
190559502003036,1
190559502003037,1
190559502003038,1
190559502003040,1
190559502003042,1
190559502003043,1
190559502003044,1
190559502003045,1
190559502003046,1
190559502003047,1
190559502003048,1
190559502003049,1
190559502003050,1
190559502003051,1
190559502003052,1
190559502003053,1
190559502003054,1
190559503001000,1
190559503001008,1
190559503004000,1
190559503004018,1
190559503004019,1
190559503004022,1
190559503005020,1
190559503005028,1
190559503006007,1
190559503006009,1
190559503006010,1
190559503006011,1
190559503006012,1
190559503006018,1
190559504003001,1
190559504003002,1
190559504003003,1
190559504003004,1
190559504003007,1
190559504003008,1
190559504003009,1
190559504003010,1
190559502002001,1
190559502002002,1
190559502002003,1
190559502002004,1
190559502002005,1
190559502002006,1
190559502002007,1
190559502002008,1
190559502002009,1
190559502002010,1
190559502002011,1
190559502002012,1
190559502002013,1
190559502002014,1
190559502002015,1
190559502002016,1
190559502002017,1
190559502002018,1
190559502002019,1
190559502002020,1
190559502002023,1
190559502002024,1
190559502002025,1
190559502002026,1
190559502002027,1
190559502002028,1
190559502002029,1
190559502002030,1
190559502002031,1
190559502002032,1
190559502002033,1
190559502002034,1
190559502002035,1
190559502002036,1
190559502002037,1
190559502002038,1
190559502002039,1
190559502002040,1
190559502002041,1
190559502002042,1
190559502002043,1
190559502002044,1
190559502002045,1
190559502002046,1
190559502002047,1
190559502002048,1
190559502002049,1
190559502002050,1
190559502002051,1
190559502002052,1
190559502002053,1
190559502002054,1
190559502002055,1
190559502002056,1
190559502002057,1
190559502002058,1
190559502002059,1
190559502002060,1
190559502002061,1
190559502002062,1
190559502002063,1
190559502002068,1
190559502002069,1
190559502002072,1
190559502002073,1
190559502002080,1
190559502002081,1
190559502002082,1
190559502002169,1
190559502002170,1
190559502002171,1
190559502002172,1
190559502002173,1
190559502002174,1
190559502002175,1
190559502002176,1
190559502002177,1
190559502002178,1
190559502002179,1
190559502002180,1
190559502002181,1
190559502002182,1
190559502002183,1
190559502002186,1
190559502002187,1
190559502002074,1
190559502002075,1
190559502002076,1
190559502002077,1
190559502002078,1
190559502002079,1
190559502002083,1
190559502002084,1
190559502002085,1
190559502002086,1
190559502002087,1
190559502002088,1
190559502002089,1
190559502002090,1
190559502002091,1
190559502002092,1
190559502002093,1
190559502002099,1
190559502002100,1
190559502002101,1
190559502002102,1
190559502002103,1
190559502002104,1
190559502002105,1
190559502002106,1
190559502002107,1
190559502002108,1
190559502002109,1
190559502002110,1
190559502002111,1
190559502002112,1
190559502002113,1
190559502002114,1
190559502002115,1
190559502002116,1
190559502002117,1
190559502002118,1
190559502002119,1
190559502002120,1
190559502002121,1
190559502002122,1
190559502002123,1
190559502002124,1
190559502002125,1
190559502002126,1
190559502002127,1
190559502002128,1
190559502002129,1
190559502002130,1
190559502002131,1
190559502002132,1
190559502002133,1
190559502002134,1
190559502002135,1
190559502002136,1
190559502002137,1
190559502002138,1
190559502002139,1
190559502002140,1
190559502002141,1
190559502002142,1
190559502002143,1
190559502002144,1
190559502002145,1
190559502002146,1
190559502002147,1
190559502002148,1
190559502002149,1
190559502002150,1
190559502002151,1
190559502002156,1
190559502002157,1
190559502002161,1
190559502002164,1
190559502002165,1
190559502002166,1
190559502002167,1
190559502002168,1
190559502002184,1
190559503006013,1
190559503006014,1
190559503006015,1
190559503006016,1
190559503006017,1
190559502002152,1
190559502002153,1
190559502002154,1
190559502002155,1
190559502002162,1
190559502002163,1
190559504003088,1
190559504003089,1
190559504003090,1
190559504003091,1
190559504003092,1
190559504003093,1
190559504003094,1
190559504003095,1
190559504003096,1
190559504003097,1
190559504003098,1
190559504003099,1
190559504003100,1
190559504003101,1
190559504003102,1
190559504003103,1
190559504003104,1
190559504003105,1
190559504003106,1
190559504003107,1
190559504003108,1
190559504003109,1
190559504003110,1
190559504003111,1
190559504003112,1
190559504003113,1
190559504003115,1
190559504003116,1
190559504003117,1
190559504003118,1
190559504003119,1
190559504003120,1
190559504003121,1
190559504003125,1
190559504003126,1
190559504003127,1
190559504003128,1
190559504003129,1
190559504003134,1
190559504003135,1
190559504004009,1
190559502002160,1
190559502002185,1
190559502003031,1
190559502003039,1
190559502003041,1
190559503001001,1
190559503001002,1
190559503001003,1
190559503001004,1
190559503001005,1
190559503001006,1
190559503001007,1
190559503001009,1
190559503001010,1
190559503001011,1
190559503001012,1
190559503001013,1
190559503001014,1
190559503001015,1
190559503001016,1
190559503001017,1
190559503001018,1
190559503001019,1
190559503001020,1
190559503001021,1
190559503002000,1
190559503002001,1
190559503002002,1
190559503002003,1
190559503002004,1
190559503002005,1
190559503002006,1
190559503002007,1
190559503002008,1
190559503002009,1
190559503002010,1
190559503003000,1
190559503003001,1
190559503003002,1
190559503003003,1
190559503003004,1
190559503003005,1
190559503003006,1
190559503003007,1
190559503003008,1
190559503003009,1
190559503003010,1
190559503003011,1
190559503003012,1
190559503003013,1
190559503003014,1
190559503003015,1
190559503003016,1
190559503003017,1
190559503003018,1
190559503003019,1
190559503003020,1
190559503003021,1
190559503003022,1
190559503003023,1
190559503003024,1
190559503003025,1
190559503003026,1
190559503003027,1
190559503003028,1
190559503003029,1
190559503003030,1
190559503004001,1
190559503004002,1
190559503004003,1
190559503004004,1
190559503004005,1
190559503004006,1
190559503004007,1
190559503004008,1
190559503004009,1
190559503004010,1
190559503004011,1
190559503004012,1
190559503004013,1
190559503004014,1
190559503004015,1
190559503004016,1
190559503004017,1
190559503004020,1
190559503004021,1
190559503005000,1
190559503005001,1
190559503005002,1
190559503005003,1
190559503005004,1
190559503005005,1
190559503005006,1
190559503005007,1
190559503005008,1
190559503005009,1
190559503005010,1
190559503005011,1
190559503005012,1
190559503005013,1
190559503005014,1
190559503005015,1
190559503005016,1
190559503005017,1
190559503005018,1
190559503005019,1
190559503005021,1
190559503005022,1
190559503005023,1
190559503005024,1
190559503005025,1
190559503005026,1
190559503005027,1
190559503005029,1
190559503005030,1
190559503005031,1
190559503005032,1
190559503005033,1
190559503005034,1
190559503005035,1
190559503005036,1
190559503005037,1
190559503005038,1
190559503005039,1
190559503005041,1
190559503005042,1
190559503005043,1
190559503005046,1
190559503005047,1
190559503005048,1
190559503005049,1
190559503006000,1
190559503006001,1
190559503006002,1
190559503006003,1
190559503006004,1
190559503006005,1
190559503006006,1
190559503006008,1
190559503006019,1
190559503006020,1
190559503006021,1
190559503006022,1
190559503006023,1
190559503006024,1
190559503006025,1
190559503006026,1
190559503006027,1
190559503006028,1
190559503006029,1
190559503006030,1
190559503006031,1
190559503006032,1
190559503006033,1
190559504003005,1
190559504003006,1
190559504003023,1
190559504003024,1
190559504003025,1
190559504001000,1
190559504001004,1
190559504001005,1
190559504001006,1
190559504001007,1
190559504001008,1
190559504001009,1
190559504001010,1
190559504001011,1
190559504001014,1
190559504001015,1
190559504001017,1
190559504001018,1
190559504001019,1
190559504001020,1
190559504001021,1
190559504001022,1
190559504001023,1
190559504001024,1
190559504001025,1
190559504001026,1
190559504001027,1
190559504001028,1
190559504001029,1
190559504001030,1
190559504001031,1
190559504001032,1
190559504001033,1
190559504001034,1
190559504001035,1
190559504001036,1
190559504001037,1
190559504001038,1
190559504001039,1
190559504001040,1
190559504001041,1
190559504001042,1
190559504001043,1
190559504001044,1
190559504001045,1
190559504001046,1
190559504001047,1
190559504001048,1
190559504001049,1
190559504001050,1
190559504001051,1
190559504001052,1
190559504001053,1
190559504001054,1
190559504001055,1
190559504001056,1
190559504001057,1
190559504001058,1
190559504001059,1
190559504001060,1
190559504001061,1
190559504001062,1
190559504001063,1
190559504001064,1
190559504001065,1
190559504001066,1
190559504001068,1
190559504002000,1
190559504005000,1
190559504005010,1
190559504005011,1
190559504005040,1
190559504005041,1
190559504005131,1
190559504005132,1
190559504001067,1
190559504001069,1
190559504001070,1
190559504001071,1
190559504001072,1
190559504001073,1
190559504001074,1
190559504001075,1
190559504001076,1
190559504001077,1
190559504001078,1
190559504001079,1
190559504001080,1
190559504001081,1
190559504001082,1
190559504001083,1
190559504001084,1
190559504001085,1
190559504001086,1
190559504001087,1
190559504001088,1
190559504001089,1
190559504001090,1
190559504001091,1
190559504001092,1
190559504001093,1
190559504001094,1
190559504001095,1
190559504001096,1
190559504001097,1
190559504001098,1
190559504001099,1
190559504001100,1
190559504001101,1
190559504001102,1
190559504001103,1
190559504001104,1
190559504001105,1
190559504001106,1
190559504001107,1
190559504002001,1
190559504002002,1
190559504002003,1
190559504002004,1
190559504002007,1
190559504002008,1
190559504002009,1
190559504002010,1
190559504002011,1
190559504002012,1
190559504002013,1
190559504002014,1
190559504002015,1
190559504002016,1
190559504002017,1
190559504002018,1
190559504002019,1
190559504002020,1
190559504002021,1
190559504002022,1
190559504002023,1
190559504002024,1
190559504002025,1
190559504002026,1
190559504002027,1
190559504002028,1
190559504002029,1
190559504002030,1
190559504002031,1
190559504002032,1
190559504002033,1
190559504002034,1
190559504002035,1
190559504002036,1
190559504002037,1
190559504002038,1
190559504002039,1
190559504002040,1
190559504002041,1
190559504002042,1
190559504002043,1
190559504002044,1
190559504002045,1
190559504002046,1
190559504002047,1
190559504002048,1
190559504002049,1
190559504002050,1
190559504002051,1
190559504002052,1
190559504002053,1
190559504002054,1
190559504002055,1
190559504002056,1
190559504002057,1
190559504002058,1
190559504002059,1
190559504002060,1
190559504002061,1
190559504005099,1
190559504005100,1
190559504005101,1
190559504005102,1
190559504005103,1
190559504005104,1
190559504005105,1
190559504005106,1
190559504005125,1
190559504005127,1
190559504005129,1
190559504002005,1
190559504002006,1
190559504005074,1
190559504005075,1
190559504005076,1
190559504005077,1
190559504005078,1
190559504005088,1
190559504005089,1
190559504005090,1
190559504005091,1
190559504005092,1
190559504005093,1
190559504005094,1
190559504005095,1
190559504005096,1
190559504005097,1
190559504005098,1
190559504005107,1
190559504005108,1
190559504005109,1
190559504005110,1
190559504005111,1
190559504005112,1
190559504005113,1
190559504005114,1
190559504005115,1
190559504005116,1
190559504005117,1
190559504005118,1
190559504005119,1
190559504005120,1
190559504005121,1
190559504005122,1
190559504005123,1
190559504005124,1
190559504003122,1
190559504003123,1
190559504003124,1
190559504003130,1
190559504003131,1
190559504003132,1
190559504004016,1
190559504004017,1
190559504004018,1
190559504004019,1
190559504004020,1
190559504004021,1
190559504004022,1
190559504004023,1
190559504004024,1
190559504004025,1
190559504004026,1
190559504004027,1
190559504004028,1
190559504004029,1
190559504004030,1
190559504004031,1
190559504004032,1
190559504004033,1
190559504004034,1
190559504004035,1
190559504004036,1
190559504004037,1
190559504004038,1
190559504004039,1
190559504004040,1
190559504004041,1
190559504004042,1
190559504004043,1
190559504004044,1
190559504004095,1
190559504004096,1
190559504004111,1
190559504004112,1
190559504004113,1
190559504004114,1
190559504004115,1
190559504004116,1
190559504004117,1
190559504004118,1
190559504004119,1
190559504004120,1
190559504004121,1
190559504004122,1
190559504004123,1
190559504004124,1
190559504004125,1
190559504004126,1
190559504004127,1
190559504004128,1
190559504004129,1
190559504004130,1
190559504004131,1
190559504004132,1
190559504004133,1
190559504004134,1
190559504004135,1
190559504004136,1
190559504004137,1
190559504004138,1
190559504004139,1
190559504004140,1
190559504004141,1
190559504004142,1
190559504004143,1
190559504004144,1
190559504004145,1
190559504004146,1
190559504004158,1
190559504004159,1
190559504004160,1
190559504004161,1
190559504004162,1
190559504004163,1
190559504004164,1
190559504004165,1
190559504004170,1
190559504004171,1
190559504004175,1
190559504004010,1
190559504004011,1
190559504004012,1
190559504004013,1
190559504004014,1
190559504004015,1
190559504004053,1
190559504004058,1
190559504004059,1
190559504004069,1
190559504004070,1
190559504004071,1
190559504004072,1
190559504004073,1
190559504004074,1
190559504004075,1
190559504004076,1
190559504004077,1
190559504004078,1
190559504004079,1
190559504004080,1
190559504004081,1
190559504004082,1
190559504004083,1
190559504004084,1
190559504004085,1
190559504004086,1
190559504004087,1
190559504004088,1
190559504004089,1
190559504004090,1
190559504004091,1
190559504004092,1
190559504004093,1
190559504004094,1
190559504004098,1
190559504004099,1
190559504004100,1
190559504004101,1
190559504004102,1
190559504004103,1
190559504004104,1
190559504004105,1
190559504004106,1
190559504004107,1
190559504004108,1
190559504004109,1
190559504004110,1
190559504004147,1
190559504004148,1
190559504004149,1
190559504004150,1
190559504004151,1
190559504004152,1
190559504004153,1
190559504004154,1
190559504004155,1
190559504004156,1
190559504004157,1
190559504004045,1
190559504004046,1
190559504004047,1
190559504004048,1
190559504004049,1
190559504004050,1
190559504004051,1
190559504004052,1
190559504004054,1
190559504004055,1
190559504004056,1
190559504004057,1
190559504004060,1
190559504004061,1
190559504004062,1
190559504004063,1
190559504004064,1
190559504004065,1
190559504004066,1
190559504004067,1
190559504004068,1
190559504004097,1
190559504004166,1
190559504004167,1
190559504004168,1
190559504004169,1
190559504004172,1
190559504004173,1
190559504004174,1
190570002001000,2
190570002001001,2
190570002001002,2
190570002001003,2
190570002001004,2
190570002001005,2
190570002001006,2
190570002001007,2
190570002001008,2
190570002001009,2
190570002001010,2
190570002001011,2
190570002001012,2
190570002001013,2
190570002001014,2
190570002001015,2
190570002001016,2
190570002001017,2
190570002001018,2
190570002001019,2
190570002001020,2
190570002001021,2
190570002001022,2
190570002001023,2
190570002001024,2
190570002001025,2
190570002002000,2
190570002002001,2
190570002002002,2
190570002002003,2
190570002002004,2
190570002002005,2
190570002002008,2
190570002002009,2
190570002002010,2
190570002002011,2
190570002002012,2
190570002002013,2
190570002002014,2
190570002002015,2
190570002002016,2
190570002002017,2
190570002002018,2
190570002002019,2
190570002002020,2
190570002002021,2
190570002002022,2
190570002002023,2
190570002002024,2
190570002002025,2
190570002002026,2
190570002002027,2
190570002002028,2
190570002002029,2
190570002002030,2
190570002002033,2
190570002002034,2
190570002002035,2
190570002003003,2
190570002003004,2
190570002003005,2
190570002003006,2
190570002003007,2
190570002003008,2
190570002003009,2
190570002003010,2
190570002003011,2
190570002003012,2
190570002003013,2
190570002003017,2
190570002003018,2
190570002003021,2
190570002003022,2
190570002003023,2
190570002003024,2
190570002003025,2
190570002003026,2
190570002003027,2
190570002003028,2
190570002003029,2
190570002004000,2
190570002004001,2
190570002004002,2
190570002004005,2
190570002004006,2
190570002004007,2
190570002004008,2
190570002004009,2
190570002004010,2
190570002004011,2
190570002004012,2
190570002004013,2
190570002004014,2
190570002004017,2
190570002004018,2
190570002004019,2
190570002004020,2
190570002004021,2
190570002004022,2
190570002004023,2
190570002004024,2
190570002004025,2
190570002004026,2
190570002004027,2
190570002004028,2
190570002004029,2
190570002004030,2
190570002004031,2
190570002004032,2
190570002004033,2
190570002004034,2
190570002004035,2
190570002004036,2
190570002004037,2
190570002004038,2
190570002004039,2
190570002004040,2
190570002004041,2
190570002004042,2
190570002004043,2
190570002004044,2
190570002004045,2
190570002004046,2
190570002004047,2
190570002004048,2
190570002004049,2
190570002004050,2
190570002004051,2
190570002004052,2
190570002004053,2
190570002004054,2
190570002004055,2
190570002004056,2
190570002004057,2
190570004002000,2
190570004002001,2
190570004002002,2
190570004002003,2
190570004002004,2
190570004002005,2
190570004002009,2
190570004002010,2
190570004002011,2
190570004002012,2
190570004002013,2
190570002002006,2
190570002002007,2
190570002002031,2
190570002002032,2
190570002002036,2
190570003001000,2
190570003001001,2
190570003001002,2
190570003001003,2
190570003001004,2
190570003001005,2
190570003001006,2
190570003001007,2
190570003001008,2
190570003001009,2
190570003001010,2
190570003001011,2
190570003001012,2
190570003001013,2
190570003001014,2
190570003001015,2
190570003001016,2
190570003001017,2
190570003001018,2
190570003001019,2
190570003001020,2
190570003001021,2
190570003001022,2
190570003001023,2
190570003001024,2
190570003001025,2
190570003001026,2
190570003001027,2
190570003002000,2
190570003002001,2
190570003002002,2
190570003002003,2
190570003002004,2
190570003002005,2
190570003002006,2
190570003002007,2
190570003002008,2
190570003002009,2
190570003002010,2
190570003002011,2
190570003002012,2
190570003004000,2
190570003004001,2
190570003004002,2
190570003004006,2
190570003004007,2
190570003005006,2
190570008003003,2
190570008003008,2
190570008003012,2
190570009002000,2
190570009002001,2
190570009002002,2
190570009002003,2
190570009002004,2
190570009002005,2
190570009002006,2
190570009002007,2
190570009002008,2
190570009002009,2
190570009002010,2
190570009002011,2
190570009002012,2
190570009002013,2
190570009002014,2
190570009002015,2
190570009002016,2
190570009002017,2
190570009002018,2
190570009002019,2
190570009002020,2
190570009002022,2
190570009002023,2
190570009002024,2
190570009002025,2
190570009002026,2
190570009003017,2
190570002003000,2
190570009001000,2
190570009001007,2
190570009001008,2
190570009003000,2
190570010001015,2
190570010001016,2
190570010001017,2
190570010001018,2
190570010001019,2
190570010001020,2
190570010001021,2
190570010001022,2
190570010001023,2
190570010001024,2
190570010001025,2
190570010001026,2
190570010001027,2
190570010001028,2
190570010001029,2
190570010001030,2
190570010001031,2
190570010001032,2
190570010001033,2
190570010001034,2
190570010001035,2
190570010001036,2
190570010001037,2
190570010001038,2
190570010001042,2
190570010001044,2
190570010001045,2
190570010001046,2
190570010001047,2
190570010001048,2
190570010001049,2
190570010001050,2
190570010001051,2
190570010001052,2
190570010001054,2
190570010001055,2
190570010001056,2
190570010005059,2
190570010005060,2
190570010005086,2
190570010006004,2
190570010006005,2
190570010006006,2
190570010006008,2
190570010006011,2
190570010006012,2
190570010006013,2
190570010006017,2
190570010006018,2
190570010006019,2
190570010006020,2
190570010006021,2
190570010006023,2
190570010006024,2
190570010006025,2
190570010006026,2
190570010006027,2
190570010006028,2
190570010006030,2
190570010006032,2
190570002003001,2
190570002003002,2
190570002003014,2
190570002003015,2
190570002003016,2
190570002003019,2
190570002003020,2
190570009001001,2
190570009001002,2
190570009001003,2
190570009001004,2
190570009001005,2
190570009001006,2
190570009001009,2
190570009001010,2
190570009001011,2
190570009001012,2
190570009001013,2
190570009001014,2
190570009001015,2
190570009001016,2
190570009001017,2
190570009001018,2
190570009001019,2
190570009001020,2
190570009003010,2
190570009003011,2
190570009003012,2
190570009003013,2
190570009003014,2
190570009003015,2
190570009003016,2
190570009003020,2
190570009003021,2
190570010001039,2
190570010001040,2
190570010001041,2
190570010001043,2
190570010001053,2
190570010006022,2
190570010006029,2
190570010006031,2
190570010006033,2
190570010006034,2
190570010006035,2
190570002004003,2
190570002004004,2
190570004002006,2
190570004002007,2
190570004002008,2
190570004002014,2
190570004002015,2
190570004002016,2
190570004002017,2
190570004002018,2
190570004002019,2
190570004002020,2
190570004002021,2
190570004002022,2
190570004002023,2
190570004002024,2
190570004002025,2
190570004002026,2
190570004002027,2
190570004002028,2
190570004002029,2
190570004002030,2
190570004002031,2
190570004003000,2
190570004003001,2
190570004003002,2
190570004003004,2
190570004003005,2
190570004003006,2
190570004003007,2
190570004003008,2
190570004003009,2
190570004003010,2
190570004003011,2
190570004003012,2
190570004003013,2
190570004003014,2
190570004003015,2
190570004003016,2
190570004003017,2
190570004003018,2
190570004003019,2
190570005001000,2
190570005001001,2
190570005001002,2
190570005001003,2
190570005001004,2
190570005001005,2
190570005001006,2
190570005001007,2
190570005001008,2
190570005001009,2
190570005001010,2
190570005001011,2
190570005001012,2
190570005001013,2
190570005001014,2
190570005001015,2
190570005001016,2
190570005001017,2
190570005001018,2
190570005001019,2
190570005001020,2
190570005001021,2
190570005001022,2
190570005001023,2
190570005001024,2
190570005001025,2
190570005001026,2
190570005001027,2
190570005001028,2
190570005001029,2
190570005001030,2
190570005001031,2
190570005001032,2
190570005001033,2
190570005001034,2
190570005001035,2
190570005002000,2
190570005002001,2
190570005002002,2
190570005002003,2
190570005002004,2
190570005002005,2
190570005002006,2
190570005002007,2
190570005002008,2
190570005002009,2
190570005002010,2
190570005002011,2
190570005002012,2
190570005002013,2
190570005002014,2
190570005002015,2
190570005002016,2
190570005002017,2
190570005002018,2
190570005002019,2
190570005002020,2
190570005002021,2
190570005002029,2
190570002004015,2
190570002004016,2
190570003003000,2
190570003003001,2
190570003003002,2
190570003003003,2
190570003003004,2
190570003003005,2
190570003003006,2
190570003003007,2
190570003003008,2
190570003003009,2
190570003003010,2
190570003003011,2
190570004001000,2
190570004001001,2
190570004001002,2
190570004001003,2
190570004001004,2
190570004001005,2
190570004001006,2
190570004001007,2
190570004001008,2
190570004001009,2
190570004001010,2
190570004001011,2
190570004001012,2
190570004001013,2
190570004001014,2
190570004001015,2
190570004001016,2
190570004001017,2
190570004001018,2
190570004001019,2
190570004001020,2
190570004001021,2
190570004001022,2
190570004001023,2
190570004001024,2
190570004001025,2
190570004001026,2
190570004001027,2
190570004001028,2
190570004001029,2
190570004001030,2
190570004003003,2
190570004003020,2
190570004003021,2
190570004004000,2
190570004004001,2
190570004004002,2
190570004004003,2
190570004004004,2
190570004004005,2
190570004004006,2
190570004004007,2
190570004004008,2
190570004004009,2
190570004004010,2
190570004004011,2
190570004004013,2
190570004004014,2
190570004005000,2
190570004005001,2
190570004005002,2
190570004005003,2
190570004005004,2
190570004005005,2
190570004005006,2
190570004005007,2
190570004005008,2
190570004005009,2
190570004005010,2
190570004005011,2
190570004005012,2
190570004005013,2
190570004005014,2
190570004005015,2
190570004005016,2
190570004005017,2
190570004005018,2
190570004005019,2
190570003004003,2
190570003004004,2
190570003004005,2
190570003004008,2
190570003004009,2
190570003004010,2
190570003004011,2
190570003004012,2
190570003004013,2
190570003004014,2
190570003005000,2
190570003005001,2
190570003005002,2
190570003005003,2
190570003005004,2
190570003005005,2
190570003005007,2
190570003005008,2
190570003005009,2
190570007001000,2
190570007001001,2
190570007001002,2
190570007001003,2
190570007001004,2
190570007001005,2
190570007001006,2
190570007001007,2
190570007001008,2
190570007001009,2
190570007001010,2
190570007001011,2
190570007001012,2
190570007001013,2
190570007001014,2
190570007001015,2
190570007001016,2
190570007001017,2
190570007001018,2
190570007003004,2
190570007003005,2
190570007003006,2
190570007003007,2
190570007003008,2
190570007003009,2
190570007003010,2
190570007003011,2
190570007003015,2
190570007003016,2
190570008003038,2
190570008003039,2
190570008003040,2
190570008003041,2
190570008003046,2
190570008003047,2
190570008003048,2
190570008003049,2
190570004003022,2
190570004003023,2
190570004004012,2
190570004004015,2
190570005003000,2
190570005003001,2
190570005003002,2
190570005003003,2
190570005003004,2
190570005003005,2
190570005003006,2
190570005003007,2
190570005003008,2
190570005003009,2
190570005003010,2
190570005003011,2
190570005003012,2
190570005003013,2
190570005003014,2
190570005003015,2
190570005003016,2
190570005003017,2
190570005003018,2
190570005003019,2
190570005003020,2
190570005003021,2
190570005003022,2
190570005003023,2
190570005003024,2
190570005003025,2
190570005003026,2
190570005003027,2
190570005003028,2
190570005003029,2
190570005003030,2
190570005003031,2
190570005004000,2
190570005004001,2
190570005004002,2
190570005004003,2
190570005004004,2
190570005004005,2
190570005004006,2
190570005004007,2
190570005004008,2
190570005004009,2
190570005004010,2
190570005004011,2
190570005004012,2
190570007002000,2
190570007003000,2
190570007003001,2
190570007003002,2
190570007003003,2
190570007003022,2
190570007003023,2
190570007003024,2
190570007003025,2
190570007003026,2
190570007003027,2
190570007003028,2
190570012002000,2
190570012002003,2
190570005002022,2
190570005002023,2
190570005002024,2
190570005002025,2
190570005002026,2
190570005002027,2
190570005002028,2
190570005002030,2
190570005005000,2
190570005005001,2
190570005005002,2
190570005005003,2
190570005005004,2
190570005005005,2
190570005005006,2
190570005005007,2
190570005005008,2
190570005005009,2
190570005005010,2
190570005005011,2
190570005005012,2
190570005005013,2
190570005005014,2
190570005005015,2
190570005005016,2
190570005005017,2
190570005005018,2
190570005005019,2
190570005005020,2
190570005006000,2
190570005006001,2
190570005006002,2
190570005006003,2
190570005006004,2
190570005006005,2
190570005006006,2
190570005006007,2
190570005006008,2
190570005006009,2
190570005006010,2
190570005006011,2
190570005006012,2
190570005006013,2
190570005006014,2
190570005006015,2
190570005006016,2
190570005006017,2
190570005006018,2
190570005006019,2
190570005006020,2
190570005006021,2
190570005006022,2
190570005006023,2
190570005006024,2
190570005006025,2
190570005006026,2
190570005006027,2
190570005006028,2
190570005006029,2
190570005006030,2
190570005006031,2
190570005006032,2
190570006001000,2
190570006001001,2
190570006001002,2
190570006001003,2
190570006001004,2
190570006001005,2
190570006001006,2
190570006001007,2
190570006001008,2
190570006001009,2
190570006001010,2
190570006001011,2
190570006001012,2
190570006001013,2
190570006001014,2
190570006001015,2
190570006002000,2
190570006002001,2
190570006002002,2
190570006002003,2
190570006002004,2
190570006002005,2
190570006002006,2
190570006002007,2
190570006002008,2
190570006002009,2
190570006002010,2
190570006002011,2
190570006002012,2
190570006002013,2
190570006003003,2
190570006003004,2
190570006003005,2
190570006003006,2
190570006003007,2
190570006003008,2
190570006004000,2
190570006004001,2
190570006004002,2
190570006004003,2
190570006004004,2
190570006004005,2
190570006004006,2
190570006004007,2
190570006004008,2
190570006004009,2
190570006004010,2
190570006004011,2
190570006004012,2
190570006004013,2
190570006004014,2
190570006004015,2
190570006002014,2
190570006002015,2
190570006002016,2
190570006002017,2
190570006002018,2
190570006002019,2
190570006002020,2
190570006003000,2
190570006003001,2
190570006003002,2
190570006003009,2
190570006003010,2
190570006003011,2
190570006003012,2
190570006003013,2
190570006003014,2
190570006003015,2
190570006003016,2
190570006003017,2
190570006003018,2
190570006003019,2
190570006003020,2
190570006003021,2
190570006003022,2
190570006003023,2
190570006003024,2
190570006003025,2
190570006003026,2
190570006004016,2
190570006004017,2
190570006004018,2
190570006004019,2
190570006004020,2
190570006004021,2
190570006004022,2
190570006004023,2
190570006005000,2
190570006005001,2
190570006005002,2
190570006005003,2
190570006005004,2
190570006005005,2
190570006005006,2
190570006005007,2
190570006005008,2
190570006005009,2
190570006005010,2
190570007002002,2
190570007002003,2
190570007002006,2
190570007002007,2
190570007002012,2
190570007002013,2
190570007002001,2
190570007002004,2
190570007002005,2
190570007002008,2
190570007002009,2
190570007002010,2
190570007002011,2
190570007003029,2
190570012002001,2
190570012002002,2
190570012002004,2
190570012002005,2
190570012002006,2
190570012002013,2
190570012002014,2
190570012002015,2
190570012002016,2
190570012002020,2
190570012002026,2
190570012002027,2
190570012002028,2
190570012002029,2
190570012002030,2
190570012002031,2
190570012002032,2
190570012002033,2
190570007003012,2
190570007003013,2
190570007003014,2
190570007003017,2
190570007003018,2
190570007003019,2
190570007003020,2
190570007003021,2
190570012001047,2
190570012001048,2
190570012001049,2
190570012001050,2
190570012001051,2
190570012001052,2
190570012001053,2
190570012001054,2
190570012001055,2
190570012001056,2
190570012001057,2
190570012001058,2
190570012001059,2
190570012001060,2
190570012001061,2
190570012001062,2
190570012001063,2
190570012001064,2
190570012001065,2
190570012001066,2
190570012001067,2
190570012001068,2
190570012001069,2
190570012001070,2
190570012001073,2
190570012001076,2
190570012001077,2
190570012001078,2
190570012001080,2
190570012001081,2
190570012001082,2
190570012001083,2
190570012001084,2
190570012001085,2
190570012001086,2
190570012001087,2
190570012001088,2
190570012001089,2
190570012001090,2
190570012001091,2
190570012001092,2
190570012001093,2
190570012001094,2
190570012001095,2
190570012001096,2
190570012001097,2
190570012001098,2
190570012001099,2
190570012001100,2
190570012001101,2
190570012001102,2
190570012001103,2
190570012001104,2
190570012001105,2
190570012001106,2
190570012001107,2
190570012001108,2
190570012001109,2
190570012001110,2
190570012001111,2
190570012001112,2
190570012001113,2
190570012001116,2
190570012001117,2
190570012001118,2
190570012001119,2
190570012001120,2
190570012001121,2
190570012001122,2
190570012001123,2
190570012002007,2
190570012002008,2
190570012002009,2
190570012002010,2
190570012002011,2
190570012002012,2
190570012002017,2
190570012002018,2
190570012002019,2
190570012002021,2
190570012002022,2
190570012002023,2
190570012002024,2
190570012002025,2
190570012002034,2
190570012004038,2
190570012004039,2
190570012004040,2
190570012004058,2
190570012004059,2
190570012004060,2
190570008001000,2
190570008001001,2
190570008001002,2
190570008001003,2
190570008001004,2
190570008001005,2
190570008001006,2
190570008001007,2
190570008001008,2
190570008001009,2
190570008001010,2
190570008001011,2
190570008001012,2
190570008001013,2
190570008001014,2
190570008001015,2
190570008001016,2
190570008001017,2
190570008001018,2
190570008001019,2
190570008001020,2
190570008001021,2
190570008001022,2
190570008001023,2
190570008001024,2
190570008001025,2
190570008001026,2
190570008001027,2
190570008001028,2
190570008001029,2
190570008001030,2
190570008002000,2
190570008002001,2
190570008002002,2
190570008002003,2
190570008002004,2
190570008002005,2
190570008002006,2
190570008002007,2
190570008002008,2
190570008002009,2
190570008002010,2
190570008002011,2
190570008002012,2
190570008002013,2
190570008002014,2
190570008002015,2
190570008002016,2
190570008003002,2
190570008003006,2
190570008003010,2
190570008003011,2
190570008003013,2
190570008003014,2
190570008003015,2
190570008003016,2
190570008003017,2
190570008003018,2
190570008003019,2
190570008003020,2
190570008003021,2
190570008003022,2
190570008003023,2
190570008003024,2
190570008003025,2
190570008003026,2
190570008003027,2
190570008003028,2
190570008003029,2
190570008003030,2
190570008003031,2
190570008003032,2
190570008003034,2
190570008003035,2
190570008003036,2
190570008003037,2
190570008003042,2
190570008003043,2
190570008003044,2
190570008003045,2
190570008004000,2
190570008004001,2
190570008004002,2
190570008004003,2
190570008004004,2
190570008004005,2
190570008004006,2
190570008004007,2
190570008004008,2
190570008004009,2
190570008004010,2
190570008004011,2
190570011003034,2
190570011003036,2
190570011003039,2
190570011003040,2
190570011003041,2
190570011003043,2
190570011003044,2
190570011003045,2
190570011003046,2
190570011005016,2
190570011005017,2
190570011005018,2
190570008003000,2
190570008003001,2
190570008003004,2
190570008003005,2
190570008003007,2
190570008003009,2
190570008003033,2
190570009002021,2
190570009003001,2
190570009003002,2
190570009003003,2
190570009003004,2
190570009003005,2
190570009003006,2
190570009003007,2
190570009003008,2
190570009003009,2
190570009003018,2
190570009003019,2
190570010006002,2
190570010006003,2
190570010006009,2
190570010006010,2
190570010006014,2
190570010006015,2
190570010006016,2
190570011002073,2
190570011002074,2
190570011003003,2
190570011003004,2
190570011003005,2
190570011003006,2
190570011003007,2
190570011003008,2
190570011003009,2
190570011003010,2
190570011003011,2
190570011003012,2
190570011003013,2
190570011003014,2
190570011003015,2
190570011003016,2
190570011003017,2
190570011003018,2
190570011003019,2
190570011003020,2
190570011003021,2
190570011003022,2
190570011003023,2
190570011003024,2
190570011003025,2
190570011003026,2
190570011003027,2
190570011003028,2
190570011003029,2
190570011003030,2
190570011003031,2
190570011003032,2
190570011003033,2
190570011003035,2
190570011003037,2
190570011003038,2
190570011003042,2
190570011004000,2
190570011004001,2
190570011004029,2
190570011004030,2
190570011004031,2
190570011004037,2
190570011004038,2
190570011004055,2
190570011004056,2
190570011004057,2
190570011004058,2
190570011005000,2
190570011005001,2
190570011005002,2
190570011005003,2
190570011005004,2
190570011005005,2
190570011005006,2
190570011005007,2
190570011005008,2
190570011005009,2
190570011005010,2
190570011005011,2
190570011005012,2
190570011005013,2
190570011005014,2
190570011005015,2
190570011005019,2
190570011005020,2
190570011005021,2
190570011005022,2
190570011005023,2
190570011005024,2
190570011005025,2
190570011005026,2
190570011005027,2
190570012001000,2
190570012001001,2
190570012001002,2
190570012001024,2
190570012001025,2
190570012001026,2
190570012001027,2
190570012001028,2
190570012001029,2
190570012001045,2
190570012001046,2
190570012001114,2
190570012001115,2
190570010001000,2
190570010001001,2
190570010001002,2
190570010001003,2
190570010001004,2
190570010001005,2
190570010001006,2
190570010001007,2
190570010001008,2
190570010001009,2
190570010001010,2
190570010001011,2
190570010001012,2
190570010001013,2
190570010001014,2
190570010004013,2
190570010004014,2
190570010004015,2
190570010004018,2
190570010004019,2
190570010004020,2
190570010004022,2
190570010004023,2
190570010004024,2
190570010004025,2
190570010004026,2
190570010004027,2
190570010004028,2
190570010004029,2
190570010004042,2
190570010004043,2
190570010004045,2
190570010005061,2
190570010005062,2
190570010005063,2
190570010005064,2
190570010005065,2
190570010005066,2
190570010005067,2
190570010005068,2
190570010005081,2
190570010005094,2
190570010006000,2
190570010006007,2
190570010002000,2
190570010002001,2
190570010002002,2
190570010002003,2
190570010002004,2
190570010002005,2
190570010002006,2
190570010002007,2
190570010002008,2
190570010002009,2
190570010002010,2
190570010002011,2
190570010002012,2
190570010002013,2
190570010002014,2
190570010002015,2
190570010002016,2
190570010002017,2
190570010002018,2
190570010002019,2
190570010002020,2
190570010002021,2
190570010002022,2
190570010002023,2
190570010002024,2
190570010002025,2
190570010002026,2
190570010002027,2
190570010002028,2
190570010002029,2
190570010002030,2
190570010002031,2
190570010002032,2
190570010002033,2
190570010002034,2
190570010002035,2
190570010002036,2
190570010002037,2
190570010002038,2
190570010002039,2
190570010002040,2
190570010003000,2
190570010003001,2
190570010003002,2
190570010003003,2
190570010003004,2
190570010003005,2
190570010003006,2
190570010003007,2
190570010003008,2
190570010003009,2
190570010003010,2
190570010003011,2
190570010003012,2
190570010003013,2
190570010003014,2
190570010003015,2
190570010003016,2
190570010003017,2
190570010003018,2
190570010003019,2
190570010003020,2
190570010003021,2
190570010003022,2
190570010003023,2
190570010003024,2
190570010003025,2
190570010003026,2
190570010003027,2
190570010003028,2
190570010003029,2
190570010004003,2
190570010004004,2
190570010004005,2
190570010004006,2
190570010004007,2
190570010004012,2
190570010004016,2
190570010004017,2
190570010005024,2
190570010005025,2
190570010005026,2
190570010005027,2
190570010005028,2
190570010005029,2
190570010005030,2
190570010005031,2
190570010005032,2
190570010005089,2
190570010005090,2
190570011001000,2
190570011001001,2
190570011001002,2
190570011001003,2
190570011001004,2
190570011001005,2
190570011001025,2
190570011001026,2
190570011001027,2
190570011001028,2
190570011001029,2
190570011001030,2
190570011001031,2
190570011001032,2
190570011001033,2
190570011001034,2
190570011001035,2
190570011001036,2
190570011001037,2
190570011001038,2
190570011001039,2
190570011001040,2
190570011001041,2
190570011001042,2
190570011001043,2
190570011001044,2
190570011001088,2
190570011001089,2
190570011001090,2
190570011001091,2
190570011001092,2
190570011001093,2
190570011001094,2
190570011001095,2
190570010004000,2
190570010004001,2
190570010004002,2
190570010004008,2
190570010004009,2
190570010004010,2
190570010004011,2
190570010004021,2
190570010005000,2
190570010005001,2
190570010005002,2
190570010005003,2
190570010005004,2
190570010005005,2
190570010005006,2
190570010005007,2
190570010005008,2
190570010005009,2
190570010005010,2
190570010005011,2
190570010005012,2
190570010005013,2
190570010005014,2
190570010005015,2
190570010005016,2
190570010005017,2
190570010005018,2
190570010005019,2
190570010005020,2
190570010005021,2
190570010005022,2
190570010005023,2
190570010005033,2
190570010005034,2
190570010005035,2
190570010005036,2
190570010005037,2
190570010005038,2
190570010005039,2
190570010005040,2
190570010005041,2
190570010005042,2
190570010005043,2
190570010005044,2
190570010005045,2
190570010005046,2
190570010005047,2
190570010005069,2
190570010005070,2
190570010005074,2
190570010005075,2
190570010004030,2
190570010004031,2
190570010004032,2
190570010004033,2
190570010004034,2
190570010004035,2
190570010004036,2
190570010004037,2
190570010004038,2
190570010004039,2
190570010004040,2
190570010004041,2
190570010004044,2
190570010004046,2
190570010006001,2
190570011001096,2
190570011001097,2
190570011001098,2
190570011001099,2
190570011001100,2
190570011001101,2
190570011001102,2
190570011002000,2
190570011002001,2
190570011002002,2
190570011002003,2
190570011002004,2
190570011002005,2
190570011002006,2
190570011002063,2
190570011002064,2
190570011002065,2
190570011002066,2
190570011002067,2
190570011002068,2
190570011002071,2
190570011002072,2
190570011002077,2
190570011002078,2
190570011002079,2
190570011002080,2
190570011002081,2
190570011002082,2
190570011002083,2
190570011002084,2
190570011002085,2
190570011002086,2
190570011002087,2
190570011002088,2
190570011003000,2
190570011003001,2
190570011003002,2
190570010005048,2
190570010005049,2
190570010005050,2
190570010005051,2
190570010005052,2
190570010005053,2
190570010005054,2
190570010005055,2
190570010005056,2
190570010005057,2
190570010005058,2
190570010005071,2
190570010005072,2
190570010005073,2
190570010005076,2
190570010005077,2
190570010005078,2
190570010005079,2
190570010005080,2
190570010005082,2
190570010005083,2
190570010005084,2
190570010005085,2
190570010005087,2
190570010005088,2
190570010005091,2
190570010005092,2
190570010005093,2
190570011001006,2
190570011001007,2
190570011001008,2
190570011001009,2
190570011001010,2
190570011001011,2
190570011001012,2
190570011001013,2
190570011001014,2
190570011001015,2
190570011001016,2
190570011001017,2
190570011001018,2
190570011001019,2
190570011001020,2
190570011001021,2
190570011001022,2
190570011001023,2
190570011001024,2
190570011001045,2
190570011001046,2
190570011001047,2
190570011001048,2
190570011001049,2
190570011001050,2
190570011001051,2
190570011001052,2
190570011001053,2
190570011001054,2
190570011001055,2
190570011001056,2
190570011001057,2
190570011001058,2
190570011001059,2
190570011001060,2
190570011001061,2
190570011001062,2
190570011001063,2
190570011001064,2
190570011001065,2
190570011001066,2
190570011001067,2
190570011001068,2
190570011001069,2
190570011001070,2
190570011001071,2
190570011001072,2
190570011001073,2
190570011001074,2
190570011001075,2
190570011001076,2
190570011001077,2
190570011001078,2
190570011001079,2
190570011001080,2
190570011001081,2
190570011001086,2
190570011001087,2
190570011001104,2
190570011001109,2
190570011001082,2
190570011001083,2
190570011001084,2
190570011001085,2
190570011001103,2
190570011001105,2
190570011001106,2
190570011001107,2
190570011001108,2
190570011002007,2
190570011002008,2
190570011002009,2
190570011002010,2
190570011002011,2
190570011002012,2
190570011002013,2
190570011002014,2
190570011002015,2
190570011002016,2
190570011002017,2
190570011002018,2
190570011002019,2
190570011002020,2
190570011002021,2
190570011002022,2
190570011002023,2
190570011002024,2
190570011002025,2
190570011002026,2
190570011002027,2
190570011002028,2
190570011002029,2
190570011002030,2
190570011002031,2
190570011002032,2
190570011002033,2
190570011002034,2
190570011002035,2
190570011002036,2
190570011002037,2
190570011002038,2
190570011002039,2
190570011002040,2
190570011002041,2
190570011002042,2
190570011002043,2
190570011002044,2
190570011002045,2
190570011002046,2
190570011002047,2
190570011002052,2
190570011002053,2
190570011002059,2
190570011002060,2
190570011002061,2
190570011002062,2
190570011002069,2
190570011002070,2
190570011002089,2
190570011004005,2
190570011004006,2
190570011004007,2
190570011004008,2
190570011004009,2
190570011004010,2
190570012004000,2
190570011002048,2
190570011002049,2
190570011002050,2
190570011002051,2
190570011002054,2
190570011002055,2
190570011002056,2
190570011002057,2
190570011002058,2
190570011002075,2
190570011002076,2
190570011004002,2
190570011004003,2
190570011004004,2
190570011004011,2
190570011004012,2
190570011004013,2
190570011004014,2
190570011004015,2
190570011004016,2
190570011004017,2
190570011004018,2
190570011004019,2
190570011004020,2
190570011004021,2
190570011004022,2
190570011004023,2
190570011004024,2
190570011004025,2
190570011004026,2
190570011004027,2
190570011004028,2
190570011004032,2
190570011004033,2
190570011004034,2
190570011004035,2
190570011004036,2
190570011004039,2
190570011004040,2
190570011004041,2
190570011004042,2
190570011004043,2
190570011004045,2
190570011004051,2
190570011004052,2
190570011004053,2
190570011004054,2
190570012001011,2
190570012001014,2
190570012001015,2
190570012001016,2
190570012001017,2
190570012001018,2
190570012001019,2
190570012001020,2
190570012001021,2
190570012001022,2
190570012001023,2
190570012001031,2
190570012001071,2
190570012001072,2
190570012001074,2
190570012001075,2
190570012001079,2
190570012003000,2
190570012003001,2
190570012003002,2
190570012003003,2
190570012003004,2
190570012003005,2
190570012003006,2
190570012003007,2
190570012003008,2
190570012003009,2
190570012003010,2
190570012003011,2
190570012003012,2
190570012003013,2
190570012003014,2
190570012003015,2
190570012003016,2
190570012003017,2
190570012003018,2
190570012003019,2
190570012003020,2
190570012003021,2
190570012003022,2
190570012003023,2
190570012004001,2
190570012004002,2
190570012004003,2
190570012004004,2
190570012004005,2
190570012004006,2
190570012004007,2
190570012004008,2
190570012004009,2
190570012004010,2
190570012004011,2
190570012004012,2
190570012004013,2
190570012004014,2
190570012004015,2
190570012004016,2
190570012004017,2
190570012004018,2
190570012004019,2
190570012004020,2
190570012004021,2
190570012004022,2
190570012004023,2
190570012004024,2
190570012004025,2
190570012004026,2
190570012004027,2
190570012004028,2
190570012004029,2
190570012004030,2
190570012004031,2
190570012004032,2
190570012004033,2
190570012004034,2
190570012004035,2
190570012004036,2
190570012004037,2
190570012004041,2
190570012004042,2
190570012004043,2
190570012004044,2
190570012004045,2
190570012004046,2
190570012004047,2
190570012004048,2
190570012004049,2
190570012004050,2
190570012004051,2
190570012004052,2
190570012004053,2
190570012004054,2
190570012004055,2
190570012004056,2
190570012004057,2
190570012004061,2
190570011004044,2
190570011004046,2
190570011004047,2
190570011004048,2
190570011004049,2
190570011004050,2
190570011004059,2
190570011004060,2
190570011004061,2
190570011004062,2
190570012001003,2
190570012001004,2
190570012001005,2
190570012001006,2
190570012001007,2
190570012001008,2
190570012001009,2
190570012001010,2
190570012001012,2
190570012001013,2
190570012001030,2
190570012001032,2
190570012001033,2
190570012001034,2
190570012001035,2
190570012001036,2
190570012001037,2
190570012001038,2
190570012001039,2
190570012001040,2
190570012001041,2
190570012001042,2
190570012001043,2
190570012001044,2
190570012004062,2
190594502001000,4
190594502001001,4
190594502001002,4
190594502001003,4
190594502001004,4
190594502001005,4
190594502001006,4
190594502001007,4
190594502001008,4
190594502001009,4
190594502001014,4
190594502001015,4
190594502001016,4
190594502001017,4
190594502001032,4
190594502001033,4
190594502001034,4
190594502001035,4
190594502001036,4
190594502001037,4
190594502001038,4
190594502001039,4
190594502001040,4
190594502001041,4
190594502001042,4
190594502001054,4
190594502001055,4
190594502001056,4
190594502001057,4
190594502001058,4
190594502001059,4
190594502001060,4
190594502001061,4
190594502001062,4
190594502001063,4
190594502001067,4
190594502001068,4
190594502001069,4
190594502001096,4
190594502001097,4
190594502001267,4
190594502001268,4
190594502001269,4
190594510004025,4
190594510004026,4
190594510004027,4
190594510004028,4
190594510004029,4
190594510004030,4
190594510004031,4
190594510004037,4
190594510004038,4
190594510004051,4
190594510004052,4
190594510004053,4
190594510004054,4
190594510004055,4
190594510004056,4
190594510004057,4
190594510004058,4
190594502001010,4
190594502001011,4
190594502001012,4
190594502001013,4
190594502001018,4
190594502001019,4
190594502001020,4
190594502001021,4
190594502001022,4
190594502001023,4
190594502001024,4
190594502001025,4
190594502001026,4
190594502001027,4
190594502001028,4
190594502001029,4
190594502001030,4
190594502001031,4
190594502001043,4
190594502001044,4
190594502001045,4
190594502001046,4
190594502001047,4
190594502001048,4
190594502001049,4
190594502001262,4
190594502001263,4
190594502001264,4
190594502002000,4
190594502002007,4
190594502002008,4
190594502002009,4
190594502002010,4
190594502002011,4
190594502002014,4
190594502002015,4
190594502002024,4
190594502002042,4
190594502002073,4
190594502002074,4
190594502001050,4
190594502001051,4
190594502001075,4
190594502001076,4
190594502001077,4
190594502001078,4
190594502001079,4
190594502001080,4
190594502001081,4
190594502001082,4
190594502001083,4
190594502001084,4
190594502001085,4
190594502001086,4
190594502001087,4
190594502001088,4
190594502001110,4
190594502001111,4
190594502001112,4
190594502001113,4
190594502001114,4
190594502001115,4
190594502001116,4
190594502001117,4
190594502001118,4
190594502001119,4
190594502001120,4
190594502001121,4
190594502001125,4
190594502001126,4
190594502001127,4
190594502001128,4
190594502001129,4
190594502001130,4
190594502001131,4
190594502001132,4
190594502001133,4
190594502001134,4
190594502001135,4
190594502001136,4
190594502001137,4
190594502001138,4
190594502001139,4
190594502001148,4
190594502001149,4
190594502001150,4
190594502001151,4
190594502001261,4
190594502001052,4
190594502001053,4
190594502001064,4
190594502001065,4
190594502001066,4
190594502001070,4
190594502001071,4
190594502001072,4
190594502001073,4
190594502001074,4
190594502001089,4
190594502001090,4
190594502001091,4
190594502001092,4
190594502001093,4
190594502001094,4
190594502001095,4
190594502001098,4
190594502001099,4
190594502001100,4
190594502001101,4
190594502001102,4
190594502001104,4
190594502001105,4
190594502001106,4
190594502001107,4
190594502001108,4
190594502001109,4
190594502001122,4
190594502001123,4
190594502001124,4
190594502001140,4
190594502001141,4
190594502001175,4
190594502001176,4
190594502001177,4
190594502001178,4
190594502001183,4
190594502001184,4
190594502001186,4
190594510004059,4
190594510004060,4
190594510004061,4
190594510004066,4
190594511001000,4
190594511001001,4
190594511001002,4
190594511001003,4
190594511001005,4
190594511001006,4
190594511001007,4
190594511001008,4
190594511001009,4
190594511001010,4
190594511001011,4
190594511001012,4
190594511001013,4
190594511001014,4
190594511001015,4
190594511001016,4
190594511001017,4
190594511001018,4
190594511001019,4
190594511001020,4
190594511001021,4
190594511001022,4
190594511001023,4
190594511001024,4
190594511001025,4
190594511001026,4
190594511001027,4
190594511001028,4
190594511001029,4
190594511001034,4
190594511001035,4
190594511001037,4
190594511001038,4
190594511001039,4
190594511001040,4
190594511002012,4
190594511002013,4
190594511003000,4
190594511003009,4
190594502001103,4
190594502001185,4
190594511001036,4
190594511003001,4
190594511003002,4
190594511003003,4
190594511003004,4
190594511003005,4
190594511003006,4
190594511003007,4
190594511003008,4
190594511003010,4
190594511003011,4
190594511003012,4
190594511003013,4
190594511003014,4
190594511003015,4
190594511003016,4
190594511003017,4
190594511003018,4
190594511003019,4
190594511003024,4
190594511003035,4
190594511003036,4
190594511003037,4
190594502001142,4
190594502001143,4
190594502001144,4
190594502001145,4
190594502001146,4
190594502001147,4
190594502001152,4
190594502001153,4
190594502001154,4
190594502001155,4
190594502001156,4
190594502001157,4
190594502001158,4
190594502001159,4
190594502001160,4
190594502001161,4
190594502001162,4
190594502001163,4
190594502001164,4
190594502001165,4
190594502001166,4
190594502001167,4
190594502001168,4
190594502001169,4
190594502001170,4
190594502001171,4
190594502001213,4
190594502001214,4
190594502001215,4
190594502001216,4
190594502001217,4
190594502001218,4
190594502001219,4
190594502001220,4
190594502001221,4
190594502001222,4
190594502001223,4
190594502001224,4
190594502001236,4
190594502001237,4
190594502001238,4
190594502001239,4
190594502001240,4
190594502001241,4
190594502001242,4
190594502001243,4
190594502001244,4
190594502001245,4
190594502001246,4
190594502001247,4
190594502001248,4
190594502001249,4
190594502001252,4
190594502001253,4
190594502001254,4
190594502001255,4
190594502001256,4
190594502001257,4
190594502001258,4
190594502001259,4
190594502001260,4
190594502001172,4
190594502001173,4
190594502001174,4
190594502001179,4
190594502001180,4
190594502001181,4
190594502001182,4
190594502001187,4
190594502001188,4
190594502001189,4
190594502001190,4
190594502001192,4
190594502001193,4
190594502001194,4
190594502001195,4
190594502001196,4
190594502001197,4
190594502001198,4
190594502001199,4
190594502001200,4
190594502001201,4
190594502001202,4
190594502001203,4
190594502001204,4
190594502001205,4
190594502001206,4
190594502001207,4
190594502001208,4
190594502001209,4
190594502001210,4
190594502001211,4
190594502001212,4
190594502001225,4
190594502001226,4
190594502001227,4
190594502001228,4
190594502001229,4
190594502001230,4
190594502001231,4
190594502001232,4
190594502001233,4
190594502001234,4
190594502001265,4
190594502001266,4
190594508001004,4
190594508001005,4
190594508001033,4
190594508001034,4
190594508001035,4
190594508002006,4
190594508002007,4
190594508002029,4
190594508002031,4
190594502001191,4
190594502001250,4
190594502001251,4
190594511003020,4
190594511003021,4
190594511003022,4
190594511003023,4
190594511003025,4
190594511003026,4
190594511003027,4
190594511003028,4
190594511003029,4
190594511003030,4
190594511003031,4
190594511003032,4
190594511003033,4
190594511004014,4
190594511004015,4
190594511005026,4
190594511005027,4
190594502001235,4
190594508001031,4
190594508001032,4
190594508002037,4
190594508002038,4
190594508002055,4
190594508002057,4
190594508002058,4
190594508002059,4
190594508002061,4
190594508003009,4
190594508003010,4
190594508003011,4
190594508003012,4
190594508003013,4
190594508003014,4
190594508003021,4
190594508003022,4
190594508003023,4
190594508003024,4
190594508003025,4
190594508003026,4
190594508003027,4
190594508003028,4
190594508003029,4
190594508003030,4
190594508003031,4
190594508003032,4
190594508003033,4
190594508003034,4
190594508003091,4
190594508003092,4
190594508003093,4
190594508003094,4
190594508003095,4
190594508003096,4
190594508003097,4
190594508003098,4
190594508003099,4
190594508003100,4
190594508003106,4
190594508003107,4
190594508003108,4
190594508003109,4
190594508003110,4
190594508003111,4
190594508003112,4
190594508003113,4
190594510002085,4
190594502002001,4
190594502002002,4
190594502002003,4
190594502002004,4
190594502002005,4
190594502002006,4
190594502002012,4
190594502002013,4
190594502002016,4
190594502002017,4
190594502002018,4
190594502002019,4
190594502002020,4
190594502002021,4
190594502002022,4
190594502002023,4
190594502002025,4
190594502002026,4
190594502002027,4
190594502002028,4
190594502002029,4
190594502002030,4
190594502002031,4
190594502002032,4
190594502002033,4
190594502002034,4
190594502002035,4
190594502002036,4
190594502002037,4
190594502002038,4
190594502002039,4
190594502002040,4
190594502002041,4
190594502002043,4
190594502002044,4
190594502002045,4
190594502002046,4
190594502002047,4
190594502002048,4
190594502002049,4
190594502002050,4
190594502002051,4
190594502002052,4
190594502002053,4
190594502002054,4
190594502002055,4
190594502002056,4
190594502002057,4
190594502002058,4
190594502002059,4
190594502002060,4
190594502002061,4
190594502002062,4
190594502002063,4
190594502002064,4
190594502002065,4
190594502002066,4
190594502002067,4
190594502002068,4
190594502002069,4
190594502002070,4
190594502002071,4
190594502002072,4
190594502002075,4
190594502002076,4
190594505011000,4
190594505011001,4
190594505021011,4
190594505021014,4
190594505021015,4
190594505021016,4
190594505021017,4
190594505021018,4
190594505022043,4
190594508003016,4
190594508003017,4
190594510001000,4
190594510001001,4
190594510001002,4
190594510001004,4
190594510001005,4
190594510001006,4
190594510001007,4
190594510001008,4
190594510001009,4
190594510001010,4
190594510001011,4
190594510001012,4
190594510001013,4
190594510001014,4
190594510001015,4
190594510001017,4
190594510001018,4
190594510001019,4
190594510001020,4
190594510001021,4
190594510001022,4
190594510001023,4
190594510001024,4
190594510001025,4
190594510002018,4
190594510002019,4
190594510002024,4
190594510002025,4
190594510002026,4
190594510002027,4
190594510002028,4
190594510002029,4
190594510002030,4
190594510002031,4
190594510002032,4
190594510002033,4
190594510002034,4
190594510002035,4
190594510002057,4
190594510002058,4
190594510002059,4
190594510002062,4
190594510002063,4
190594510002064,4
190594510002067,4
190594510002068,4
190594510002071,4
190594510002072,4
190594510002073,4
190594510002074,4
190594510002075,4
190594510002076,4
190594510002077,4
190594510002078,4
190594510002079,4
190594510002080,4
190594510002081,4
190594510002082,4
190594510002083,4
190594510002084,4
190594510002086,4
190594511002032,4
190594511002034,4
190594511002035,4
190594511002036,4
190594511002064,4
190594511002065,4
190594511002068,4
190594511004010,4
190594511004011,4
190594511005000,4
190594511005025,4
190594511005036,4
190594505011002,4
190594505011003,4
190594505011004,4
190594505011005,4
190594505011006,4
190594505011007,4
190594505011008,4
190594505011009,4
190594505011010,4
190594505011011,4
190594505011012,4
190594505011013,4
190594505011014,4
190594505011015,4
190594505011016,4
190594505011017,4
190594505011018,4
190594505011019,4
190594505011020,4
190594505011021,4
190594505011022,4
190594505011023,4
190594505011024,4
190594505011025,4
190594505011026,4
190594505011027,4
190594505011028,4
190594505011029,4
190594505011030,4
190594505011031,4
190594505011032,4
190594505011033,4
190594505011034,4
190594505011035,4
190594505011036,4
190594505011037,4
190594505011038,4
190594505011039,4
190594505011040,4
190594505011041,4
190594505011042,4
190594505011043,4
190594505011044,4
190594505011045,4
190594505011046,4
190594505011047,4
190594505011048,4
190594505011049,4
190594505011050,4
190594505011051,4
190594505011052,4
190594505011053,4
190594505011054,4
190594505011055,4
190594505011056,4
190594505011057,4
190594505011058,4
190594505011059,4
190594505011060,4
190594505011061,4
190594505012000,4
190594505012001,4
190594505012002,4
190594505012003,4
190594505012004,4
190594505012005,4
190594505012006,4
190594505012007,4
190594505012008,4
190594505012009,4
190594505012010,4
190594505012011,4
190594505012012,4
190594505012013,4
190594505012014,4
190594505012015,4
190594505012016,4
190594505012017,4
190594505012018,4
190594505012019,4
190594505012020,4
190594505012021,4
190594505012022,4
190594505012023,4
190594505012024,4
190594505012025,4
190594505012026,4
190594505012027,4
190594505012028,4
190594505012029,4
190594505012030,4
190594505012031,4
190594505012032,4
190594505012033,4
190594505012034,4
190594505012035,4
190594505012036,4
190594505012037,4
190594505012038,4
190594505012039,4
190594505012040,4
190594505012041,4
190594505012042,4
190594505012043,4
190594505012044,4
190594505012045,4
190594505012046,4
190594505012047,4
190594505012048,4
190594505013003,4
190594505013004,4
190594505013005,4
190594505013006,4
190594505013007,4
190594505013008,4
190594505013009,4
190594505013010,4
190594505013011,4
190594505013012,4
190594505013013,4
190594505013014,4
190594505013015,4
190594505013016,4
190594505013017,4
190594505013018,4
190594505013019,4
190594505013020,4
190594505013021,4
190594505013022,4
190594505013023,4
190594505013024,4
190594505013025,4
190594505013026,4
190594505013027,4
190594505013028,4
190594505013029,4
190594505013030,4
190594505013031,4
190594505013032,4
190594505013033,4
190594505021000,4
190594505021001,4
190594505021002,4
190594505021003,4
190594505021004,4
190594505021005,4
190594505021006,4
190594505021007,4
190594505021008,4
190594505021009,4
190594505021010,4
190594505021012,4
190594505021013,4
190594505022000,4
190594505022001,4
190594505022002,4
190594505022003,4
190594505022004,4
190594505022005,4
190594505022006,4
190594505022007,4
190594505022008,4
190594505022009,4
190594505022010,4
190594505022011,4
190594505022012,4
190594505022013,4
190594505022014,4
190594505022015,4
190594505022016,4
190594505022017,4
190594505022018,4
190594505022019,4
190594505022020,4
190594505022021,4
190594505022022,4
190594505022023,4
190594505022024,4
190594505022025,4
190594505022026,4
190594505022027,4
190594505022028,4
190594505022029,4
190594505022030,4
190594505022031,4
190594505022032,4
190594505022033,4
190594505022034,4
190594505022035,4
190594505022036,4
190594505022037,4
190594505022038,4
190594505022039,4
190594505022040,4
190594505022041,4
190594505022042,4
190594505022044,4
190594505022045,4
190594505022046,4
190594505022047,4
190594505022048,4
190594510001003,4
190594510001016,4
190594510003041,4
190594510003044,4
190594510003045,4
190594510003046,4
190594510003047,4
190594510003048,4
190594510003071,4
190594510003091,4
190594510004062,4
190594510004063,4
190594510004064,4
190594510004065,4
190594510004067,4
190594511001004,4
190594511001031,4
190594511001032,4
190594511001042,4
190594511001043,4
190594511001044,4
190594511002000,4
190594511002001,4
190594511002002,4
190594511002003,4
190594511002004,4
190594511002005,4
190594511002006,4
190594511002007,4
190594511002008,4
190594511002027,4
190594511002028,4
190594511002037,4
190594511002054,4
190594511002055,4
190594511002056,4
190594511002057,4
190594511002058,4
190594511002059,4
190594511002060,4
190594511002061,4
190594511002062,4
190594511002066,4
190594511002067,4
190594505013000,4
190594510003027,4
190594510003028,4
190594510003029,4
190594510003030,4
190594510003031,4
190594510003032,4
190594510003042,4
190594510003043,4
190594510004013,4
190594510004014,4
190594510004015,4
190594510004016,4
190594510004017,4
190594510004034,4
190594510004043,4
190594510004044,4
190594510004045,4
190594510004046,4
190594510004047,4
190594510004048,4
190594510004070,4
190594505013001,4
190594505013002,4
190594510003005,4
190594510003006,4
190594510003024,4
190594510003025,4
190594510003026,4
190594510003033,4
190594510003069,4
190594510003070,4
190594510003072,4
190594510003073,4
190594510004000,4
190594510004001,4
190594510004002,4
190594510004003,4
190594510004004,4
190594510004005,4
190594510004006,4
190594510004007,4
190594510004008,4
190594510004009,4
190594510004010,4
190594510004011,4
190594510004012,4
190594510004018,4
190594510004019,4
190594510004020,4
190594510004021,4
190594510004022,4
190594510004023,4
190594510004024,4
190594510004032,4
190594510004033,4
190594510004035,4
190594510004036,4
190594510004039,4
190594510004040,4
190594510004041,4
190594510004042,4
190594510004049,4
190594510004050,4
190594510004068,4
190594510004069,4
190594510004071,4
190594508001000,4
190594508001001,4
190594508001002,4
190594508001003,4
190594508001006,4
190594508001007,4
190594508001008,4
190594508001009,4
190594508001010,4
190594508001011,4
190594508001012,4
190594508001013,4
190594508001014,4
190594508001015,4
190594508001016,4
190594508001017,4
190594508001018,4
190594508001019,4
190594508001020,4
190594508001021,4
190594508001022,4
190594508001023,4
190594508001024,4
190594508001025,4
190594508001026,4
190594508001027,4
190594508001028,4
190594508001029,4
190594508001030,4
190594508001036,4
190594508002000,4
190594508002001,4
190594508002002,4
190594508002003,4
190594508002004,4
190594508002005,4
190594508002008,4
190594508002009,4
190594508002010,4
190594508002011,4
190594508002012,4
190594508002013,4
190594508002014,4
190594508002015,4
190594508002016,4
190594508002017,4
190594508002018,4
190594508002019,4
190594508002020,4
190594508002021,4
190594508002022,4
190594508002023,4
190594508002024,4
190594508002025,4
190594508002026,4
190594508002027,4
190594508002028,4
190594508002030,4
190594508002032,4
190594508002033,4
190594508002034,4
190594508002035,4
190594508002036,4
190594508002039,4
190594508002040,4
190594508002041,4
190594508002042,4
190594508002043,4
190594508002044,4
190594508002045,4
190594508002046,4
190594508002047,4
190594508002048,4
190594508002049,4
190594508002050,4
190594508002051,4
190594508002052,4
190594508002053,4
190594508002054,4
190594508002056,4
190594508002060,4
190594508003015,4
190594508003019,4
190594508003020,4
190594508003118,4
190594508003119,4
190594511003034,4
190594511004005,4
190594511004012,4
190594511004013,4
190594511004016,4
190594511004017,4
190594511004018,4
190594511004019,4
190594511004020,4
190594511004021,4
190594511004022,4
190594511004023,4
190594511004024,4
190594511004025,4
190594511004026,4
190594511004027,4
190594511004028,4
190594511004029,4
190594508003000,4
190594508003001,4
190594508003002,4
190594508003003,4
190594508003004,4
190594508003005,4
190594508003006,4
190594508003007,4
190594508003008,4
190594508003035,4
190594508003036,4
190594508003037,4
190594508003038,4
190594508003039,4
190594508003040,4
190594508003041,4
190594508003042,4
190594508003043,4
190594508003044,4
190594508003045,4
190594508003046,4
190594508003047,4
190594508003048,4
190594508003049,4
190594508003050,4
190594508003051,4
190594508003052,4
190594508003053,4
190594508003054,4
190594508003055,4
190594508003056,4
190594508003057,4
190594508003058,4
190594508003059,4
190594508003060,4
190594508003061,4
190594508003062,4
190594508003063,4
190594508003064,4
190594508003065,4
190594508003066,4
190594508003067,4
190594508003068,4
190594508003069,4
190594508003070,4
190594508003071,4
190594508003072,4
190594508003073,4
190594508003074,4
190594508003075,4
190594508003076,4
190594508003077,4
190594508003078,4
190594508003079,4
190594508003080,4
190594508003081,4
190594508003082,4
190594508003083,4
190594508003084,4
190594508003085,4
190594508003086,4
190594508003087,4
190594508003088,4
190594508003089,4
190594508003090,4
190594508003101,4
190594508003102,4
190594508003103,4
190594508003104,4
190594508003105,4
190594508003114,4
190594508003115,4
190594508003116,4
190594508003117,4
190594508003018,4
190594510002061,4
190594510002065,4
190594510002066,4
190594510002069,4
190594510002070,4
190594511002069,4
190594511002070,4
190594511004000,4
190594511004001,4
190594511004002,4
190594511004003,4
190594511004004,4
190594511004006,4
190594511004007,4
190594511004008,4
190594511004009,4
190594511005001,4
190594511005002,4
190594511005003,4
190594511005004,4
190594511005005,4
190594511005006,4
190594511005007,4
190594511005008,4
190594511005009,4
190594511005010,4
190594511005011,4
190594511005012,4
190594511005013,4
190594511005014,4
190594511005015,4
190594511005016,4
190594511005017,4
190594511005018,4
190594511005019,4
190594511005020,4
190594511005021,4
190594511005022,4
190594511005023,4
190594511005024,4
190594511005028,4
190594511005029,4
190594511005030,4
190594511005031,4
190594511005032,4
190594511005033,4
190594511005034,4
190594511005035,4
190594511005037,4
190594511005038,4
190594511005039,4
190594511005040,4
190594510002000,4
190594510002001,4
190594510002002,4
190594510002003,4
190594510002004,4
190594510002005,4
190594510002006,4
190594510002007,4
190594510002008,4
190594510002009,4
190594510002010,4
190594510002011,4
190594510002012,4
190594510002013,4
190594510002014,4
190594510002015,4
190594510002016,4
190594510002017,4
190594510002020,4
190594510002021,4
190594510002022,4
190594510002023,4
190594510002036,4
190594510002037,4
190594510002038,4
190594510002039,4
190594510002040,4
190594510002041,4
190594510002042,4
190594510002043,4
190594510002044,4
190594510002045,4
190594510002046,4
190594510002047,4
190594510002048,4
190594510002049,4
190594510002050,4
190594510002051,4
190594510002052,4
190594510002053,4
190594510002054,4
190594510002055,4
190594510002056,4
190594510002060,4
190594510003081,4
190594510003082,4
190594510003083,4
190594510003084,4
190594510003086,4
190594510003087,4
190594510003088,4
190594510003000,4
190594510003001,4
190594510003002,4
190594510003003,4
190594510003004,4
190594510003007,4
190594510003008,4
190594510003009,4
190594510003010,4
190594510003011,4
190594510003012,4
190594510003013,4
190594510003014,4
190594510003015,4
190594510003016,4
190594510003017,4
190594510003018,4
190594510003019,4
190594510003020,4
190594510003021,4
190594510003022,4
190594510003023,4
190594510003034,4
190594510003035,4
190594510003036,4
190594510003037,4
190594510003038,4
190594510003039,4
190594510003040,4
190594510003049,4
190594510003050,4
190594510003057,4
190594510003065,4
190594510003066,4
190594510003067,4
190594510003068,4
190594510003085,4
190594510003051,4
190594510003052,4
190594510003053,4
190594510003054,4
190594510003055,4
190594510003056,4
190594510003058,4
190594510003059,4
190594510003060,4
190594510003061,4
190594510003062,4
190594510003063,4
190594510003064,4
190594510003074,4
190594510003075,4
190594510003076,4
190594510003077,4
190594510003078,4
190594510003079,4
190594510003080,4
190594510003089,4
190594510003090,4
190594511001030,4
190594511001033,4
190594511001041,4
190594511002009,4
190594511002010,4
190594511002011,4
190594511002014,4
190594511002015,4
190594511002016,4
190594511002017,4
190594511002018,4
190594511002019,4
190594511002020,4
190594511002021,4
190594511002022,4
190594511002023,4
190594511002024,4
190594511002025,4
190594511002026,4
190594511002029,4
190594511002030,4
190594511002031,4
190594511002033,4
190594511002038,4
190594511002039,4
190594511002040,4
190594511002041,4
190594511002042,4
190594511002043,4
190594511002044,4
190594511002045,4
190594511002046,4
190594511002047,4
190594511002048,4
190594511002049,4
190594511002050,4
190594511002051,4
190594511002052,4
190594511002053,4
190594511002063,4
190594511002071,4
190594511002072,4
190594511002073,4
190610001001000,1
190610001001001,1
190610001001002,1
190610001001003,1
190610001001004,1
190610001001005,1
190610001001006,1
190610001001007,1
190610001001008,1
190610001001009,1
190610001001016,1
190610001001017,1
190610001001018,1
190610001001019,1
190610001001020,1
190610001001021,1
190610001001022,1
190610001001023,1
190610001001024,1
190610001001027,1
190610001001034,1
190610001001035,1
190610001001044,1
190610003001000,1
190610003001001,1
190610003001002,1
190610003001003,1
190610003001004,1
190610003001005,1
190610003001006,1
190610003001007,1
190610003001008,1
190610003001009,1
190610003001010,1
190610003001011,1
190610003001012,1
190610003001013,1
190610003001014,1
190610003001015,1
190610003001016,1
190610003001017,1
190610003001018,1
190610003001019,1
190610003001020,1
190610003001021,1
190610003001022,1
190610003001023,1
190610003001024,1
190610003001025,1
190610003001026,1
190610003001027,1
190610003001028,1
190610003002000,1
190610003002001,1
190610003002002,1
190610003002003,1
190610003002004,1
190610003002005,1
190610003002006,1
190610003002007,1
190610003002008,1
190610003002009,1
190610003002010,1
190610003002012,1
190610003002013,1
190610003002014,1
190610003002015,1
190610003002016,1
190610003002017,1
190610003002018,1
190610005003005,1
190610005004027,1
190610101031004,1
190610101031005,1
190610101031006,1
190610101031007,1
190610101031008,1
190610101031013,1
190610101031014,1
190610101031015,1
190610101031016,1
190610101031017,1
190610101031018,1
190610101031019,1
190610101031020,1
190610101031021,1
190610001001010,1
190610001001011,1
190610001001012,1
190610001001013,1
190610001001014,1
190610001001015,1
190610001001025,1
190610001001026,1
190610001001028,1
190610001001029,1
190610001001030,1
190610001001031,1
190610001001032,1
190610001001033,1
190610001001036,1
190610001001037,1
190610001001038,1
190610001001039,1
190610001001040,1
190610001001041,1
190610001001042,1
190610001001043,1
190610001001045,1
190610001001046,1
190610001001047,1
190610001001048,1
190610001001049,1
190610001001050,1
190610001001051,1
190610001001052,1
190610001001053,1
190610001001054,1
190610001001055,1
190610001001056,1
190610001001057,1
190610001001058,1
190610001001059,1
190610001001060,1
190610001001061,1
190610001001062,1
190610001001063,1
190610001001064,1
190610001001065,1
190610001001066,1
190610001001067,1
190610001001068,1
190610001001069,1
190610001001070,1
190610001001071,1
190610001001072,1
190610001001073,1
190610001001074,1
190610001001075,1
190610001001076,1
190610001001077,1
190610001001078,1
190610001001079,1
190610001001080,1
190610001001081,1
190610001001082,1
190610001001083,1
190610001001084,1
190610001001086,1
190610001001087,1
190610001001088,1
190610001001089,1
190610001001090,1
190610001001091,1
190610001001092,1
190610001001093,1
190610001001094,1
190610001001095,1
190610001001096,1
190610001001097,1
190610001001098,1
190610001001099,1
190610001001100,1
190610001001101,1
190610001002000,1
190610001002001,1
190610001002002,1
190610001002003,1
190610001002004,1
190610001002005,1
190610001002006,1
190610001002007,1
190610001002008,1
190610001002009,1
190610001002010,1
190610001002011,1
190610001002012,1
190610001002013,1
190610001002014,1
190610001002015,1
190610001002016,1
190610001002017,1
190610001002018,1
190610001002019,1
190610001002020,1
190610001002021,1
190610001002022,1
190610001002023,1
190610001002024,1
190610001002025,1
190610001002026,1
190610001002027,1
190610001002028,1
190610001003000,1
190610001003011,1
190610001003012,1
190610001003013,1
190610001003014,1
190610001003015,1
190610001003016,1
190610001003017,1
190610001003018,1
190610001003019,1
190610001003020,1
190610001003021,1
190610001003022,1
190610001003023,1
190610001003024,1
190610001003025,1
190610001003026,1
190610001003027,1
190610001003029,1
190610001003030,1
190610001003031,1
190610001003032,1
190610001003033,1
190610001003034,1
190610001003035,1
190610001003036,1
190610001003037,1
190610001003038,1
190610001003039,1
190610001003040,1
190610001003041,1
190610001003042,1
190610005004022,1
190610005004023,1
190610005004024,1
190610005004025,1
190610005004026,1
190610001001085,1
190610001001102,1
190610001001103,1
190610001001104,1
190610001001105,1
190610001001106,1
190610008011000,1
190610008011001,1
190610008011002,1
190610008011003,1
190610008011005,1
190610008011006,1
190610008011007,1
190610008011008,1
190610008011012,1
190610008011013,1
190610008011014,1
190610008011015,1
190610008011016,1
190610008011017,1
190610008011018,1
190610008011019,1
190610008011020,1
190610008011021,1
190610008011022,1
190610008011024,1
190610008011027,1
190610008013000,1
190610008013001,1
190610008013002,1
190610008013003,1
190610008013004,1
190610008013005,1
190610008013006,1
190610008013007,1
190610008013008,1
190610008013009,1
190610008013010,1
190610008013011,1
190610008013012,1
190610008014000,1
190610008014001,1
190610008014002,1
190610008014003,1
190610008014004,1
190610008014005,1
190610008014006,1
190610008014007,1
190610008014008,1
190610008014009,1
190610008014010,1
190610008014011,1
190610008014012,1
190610008014013,1
190610008014014,1
190610008014015,1
190610008014016,1
190610008014017,1
190610008014018,1
190610008014019,1
190610008014020,1
190610008014021,1
190610008014022,1
190610008014023,1
190610008014024,1
190610008014025,1
190610008014026,1
190610008014027,1
190610008014028,1
190610008014029,1
190610008014030,1
190610008014031,1
190610008014032,1
190610001002029,1
190610001002030,1
190610001002031,1
190610001003028,1
190610007012000,1
190610007012001,1
190610007012002,1
190610007012003,1
190610007012004,1
190610007012005,1
190610007012006,1
190610007012007,1
190610007012008,1
190610007012009,1
190610007012010,1
190610007012011,1
190610007012012,1
190610007012013,1
190610007013000,1
190610007013009,1
190610007013012,1
190610007021000,1
190610007021001,1
190610007021002,1
190610007021003,1
190610007021004,1
190610007021005,1
190610007021006,1
190610007022000,1
190610007022001,1
190610007022002,1
190610007022003,1
190610007022004,1
190610007022005,1
190610007022006,1
190610007022007,1
190610007022008,1
190610007022009,1
190610007022010,1
190610007022011,1
190610007022012,1
190610007022015,1
190610007024000,1
190610007024011,1
190610007024012,1
190610007024015,1
190610001003001,1
190610001003002,1
190610001003003,1
190610001003004,1
190610001003005,1
190610001003006,1
190610001003007,1
190610001003008,1
190610001003009,1
190610001003010,1
190610006001000,1
190610006001001,1
190610006001002,1
190610006001003,1
190610006001008,1
190610006001009,1
190610006001010,1
190610006001013,1
190610006002000,1
190610006002001,1
190610006002003,1
190610006002004,1
190610006002005,1
190610006002006,1
190610006002007,1
190610006002008,1
190610006002009,1
190610007011000,1
190610007011001,1
190610007011002,1
190610007011003,1
190610007011004,1
190610007011009,1
190610007011010,1
190610003002011,1
190610004002000,1
190610004002001,1
190610004002002,1
190610004002003,1
190610004002004,1
190610004002005,1
190610004002006,1
190610004002007,1
190610004002008,1
190610004002010,1
190610004002011,1
190610004002012,1
190610004002013,1
190610004002014,1
190610004002015,1
190610004002016,1
190610004002017,1
190610004002018,1
190610004002019,1
190610004002020,1
190610004002021,1
190610004002022,1
190610004002023,1
190610004002024,1
190610004002025,1
190610004002026,1
190610005003000,1
190610005003001,1
190610005003002,1
190610005003003,1
190610005003004,1
190610005003006,1
190610005003007,1
190610005003008,1
190610005003009,1
190610005003010,1
190610005003011,1
190610005003012,1
190610005003013,1
190610005003014,1
190610005003015,1
190610005003016,1
190610005003017,1
190610005003018,1
190610005004000,1
190610005004001,1
190610005004002,1
190610005004003,1
190610005004004,1
190610005004005,1
190610005004006,1
190610005004007,1
190610005004008,1
190610005004009,1
190610005004010,1
190610005004011,1
190610005004012,1
190610005004013,1
190610005004014,1
190610005004015,1
190610005004016,1
190610005004017,1
190610005004018,1
190610005004019,1
190610005004020,1
190610005004021,1
190610004001000,1
190610004001001,1
190610004001002,1
190610004001003,1
190610004001004,1
190610004001005,1
190610004001006,1
190610004001007,1
190610004001008,1
190610004001009,1
190610004001010,1
190610004001011,1
190610004001012,1
190610004001013,1
190610004001014,1
190610004001015,1
190610004001016,1
190610004001017,1
190610004001018,1
190610004001019,1
190610004002009,1
190610004002027,1
190610005001004,1
190610005001005,1
190610005001006,1
190610005001007,1
190610005001008,1
190610005001009,1
190610005001010,1
190610005001011,1
190610005001012,1
190610005001013,1
190610005001014,1
190610005001015,1
190610005001016,1
190610005002000,1
190610005002001,1
190610005002002,1
190610005002003,1
190610005002004,1
190610005002005,1
190610005002006,1
190610005002007,1
190610005002008,1
190610005002009,1
190610005002010,1
190610005002011,1
190610005002012,1
190610005002013,1
190610005002014,1
190610005002015,1
190610005002016,1
190610005002017,1
190610005002018,1
190610011041000,1
190610101032024,1
190610004003000,1
190610004003001,1
190610004003002,1
190610004003003,1
190610004003004,1
190610005001000,1
190610005001001,1
190610005001002,1
190610005001003,1
190610101031009,1
190610101032002,1
190610101032005,1
190610101032006,1
190610101032007,1
190610101032008,1
190610101032009,1
190610101032010,1
190610101032011,1
190610101032012,1
190610101032013,1
190610101032014,1
190610101032015,1
190610101032016,1
190610101032017,1
190610101032018,1
190610101032019,1
190610101032020,1
190610101032021,1
190610101032022,1
190610101032023,1
190610101032029,1
190610101032030,1
190610101032031,1
190610101032032,1
190610006001004,1
190610006001005,1
190610006001006,1
190610006001007,1
190610006001011,1
190610006001012,1
190610006002002,1
190610006003000,1
190610006003001,1
190610006003002,1
190610006003003,1
190610006003004,1
190610006003005,1
190610006003006,1
190610006003007,1
190610007011005,1
190610007011006,1
190610007011007,1
190610007011008,1
190610007011011,1
190610007011012,1
190610007011013,1
190610007011014,1
190610007011015,1
190610007011016,1
190610009001000,1
190610009001001,1
190610009001003,1
190610009001042,1
190610011043006,1
190610007013001,1
190610007013002,1
190610007013003,1
190610007013004,1
190610007013005,1
190610007013006,1
190610007013007,1
190610007013008,1
190610007013010,1
190610007013011,1
190610007013013,1
190610007013014,1
190610007022013,1
190610007022014,1
190610007023000,1
190610007023001,1
190610007023002,1
190610007023003,1
190610007023004,1
190610007023005,1
190610007023006,1
190610007023007,1
190610007023008,1
190610007023009,1
190610007023010,1
190610007023011,1
190610007023012,1
190610007023013,1
190610007023014,1
190610007024001,1
190610007024002,1
190610007024003,1
190610007024004,1
190610007024005,1
190610007024006,1
190610007024007,1
190610007024008,1
190610007024009,1
190610007024010,1
190610007024013,1
190610007024014,1
190610007024016,1
190610007024017,1
190610007024018,1
190610007024019,1
190610007024020,1
190610007024021,1
190610007024022,1
190610007024023,1
190610009002000,1
190610009002001,1
190610009002002,1
190610009002004,1
190610009002005,1
190610009002006,1
190610009002007,1
190610009002008,1
190610009002009,1
190610009002010,1
190610009002011,1
190610009002012,1
190610009002013,1
190610009002014,1
190610009002015,1
190610009002016,1
190610009002017,1
190610009002018,1
190610009002019,1
190610009002020,1
190610009002021,1
190610008011004,1
190610008011009,1
190610008011010,1
190610008011011,1
190610008011025,1
190610008011026,1
190610101011004,1
190610101011005,1
190610101011010,1
190610101011019,1
190610101011021,1
190610101011026,1
190610101011029,1
190610101051000,1
190610101051001,1
190610101051002,1
190610101051003,1
190610101051004,1
190610101051005,1
190610101051006,1
190610101051007,1
190610101051008,1
190610101051009,1
190610101051010,1
190610101051011,1
190610101051012,1
190610101051013,1
190610101051014,1
190610101051015,1
190610101052000,1
190610101052001,1
190610101052003,1
190610101052004,1
190610101052005,1
190610101052006,1
190610101052007,1
190610101052026,1
190610101052027,1
190610101052028,1
190610101052029,1
190610101052030,1
190610101052031,1
190610101052032,1
190610101052033,1
190610101052041,1
190610101052042,1
190610101052043,1
190610008011023,1
190610008011028,1
190610008011029,1
190610008012002,1
190610008012011,1
190610008012012,1
190610008022000,1
190610008022001,1
190610008022002,1
190610008022003,1
190610008022004,1
190610008022005,1
190610008022006,1
190610008022007,1
190610008022008,1
190610008022009,1
190610008022011,1
190610008022012,1
190610101011000,1
190610101011001,1
190610101011002,1
190610101011003,1
190610101011006,1
190610101011007,1
190610101011008,1
190610101011009,1
190610101011012,1
190610101011017,1
190610101011020,1
190610101011022,1
190610101011023,1
190610101011025,1
190610101011030,1
190610101011033,1
190610101011034,1
190610101011035,1
190610101012000,1
190610101012001,1
190610101012002,1
190610101012003,1
190610101012004,1
190610101012005,1
190610101012007,1
190610101012008,1
190610101012009,1
190610101012010,1
190610101012011,1
190610101012012,1
190610101012013,1
190610101012014,1
190610101012015,1
190610101012016,1
190610101012017,1
190610101012018,1
190610101012027,1
190610101012028,1
190610101052011,1
190610101052012,1
190610101052014,1
190610101052015,1
190610101052016,1
190610101052017,1
190610101052018,1
190610101052023,1
190610101052024,1
190610101052025,1
190610101052039,1
190610101053001,1
190610101053002,1
190610101053011,1
190610101053013,1
190610101053014,1
190610008012000,1
190610008012001,1
190610008012003,1
190610008012004,1
190610008012005,1
190610008012006,1
190610008012007,1
190610008012008,1
190610008012009,1
190610008012010,1
190610008012013,1
190610008021000,1
190610008021001,1
190610008021002,1
190610008021003,1
190610008021004,1
190610008021005,1
190610008021006,1
190610008021007,1
190610008021008,1
190610008021009,1
190610008021010,1
190610008021011,1
190610008023000,1
190610008023001,1
190610008023002,1
190610008023003,1
190610008023004,1
190610008023005,1
190610008023006,1
190610008023007,1
190610008023008,1
190610008023009,1
190610008023010,1
190610008023011,1
190610008023012,1
190610008023013,1
190610008023014,1
190610008023016,1
190610008023017,1
190610008023018,1
190610008023020,1
190610012021019,1
190610012021020,1
190610012021021,1
190610012021022,1
190610101043011,1
190610101043013,1
190610101043041,1
190610008022010,1
190610008023015,1
190610008023019,1
190610012041000,1
190610012041001,1
190610012041002,1
190610012041003,1
190610012041004,1
190610012041005,1
190610012041006,1
190610012041017,1
190610012041018,1
190610012042000,1
190610012042001,1
190610012042002,1
190610012042003,1
190610012042004,1
190610012042005,1
190610012042006,1
190610012042007,1
190610012042008,1
190610012042009,1
190610012042010,1
190610012042011,1
190610012042012,1
190610012052000,1
190610012052001,1
190610012052002,1
190610012052003,1
190610012052004,1
190610012052005,1
190610012052006,1
190610012052007,1
190610012052008,1
190610012052009,1
190610012052010,1
190610012052011,1
190610012052012,1
190610012052013,1
190610012052014,1
190610012052015,1
190610012052016,1
190610012052017,1
190610012052018,1
190610101012025,1
190610101012026,1
190610101041019,1
190610101041020,1
190610101041022,1
190610101041027,1
190610101043000,1
190610101043001,1
190610101043002,1
190610101043003,1
190610101043004,1
190610101043005,1
190610101043006,1
190610101043008,1
190610101043009,1
190610101043010,1
190610101043012,1
190610101043014,1
190610101043015,1
190610101043016,1
190610101043017,1
190610101043018,1
190610101043019,1
190610101043020,1
190610101043021,1
190610101043022,1
190610101043023,1
190610101043024,1
190610101043025,1
190610101043026,1
190610101043027,1
190610101043028,1
190610101043030,1
190610101043031,1
190610101043032,1
190610101043033,1
190610101043034,1
190610101043035,1
190610101043036,1
190610101043037,1
190610101043040,1
190610101043042,1
190610101043043,1
190610101043044,1
190610101043045,1
190610101043046,1
190610101043047,1
190610101043048,1
190610101043049,1
190610101043050,1
190610101043051,1
190610101043052,1
190610101043055,1
190610101043066,1
190610102012002,1
190610102012017,1
190610102012018,1
190610102012019,1
190610102012020,1
190610102012022,1
190610102013031,1
190610102013032,1
190610102014005,1
190610102014034,1
190610102014035,1
190610102014036,1
190610102014038,1
190610102014039,1
190610102014040,1
190610102014041,1
190610102014042,1
190610102014047,1
190610102014048,1
190610102014050,1
190610102014053,1
190610009001002,1
190610009001004,1
190610009001005,1
190610009001006,1
190610009001007,1
190610009001012,1
190610009001013,1
190610009001015,1
190610009001016,1
190610009001017,1
190610009001018,1
190610009001019,1
190610009001020,1
190610009001021,1
190610009001022,1
190610009001023,1
190610009001024,1
190610009001025,1
190610009001026,1
190610009001027,1
190610009001028,1
190610009001029,1
190610009001030,1
190610009001031,1
190610009001032,1
190610009001033,1
190610009001034,1
190610009001035,1
190610009001036,1
190610009001037,1
190610009001038,1
190610009001039,1
190610009001040,1
190610009001041,1
190610009002003,1
190610009003000,1
190610009003001,1
190610009003002,1
190610009003003,1
190610009003004,1
190610009003005,1
190610009003006,1
190610009003007,1
190610009003008,1
190610009003009,1
190610009003010,1
190610009003011,1
190610009003012,1
190610009003013,1
190610009003014,1
190610009003015,1
190610009003016,1
190610009003018,1
190610009003019,1
190610009003020,1
190610009003021,1
190610009003022,1
190610009003023,1
190610012012000,1
190610012012001,1
190610012012002,1
190610012012003,1
190610012013000,1
190610012013001,1
190610012013002,1
190610012013003,1
190610012013004,1
190610012013005,1
190610012013012,1
190610012013019,1
190610012013020,1
190610012013021,1
190610012021017,1
190610009001008,1
190610009001009,1
190610009001010,1
190610009001011,1
190610009001014,1
190610011012000,1
190610011012001,1
190610011012002,1
190610011012003,1
190610011012004,1
190610011012005,1
190610011012006,1
190610011012007,1
190610011012008,1
190610011012009,1
190610011012010,1
190610011012011,1
190610012011000,1
190610012011004,1
190610012011005,1
190610012011009,1
190610012011011,1
190610009003017,1
190610012013006,1
190610012013007,1
190610012013008,1
190610012013009,1
190610012013010,1
190610012013011,1
190610012013013,1
190610012013014,1
190610012013015,1
190610012013016,1
190610012013017,1
190610012013018,1
190610012021003,1
190610012021004,1
190610012021005,1
190610012021006,1
190610012021007,1
190610012021008,1
190610012021009,1
190610012021010,1
190610012021011,1
190610012021012,1
190610012021013,1
190610012021014,1
190610012021015,1
190610012021016,1
190610012021018,1
190610012051007,1
190610012051008,1
190610012051009,1
190610012051010,1
190610012051011,1
190610012051012,1
190610012051013,1
190610012051021,1
190610012051022,1
190610012051023,1
190610011011000,1
190610011011001,1
190610011011002,1
190610011011003,1
190610011011004,1
190610011011005,1
190610011011006,1
190610011011007,1
190610011011008,1
190610011011009,1
190610011011010,1
190610011011011,1
190610011011012,1
190610011011013,1
190610011011014,1
190610011031017,1
190610011031020,1
190610011031022,1
190610011031023,1
190610011031024,1
190610011031027,1
190610011045009,1
190610011045010,1
190610011045011,1
190610011045012,1
190610011045013,1
190610011045017,1
190610011045018,1
190610011045019,1
190610011045020,1
190610011045021,1
190610011045022,1
190610011045023,1
190610011045031,1
190610011013000,1
190610011013001,1
190610011013002,1
190610011013003,1
190610011013004,1
190610011013005,1
190610011013006,1
190610011013007,1
190610011013008,1
190610011013009,1
190610011013010,1
190610011013011,1
190610012011001,1
190610012011002,1
190610012011003,1
190610012011006,1
190610012011007,1
190610012011008,1
190610012011010,1
190610012011012,1
190610012011013,1
190610012011014,1
190610012011015,1
190610012011016,1
190610012011017,1
190610012011018,1
190610012011019,1
190610012011020,1
190610012011021,1
190610012011022,1
190610012011023,1
190610012011024,1
190610012011025,1
190610012011026,1
190610012012004,1
190610012012005,1
190610012012006,1
190610012012007,1
190610012022000,1
190610012022001,1
190610012022002,1
190610012022003,1
190610012022004,1
190610012022005,1
190610011031000,1
190610011031001,1
190610011031004,1
190610011031013,1
190610011031014,1
190610011031015,1
190610011031016,1
190610011031018,1
190610011031019,1
190610011031021,1
190610011031025,1
190610011031026,1
190610011031028,1
190610011045028,1
190610011045029,1
190610011045030,1
190610012021000,1
190610012021001,1
190610012021002,1
190610012051000,1
190610012051001,1
190610012051002,1
190610012051003,1
190610012051004,1
190610012051005,1
190610012051006,1
190610012051014,1
190610012051015,1
190610012051016,1
190610012051017,1
190610012051018,1
190610012051019,1
190610012051020,1
190610012053000,1
190610012053001,1
190610012053002,1
190610012053003,1
190610012053004,1
190610012053005,1
190610012053006,1
190610012053007,1
190610012053008,1
190610012053009,1
190610012053010,1
190610101041038,1
190610011031002,1
190610011031003,1
190610011031005,1
190610011031006,1
190610011031011,1
190610011031029,1
190610011045000,1
190610011045001,1
190610011045002,1
190610011045003,1
190610011045004,1
190610011045005,1
190610011045006,1
190610011045007,1
190610011045008,1
190610011045014,1
190610011045015,1
190610011045016,1
190610011045024,1
190610011045025,1
190610011045026,1
190610011045027,1
190610101031010,1
190610101031011,1
190610101032000,1
190610101032001,1
190610101032003,1
190610101032004,1
190610101032025,1
190610101032026,1
190610101032027,1
190610101032028,1
190610101033006,1
190610101033007,1
190610101033008,1
190610101033009,1
190610101033010,1
190610101033011,1
190610101033012,1
190610101033013,1
190610101033014,1
190610101033015,1
190610101041000,1
190610101041001,1
190610101041002,1
190610101041003,1
190610101041004,1
190610101041005,1
190610101041006,1
190610101041007,1
190610101041008,1
190610101041009,1
190610101041010,1
190610101041011,1
190610101041030,1
190610101041037,1
190610101042000,1
190610101042001,1
190610011031007,1
190610011031008,1
190610011031009,1
190610011031010,1
190610011031012,1
190610011031030,1
190610011031031,1
190610012041007,1
190610012041008,1
190610012041009,1
190610012041010,1
190610012041011,1
190610012041012,1
190610012041013,1
190610012041014,1
190610012041015,1
190610012041016,1
190610101041012,1
190610101041013,1
190610101041014,1
190610101041015,1
190610101041016,1
190610101041017,1
190610101041018,1
190610101041021,1
190610101041023,1
190610101041024,1
190610101041025,1
190610101041026,1
190610101041028,1
190610101041029,1
190610101041031,1
190610101041032,1
190610101041033,1
190610101041034,1
190610101041035,1
190610101041036,1
190610101042002,1
190610101042003,1
190610101042004,1
190610101042005,1
190610101042006,1
190610101042007,1
190610101042008,1
190610101042009,1
190610101042010,1
190610101042011,1
190610101042012,1
190610101042013,1
190610101042014,1
190610101042015,1
190610101042016,1
190610101042017,1
190610101042018,1
190610101043007,1
190610102011020,1
190610102014000,1
190610102014001,1
190610102014002,1
190610102014004,1
190610102014006,1
190610102014009,1
190610102014011,1
190610102014012,1
190610102014014,1
190610102014037,1
190610102014054,1
190610011041001,1
190610011041002,1
190610011041003,1
190610011041004,1
190610011041005,1
190610011041006,1
190610011041007,1
190610011041008,1
190610011041009,1
190610011042000,1
190610011042001,1
190610011042002,1
190610011042003,1
190610011042004,1
190610011042005,1
190610011042006,1
190610011042007,1
190610011042008,1
190610011043000,1
190610011043001,1
190610011043002,1
190610011043003,1
190610011043004,1
190610011043005,1
190610011044000,1
190610011044001,1
190610011044002,1
190610011044003,1
190610011044004,1
190610101011011,1
190610101011013,1
190610101011014,1
190610101011015,1
190610101011016,1
190610101011018,1
190610101011024,1
190610101011027,1
190610101011028,1
190610101011031,1
190610101011032,1
190610101011036,1
190610101012006,1
190610101012019,1
190610101012020,1
190610101012021,1
190610101012022,1
190610101012023,1
190610101012024,1
190610101043029,1
190610101043038,1
190610101043039,1
190610101043053,1
190610101043054,1
190610101043056,1
190610101043057,1
190610101043058,1
190610101043059,1
190610101043060,1
190610101043061,1
190610101043062,1
190610101043063,1
190610101043064,1
190610101043065,1
190610101043067,1
190610101043068,1
190610101052002,1
190610101052008,1
190610101052009,1
190610101052010,1
190610101052013,1
190610101052019,1
190610101052020,1
190610101052021,1
190610101052022,1
190610101052034,1
190610101052035,1
190610101052036,1
190610101052037,1
190610101052038,1
190610101052040,1
190610101053000,1
190610101053003,1
190610101053004,1
190610101053005,1
190610101053006,1
190610101053007,1
190610101053008,1
190610101053009,1
190610101053010,1
190610101053012,1
190610101053015,1
190610101053016,1
190610101053017,1
190610101053018,1
190610101053019,1
190610101053020,1
190610101053021,1
190610101053022,1
190610101053023,1
190610101053024,1
190610101053025,1
190610101053026,1
190610101031000,1
190610101031001,1
190610101031002,1
190610101031003,1
190610101031012,1
190610101033000,1
190610101033001,1
190610101033002,1
190610101033003,1
190610101033004,1
190610101033005,1
190610106001000,1
190610106001001,1
190610106001007,1
190610106001008,1
190610106001009,1
190610106001010,1
190610106001011,1
190610106001012,1
190610106001014,1
190610106001018,1
190610106001019,1
190610106001020,1
190610106001021,1
190610106001023,1
190610106001024,1
190610106001025,1
190610106001026,1
190610106001027,1
190610106001028,1
190610106001029,1
190610106001030,1
190610106001031,1
190610106001032,1
190610106001033,1
190610106001034,1
190610106001035,1
190610106001036,1
190610106001037,1
190610106001038,1
190610106001039,1
190610106001040,1
190610106001041,1
190610106001042,1
190610106001043,1
190610106001044,1
190610106001045,1
190610106001046,1
190610106001047,1
190610106001048,1
190610106001049,1
190610106001050,1
190610106002015,1
190610106002024,1
190610106002025,1
190610106002026,1
190610106002027,1
190610106002028,1
190610106002029,1
190610106002031,1
190610102011000,1
190610102011001,1
190610102011002,1
190610102011005,1
190610102011008,1
190610102011009,1
190610102011022,1
190610106001002,1
190610106001003,1
190610106001004,1
190610106001005,1
190610106001006,1
190610106001017,1
190610106002000,1
190610106002001,1
190610106002002,1
190610106002003,1
190610106002004,1
190610106002005,1
190610106002006,1
190610106002009,1
190610106002010,1
190610106002011,1
190610106002012,1
190610106002013,1
190610106002016,1
190610106002017,1
190610106002018,1
190610106002019,1
190610106002020,1
190610106002021,1
190610106002022,1
190610106003000,1
190610106003001,1
190610106003002,1
190610106003003,1
190610106003004,1
190610106003005,1
190610106003006,1
190610106003007,1
190610106003008,1
190610106003009,1
190610106003010,1
190610106003011,1
190610106003017,1
190610106003018,1
190610106003019,1
190610106003020,1
190610106003021,1
190610106003022,1
190610106003023,1
190610106003024,1
190610106003025,1
190610106003026,1
190610106003033,1
190610106003047,1
190610106003048,1
190610106003058,1
190610106003059,1
190610106003060,1
190610106003061,1
190610106003062,1
190610106003063,1
190610106003064,1
190610102011003,1
190610102011004,1
190610102011006,1
190610102011007,1
190610102011010,1
190610102011011,1
190610102011012,1
190610102011013,1
190610102011014,1
190610102011015,1
190610102011016,1
190610102011017,1
190610102011018,1
190610102011019,1
190610102011021,1
190610102012000,1
190610102012001,1
190610102012003,1
190610102012004,1
190610102012005,1
190610102012008,1
190610102012009,1
190610102013000,1
190610102013001,1
190610102013002,1
190610102013003,1
190610102013004,1
190610102013005,1
190610102013006,1
190610102013007,1
190610102013008,1
190610102013017,1
190610102013018,1
190610102013019,1
190610102013020,1
190610102013021,1
190610102013030,1
190610102013033,1
190610102014003,1
190610102014007,1
190610102014008,1
190610102014010,1
190610102014013,1
190610102014015,1
190610102014016,1
190610102014017,1
190610102014018,1
190610102014019,1
190610102014020,1
190610102014021,1
190610102014022,1
190610102014023,1
190610102014024,1
190610102014025,1
190610102014026,1
190610102014027,1
190610102014028,1
190610102014029,1
190610102014030,1
190610102014031,1
190610102014032,1
190610102014033,1
190610102014043,1
190610102014044,1
190610102014045,1
190610102014046,1
190610102014049,1
190610102014051,1
190610102014052,1
190610106002023,1
190610106002030,1
190610106003065,1
190610102012006,1
190610102012007,1
190610102012010,1
190610102012011,1
190610102012012,1
190610102012013,1
190610102012014,1
190610102012015,1
190610102012016,1
190610102012021,1
190610102012023,1
190610102012024,1
190610102012025,1
190610102012026,1
190610102012027,1
190610102012028,1
190610102012029,1
190610102012030,1
190610102012031,1
190610102012032,1
190610102012033,1
190610102012034,1
190610102012035,1
190610102012036,1
190610102012037,1
190610102012038,1
190610102012039,1
190610102012040,1
190610102012041,1
190610102012042,1
190610102012043,1
190610102012044,1
190610102012045,1
190610102012046,1
190610102012047,1
190610102012048,1
190610102012049,1
190610102012050,1
190610102012051,1
190610102012052,1
190610102012053,1
190610102012054,1
190610102012055,1
190610102012056,1
190610102012057,1
190610102012058,1
190610102012059,1
190610102012060,1
190610102012061,1
190610102012062,1
190610102012063,1
190610102012064,1
190610102012065,1
190610102012066,1
190610102012067,1
190610102012068,1
190610102012069,1
190610102012070,1
190610102012071,1
190610102013009,1
190610102013010,1
190610102013011,1
190610102013022,1
190610102013023,1
190610102013026,1
190610102013034,1
190610102013035,1
190610102013036,1
190610102013037,1
190610102013038,1
190610102013039,1
190610102013040,1
190610102013041,1
190610102013042,1
190610102013043,1
190610102013044,1
190610102013045,1
190610102013046,1
190610103003000,1
190610103003001,1
190610103003002,1
190610103003003,1
190610103003004,1
190610103003005,1
190610103003006,1
190610103003007,1
190610103003008,1
190610103003009,1
190610103003010,1
190610103003011,1
190610103003012,1
190610103003013,1
190610103003014,1
190610103003015,1
190610103003016,1
190610103003017,1
190610103003085,1
190610103003086,1
190610103003123,1
190610102013012,1
190610102013013,1
190610102013014,1
190610102013015,1
190610102013016,1
190610102013024,1
190610102013025,1
190610102013027,1
190610102013028,1
190610102013029,1
190610102021000,1
190610102021003,1
190610102021004,1
190610102021034,1
190610104001000,1
190610104001001,1
190610104001002,1
190610104001010,1
190610104001011,1
190610104001012,1
190610104001034,1
190610104001041,1
190610104001042,1
190610104001043,1
190610104001044,1
190610104001045,1
190610104001046,1
190610104001047,1
190610104001048,1
190610104001049,1
190610104001050,1
190610104001054,1
190610106003012,1
190610106003013,1
190610106003014,1
190610106003015,1
190610106003016,1
190610106003027,1
190610106003028,1
190610106003029,1
190610106003030,1
190610106003031,1
190610106003032,1
190610106003036,1
190610106003037,1
190610106003038,1
190610106003039,1
190610106003040,1
190610106003042,1
190610106003043,1
190610106003044,1
190610102021001,1
190610102021002,1
190610102021005,1
190610102021006,1
190610102021007,1
190610102021008,1
190610102021009,1
190610102021010,1
190610102021011,1
190610102021012,1
190610102021013,1
190610102021014,1
190610102021015,1
190610102021016,1
190610102021017,1
190610102021018,1
190610102021019,1
190610102021020,1
190610102021021,1
190610102021022,1
190610102021023,1
190610102021024,1
190610102021025,1
190610102021026,1
190610102021027,1
190610102021028,1
190610102021029,1
190610102021030,1
190610102021031,1
190610102021032,1
190610102021033,1
190610102021035,1
190610102021036,1
190610102021037,1
190610102021038,1
190610102021039,1
190610102021043,1
190610102021044,1
190610102021045,1
190610104001055,1
190610104002000,1
190610104002006,1
190610104002007,1
190610104002008,1
190610104002060,1
190610104002069,1
190610106003041,1
190610106003045,1
190610106003066,1
190610102021040,1
190610102021041,1
190610102021042,1
190610102021046,1
190610102021047,1
190610102021048,1
190610102021049,1
190610102021050,1
190610102021051,1
190610102021052,1
190610102021053,1
190610102021054,1
190610102021055,1
190610102021056,1
190610102021057,1
190610102021059,1
190610102022000,1
190610102022001,1
190610102022002,1
190610102022003,1
190610102022004,1
190610102022005,1
190610102022010,1
190610102022011,1
190610102022012,1
190610102022080,1
190610102022081,1
190610102023000,1
190610102023001,1
190610102023002,1
190610102023003,1
190610102023004,1
190610102023005,1
190610102023006,1
190610102023007,1
190610102023008,1
190610102023009,1
190610102023010,1
190610102023011,1
190610102023012,1
190610102023013,1
190610102023014,1
190610102023015,1
190610102023016,1
190610102023017,1
190610102023018,1
190610102023019,1
190610102023020,1
190610102023021,1
190610102023022,1
190610102023023,1
190610102023024,1
190610102023025,1
190610102023026,1
190610102023027,1
190610102023028,1
190610102023029,1
190610102023030,1
190610102023031,1
190610102023032,1
190610102023033,1
190610102023034,1
190610102023035,1
190610102023036,1
190610102023037,1
190610102023038,1
190610102023039,1
190610102023040,1
190610102023041,1
190610102023042,1
190610102023043,1
190610102023044,1
190610102023045,1
190610102023046,1
190610102023047,1
190610102023048,1
190610102023049,1
190610102023050,1
190610102023051,1
190610102023052,1
190610102023053,1
190610102023054,1
190610102023055,1
190610102023056,1
190610103003018,1
190610103003019,1
190610103003020,1
190610103003021,1
190610103003022,1
190610103003023,1
190610103003024,1
190610103003041,1
190610103003042,1
190610103003043,1
190610103003044,1
190610103003045,1
190610103003046,1
190610103003047,1
190610103003048,1
190610103003049,1
190610103003050,1
190610103003051,1
190610103003055,1
190610103003056,1
190610103003120,1
190610103003121,1
190610104003000,1
190610102021058,1
190610102022006,1
190610102022085,1
190610103003025,1
190610103003026,1
190610103003030,1
190610104003001,1
190610104003002,1
190610104003006,1
190610104003007,1
190610104003008,1
190610104003012,1
190610104003013,1
190610104003014,1
190610104003017,1
190610104003018,1
190610104003019,1
190610104003020,1
190610104003021,1
190610104003022,1
190610104003023,1
190610104003024,1
190610104003025,1
190610104003026,1
190610104003027,1
190610104003028,1
190610104003029,1
190610104003030,1
190610104003031,1
190610104003036,1
190610104003043,1
190610104003044,1
190610104003045,1
190610104003046,1
190610104003047,1
190610104003048,1
190610104003049,1
190610104003050,1
190610104003051,1
190610104003057,1
190610104003058,1
190610104004009,1
190610104004010,1
190610105004000,1
190610105004003,1
190610105004015,1
190610105004016,1
190610105004019,1
190610105004021,1
190610105004022,1
190610105004024,1
190610105004026,1
190610105004027,1
190610105004030,1
190610105004031,1
190610105004033,1
190610102022007,1
190610102022008,1
190610102022009,1
190610102022013,1
190610102022014,1
190610102022015,1
190610102022016,1
190610102022017,1
190610102022018,1
190610102022019,1
190610102022020,1
190610102022021,1
190610102022022,1
190610102022023,1
190610102022024,1
190610102022025,1
190610102022026,1
190610102022027,1
190610102022028,1
190610102022029,1
190610102022030,1
190610102022031,1
190610102022032,1
190610102022033,1
190610102022034,1
190610102022035,1
190610102022036,1
190610102022037,1
190610102022038,1
190610102022039,1
190610102022040,1
190610102022041,1
190610102022042,1
190610102022043,1
190610102022044,1
190610102022045,1
190610102022046,1
190610102022047,1
190610102022048,1
190610102022049,1
190610102022050,1
190610102022051,1
190610102022052,1
190610102022053,1
190610102022054,1
190610102022055,1
190610102022056,1
190610102022057,1
190610102022058,1
190610102022059,1
190610102022060,1
190610102022061,1
190610102022062,1
190610102022063,1
190610102022064,1
190610102022065,1
190610102022066,1
190610102022067,1
190610102022068,1
190610102022069,1
190610102022070,1
190610102022071,1
190610102022072,1
190610102022073,1
190610102022074,1
190610102022075,1
190610102022076,1
190610102022077,1
190610102022078,1
190610102022079,1
190610102022082,1
190610102022083,1
190610102022084,1
190610104003003,1
190610104003009,1
190610104003010,1
190610104003011,1
190610104003015,1
190610104003016,1
190610104003059,1
190610103001000,1
190610103001001,1
190610103001002,1
190610103001005,1
190610103001006,1
190610103001007,1
190610103001008,1
190610103001009,1
190610103001010,1
190610103001011,1
190610103001012,1
190610103001013,1
190610103001014,1
190610103001015,1
190610103001016,1
190610103001017,1
190610103001018,1
190610103001019,1
190610103001020,1
190610103001021,1
190610103001022,1
190610103001023,1
190610103001024,1
190610103001025,1
190610103001026,1
190610103001027,1
190610103001028,1
190610103001029,1
190610103001030,1
190610103001031,1
190610103001032,1
190610103001033,1
190610103001034,1
190610103001035,1
190610103001036,1
190610103001037,1
190610103001038,1
190610103001039,1
190610103001040,1
190610103001041,1
190610103001042,1
190610103001043,1
190610103001044,1
190610103001045,1
190610103001046,1
190610103001047,1
190610103001048,1
190610103001049,1
190610103001050,1
190610103001051,1
190610103003115,1
190610104004027,1
190610104004029,1
190610104004032,1
190610104004033,1
190610104004036,1
190610104004037,1
190610104004038,1
190610104004039,1
190610104004040,1
190610104004041,1
190610104004042,1
190610104004044,1
190610104004045,1
190610104004046,1
190610104004047,1
190610104004048,1
190610104004063,1
190610104004064,1
190610104004065,1
190610104004066,1
190610104004067,1
190610104004068,1
190610104004069,1
190610104004070,1
190610104004071,1
190610104004072,1
190610104004073,1
190610104004074,1
190610104004075,1
190610104004076,1
190610104004077,1
190610104004078,1
190610104004079,1
190610104004080,1
190610104004081,1
190610104004082,1
190610104004083,1
190610104004084,1
190610104004085,1
190610104004086,1
190610103001003,1
190610103001004,1
190610103003027,1
190610103003028,1
190610103003029,1
190610103003035,1
190610103003036,1
190610103003037,1
190610103003038,1
190610103003039,1
190610103003040,1
190610103003052,1
190610103003053,1
190610103003054,1
190610103003057,1
190610103003058,1
190610103003059,1
190610103003060,1
190610103003061,1
190610103003063,1
190610103003064,1
190610103003065,1
190610103003066,1
190610103003067,1
190610103003068,1
190610103003069,1
190610103003070,1
190610103003071,1
190610103003072,1
190610103003073,1
190610103003074,1
190610103003075,1
190610103003076,1
190610103003077,1
190610103003110,1
190610103003111,1
190610103003112,1
190610103003113,1
190610103003114,1
190610103003122,1
190610104004023,1
190610104004024,1
190610104004025,1
190610104004026,1
190610104004043,1
190610103002000,1
190610103002001,1
190610103002002,1
190610103002003,1
190610103002004,1
190610103002005,1
190610103002006,1
190610103002007,1
190610103002010,1
190610103002011,1
190610103002012,1
190610103002013,1
190610103002014,1
190610103002015,1
190610103002016,1
190610103002017,1
190610103002018,1
190610103002019,1
190610103002020,1
190610103002021,1
190610103002022,1
190610103002023,1
190610103002024,1
190610103002025,1
190610103002026,1
190610103002027,1
190610103002028,1
190610103002029,1
190610103002030,1
190610103002031,1
190610103002032,1
190610103002033,1
190610103002034,1
190610103002042,1
190610103002043,1
190610103002044,1
190610103002045,1
190610103002049,1
190610103002050,1
190610103002051,1
190610103002052,1
190610103002053,1
190610103002054,1
190610103002055,1
190610103002056,1
190610103002057,1
190610103002058,1
190610103002059,1
190610103002060,1
190610103002062,1
190610103002070,1
190610103002071,1
190610103002074,1
190610103002075,1
190610103002082,1
190610103002083,1
190610103002084,1
190610103002086,1
190610103002087,1
190610103002088,1
190610103002089,1
190610103002090,1
190610103002091,1
190610103002008,1
190610103002009,1
190610103002035,1
190610103002036,1
190610103002037,1
190610103002038,1
190610103002039,1
190610103002040,1
190610103002041,1
190610103002046,1
190610103002047,1
190610103002048,1
190610103002063,1
190610103002064,1
190610103002065,1
190610103002066,1
190610103002067,1
190610103002085,1
190610103003062,1
190610103003078,1
190610103003079,1
190610103003080,1
190610103003081,1
190610103003082,1
190610103003083,1
190610103003084,1
190610103003087,1
190610103003088,1
190610103003089,1
190610103003090,1
190610103003091,1
190610103003092,1
190610103003093,1
190610103003094,1
190610103003095,1
190610103003096,1
190610103003097,1
190610103003098,1
190610103003099,1
190610103003100,1
190610103003101,1
190610103003102,1
190610103003103,1
190610103003104,1
190610103003105,1
190610103003106,1
190610103003107,1
190610103003108,1
190610103003109,1
190610103003116,1
190610103003117,1
190610103003118,1
190610103003119,1
190610103003124,1
190610103003125,1
190610103003126,1
190610103002061,1
190610103002068,1
190610103002069,1
190610103002072,1
190610103002073,1
190610103002076,1
190610103002077,1
190610103002078,1
190610103002079,1
190610103002080,1
190610103002081,1
190610103002092,1
190610103003031,1
190610103003032,1
190610103003033,1
190610103003034,1
190610104003052,1
190610104004000,1
190610104004001,1
190610104004002,1
190610104004003,1
190610104004004,1
190610104004005,1
190610104004006,1
190610104004007,1
190610104004008,1
190610104004011,1
190610104004012,1
190610104004013,1
190610104004014,1
190610104004015,1
190610104004016,1
190610104004017,1
190610104004018,1
190610104004019,1
190610104004020,1
190610104004021,1
190610104004022,1
190610104004028,1
190610104004030,1
190610104004031,1
190610104004034,1
190610104004035,1
190610104004049,1
190610104004050,1
190610104004051,1
190610104004052,1
190610104004053,1
190610104004054,1
190610104004055,1
190610104004056,1
190610104004057,1
190610104004058,1
190610104004059,1
190610104004060,1
190610104004061,1
190610104004062,1
190610104001003,1
190610104001004,1
190610104001005,1
190610104001006,1
190610104001007,1
190610104001008,1
190610104001009,1
190610104001013,1
190610104001014,1
190610104001015,1
190610104001016,1
190610104001017,1
190610104001018,1
190610104001019,1
190610104001020,1
190610104001021,1
190610104001022,1
190610104001023,1
190610104001024,1
190610104001025,1
190610104001026,1
190610104001027,1
190610104001028,1
190610104001031,1
190610104001032,1
190610104001033,1
190610104001035,1
190610104001036,1
190610104001037,1
190610104001038,1
190610104001039,1
190610104001040,1
190610104001051,1
190610104001052,1
190610104001053,1
190610104001056,1
190610104002021,1
190610104001029,1
190610104001030,1
190610104002001,1
190610104002002,1
190610104002003,1
190610104002004,1
190610104002005,1
190610104002009,1
190610104002010,1
190610104002011,1
190610104002012,1
190610104002013,1
190610104002014,1
190610104002015,1
190610104002016,1
190610104002017,1
190610104002018,1
190610104002019,1
190610104002020,1
190610104002022,1
190610104002023,1
190610104002024,1
190610104002025,1
190610104002026,1
190610104002027,1
190610104002028,1
190610104002029,1
190610104002030,1
190610104002031,1
190610104002032,1
190610104002033,1
190610104002034,1
190610104002035,1
190610104002036,1
190610104002037,1
190610104002038,1
190610104002039,1
190610104002040,1
190610104002041,1
190610104002042,1
190610104002043,1
190610104002044,1
190610104002045,1
190610104002046,1
190610104002047,1
190610104002048,1
190610104002049,1
190610104002050,1
190610104002051,1
190610104002052,1
190610104002053,1
190610104002054,1
190610104002055,1
190610104002056,1
190610104002057,1
190610104002058,1
190610104002059,1
190610104002061,1
190610104002062,1
190610104002063,1
190610104002066,1
190610104002067,1
190610104002068,1
190610104002070,1
190610104002071,1
190610104002072,1
190610104002073,1
190610104002074,1
190610104003004,1
190610104003005,1
190610104003060,1
190610105001000,1
190610105001001,1
190610105001002,1
190610105001003,1
190610105001005,1
190610105001006,1
190610105001007,1
190610105001008,1
190610105001012,1
190610105001013,1
190610105001014,1
190610105001018,1
190610105001019,1
190610105001023,1
190610105001024,1
190610105002000,1
190610105002001,1
190610105002005,1
190610105003019,1
190610104002064,1
190610104002065,1
190610105001004,1
190610105001009,1
190610105001010,1
190610105001011,1
190610105001015,1
190610105001016,1
190610105001017,1
190610105001020,1
190610105001021,1
190610105001022,1
190610105001025,1
190610105001026,1
190610105001027,1
190610105001028,1
190610105001029,1
190610105001030,1
190610105001031,1
190610105001032,1
190610105001033,1
190610105001034,1
190610105001035,1
190610105001036,1
190610105001037,1
190610105001038,1
190610105001039,1
190610105001040,1
190610105001041,1
190610105001042,1
190610105001043,1
190610105001044,1
190610105001045,1
190610105001046,1
190610105001047,1
190610105001048,1
190610105001049,1
190610105001050,1
190610105001051,1
190610105001052,1
190610105001053,1
190610105001054,1
190610105002002,1
190610105002003,1
190610105002004,1
190610105002006,1
190610105002007,1
190610105002008,1
190610105002009,1
190610105002010,1
190610105002011,1
190610105002012,1
190610105002013,1
190610105002014,1
190610105002015,1
190610105002016,1
190610105002017,1
190610105002018,1
190610105002019,1
190610105002020,1
190610105002021,1
190610105002022,1
190610105002023,1
190610105002024,1
190610105002025,1
190610105002026,1
190610105002027,1
190610105002028,1
190610105002029,1
190610105002030,1
190610105002031,1
190610105002032,1
190610105002033,1
190610105002034,1
190610105002035,1
190610105002036,1
190610105002037,1
190610105002038,1
190610105002039,1
190610105003000,1
190610105003001,1
190610105003002,1
190610105003003,1
190610105003004,1
190610105003005,1
190610105003006,1
190610105003007,1
190610105003008,1
190610105003009,1
190610105003010,1
190610105003011,1
190610105003012,1
190610105003013,1
190610105003014,1
190610105003015,1
190610105003016,1
190610105003017,1
190610105003018,1
190610105003020,1
190610105003021,1
190610105003022,1
190610105003023,1
190610105003024,1
190610105003025,1
190610105003026,1
190610105003027,1
190610105004001,1
190610105004002,1
190610105004004,1
190610105004005,1
190610105004006,1
190610105004007,1
190610105004008,1
190610105004009,1
190610105004010,1
190610105004011,1
190610105004012,1
190610105004013,1
190610105004014,1
190610105004017,1
190610105004018,1
190610105004020,1
190610105004023,1
190610105004025,1
190610105004028,1
190610105004029,1
190610105004032,1
190610105004034,1
190610105004035,1
190610105004036,1
190610105004037,1
190610104003032,1
190610104003033,1
190610104003034,1
190610104003035,1
190610104003037,1
190610104003038,1
190610104003039,1
190610104003040,1
190610104003041,1
190610104003042,1
190610104003053,1
190610104003054,1
190610104003055,1
190610104003056,1
190610106001013,1
190610106001015,1
190610106001016,1
190610106001022,1
190610106002007,1
190610106002008,1
190610106002014,1
190610106003034,1
190610106003035,1
190610106003046,1
190610106003049,1
190610106003050,1
190610106003051,1
190610106003052,1
190610106003053,1
190610106003054,1
190610106003055,1
190610106003056,1
190610106003057,1
190630701001000,4
190630701001001,4
190630701001002,4
190630701001003,4
190630701001004,4
190630701001005,4
190630701001006,4
190630701001007,4
190630701001008,4
190630701001009,4
190630701001010,4
190630701001011,4
190630701001012,4
190630701001013,4
190630701001014,4
190630701001015,4
190630701001016,4
190630701001017,4
190630701001018,4
190630701001019,4
190630701001020,4
190630701001021,4
190630701001022,4
190630701001023,4
190630701001030,4
190630701001031,4
190630701001032,4
190630701001033,4
190630701001034,4
190630701001035,4
190630701001024,4
190630701001025,4
190630701001026,4
190630701001027,4
190630701001028,4
190630701001029,4
190630701001039,4
190630701001042,4
190630701001043,4
190630701001044,4
190630701001045,4
190630701001046,4
190630701001047,4
190630701001048,4
190630701001049,4
190630701001050,4
190630701001051,4
190630701001052,4
190630701001053,4
190630701001054,4
190630701001055,4
190630701001056,4
190630701001057,4
190630701001058,4
190630701001059,4
190630701001060,4
190630701001061,4
190630701001062,4
190630701001067,4
190630701001068,4
190630701001069,4
190630701001070,4
190630701001071,4
190630701001072,4
190630701001073,4
190630701001074,4
190630701001075,4
190630701001076,4
190630701001077,4
190630701001078,4
190630701001079,4
190630701001080,4
190630701001081,4
190630701002000,4
190630701002001,4
190630701002002,4
190630701002003,4
190630701002004,4
190630701002005,4
190630701002006,4
190630701002007,4
190630701002008,4
190630701002009,4
190630701002010,4
190630701002011,4
190630701002012,4
190630701002013,4
190630701002014,4
190630701002015,4
190630701002016,4
190630701002017,4
190630701002018,4
190630701002019,4
190630701002020,4
190630701002021,4
190630701002022,4
190630701002023,4
190630701002024,4
190630701002025,4
190630701002026,4
190630701002027,4
190630701002028,4
190630701002029,4
190630701002030,4
190630701002031,4
190630701002032,4
190630701002033,4
190630701002034,4
190630701002035,4
190630701002036,4
190630701002037,4
190630701002038,4
190630701002039,4
190630701002040,4
190630701002041,4
190630701002042,4
190630701002043,4
190630701002044,4
190630701002045,4
190630701002046,4
190630701002047,4
190630701002048,4
190630701002049,4
190630701002050,4
190630701002051,4
190630701002052,4
190630701002053,4
190630701002054,4
190630701002055,4
190630701002056,4
190630701002057,4
190630701002058,4
190630701002059,4
190630701002060,4
190630701002061,4
190630701002062,4
190630701002063,4
190630701002064,4
190630701002065,4
190630701002066,4
190630701002067,4
190630701002068,4
190630701002069,4
190630701002070,4
190630701002071,4
190630701002072,4
190630701002073,4
190630701002074,4
190630701002075,4
190630701002076,4
190630701002077,4
190630701002078,4
190630701002079,4
190630701002080,4
190630701002081,4
190630701002082,4
190630701002083,4
190630701002084,4
190630701002085,4
190630701002086,4
190630701002087,4
190630701002088,4
190630701002089,4
190630701002090,4
190630701002091,4
190630701002092,4
190630701002093,4
190630701002094,4
190630701002095,4
190630701002096,4
190630701002097,4
190630701002098,4
190630701002099,4
190630701001036,4
190630701001037,4
190630701001038,4
190630702002000,4
190630702002001,4
190630702002002,4
190630702002003,4
190630702002004,4
190630702002005,4
190630702002006,4
190630702002007,4
190630702002047,4
190630702002048,4
190630702002054,4
190630702002055,4
190630702002056,4
190630702002057,4
190630702002058,4
190630702002059,4
190630702002060,4
190630702002061,4
190630702002062,4
190630702002063,4
190630702002064,4
190630702002065,4
190630702002066,4
190630702002067,4
190630702002068,4
190630702002069,4
190630702002070,4
190630702002071,4
190630702002072,4
190630702002073,4
190630702002074,4
190630702002075,4
190630702002076,4
190630702002077,4
190630702002078,4
190630702002079,4
190630702002080,4
190630702002081,4
190630702002082,4
190630702002083,4
190630702002084,4
190630702002085,4
190630702002086,4
190630702002087,4
190630702002101,4
190630702002102,4
190630702002108,4
190630702002109,4
190630702002110,4
190630702002111,4
190630702002231,4
190630701001040,4
190630701001041,4
190630701001063,4
190630701001064,4
190630701001065,4
190630701001066,4
190630701001082,4
190630702002106,4
190630702002107,4
190630702002112,4
190630702002113,4
190630702002114,4
190630702002115,4
190630702002116,4
190630702002123,4
190630702002124,4
190630702002137,4
190630702002138,4
190630702002143,4
190630702002144,4
190630702002145,4
190630702002146,4
190630702002147,4
190630702002148,4
190630702002149,4
190630702002150,4
190630702002151,4
190630702002152,4
190630702002153,4
190630702002154,4
190630702002155,4
190630702002156,4
190630702002157,4
190630702002158,4
190630702002159,4
190630702002160,4
190630702002161,4
190630702002162,4
190630702002163,4
190630702002164,4
190630702002165,4
190630702002166,4
190630702002167,4
190630702002168,4
190630702002169,4
190630702002170,4
190630702002171,4
190630702002172,4
190630702002173,4
190630702002219,4
190630702002220,4
190630702002224,4
190630702002227,4
190630701001083,4
190630701001104,4
190630701001105,4
190630701001106,4
190630701001107,4
190630701001108,4
190630701001109,4
190630701001110,4
190630701001111,4
190630701001112,4
190630701001113,4
190630701001114,4
190630701001115,4
190630701001116,4
190630701001117,4
190630701001118,4
190630701001121,4
190630701001122,4
190630701001123,4
190630701001124,4
190630701001125,4
190630701001126,4
190630701001127,4
190630701001128,4
190630701001167,4
190630701001168,4
190630701001169,4
190630701001170,4
190630701001171,4
190630701001172,4
190630701001173,4
190630701001175,4
190630701001176,4
190630701001177,4
190630701001178,4
190630701001179,4
190630701001180,4
190630701001181,4
190630701001182,4
190630701001183,4
190630701001197,4
190630701001198,4
190630701001199,4
190630701001200,4
190630701001201,4
190630701001202,4
190630702002195,4
190630702002196,4
190630702002197,4
190630702002202,4
190630702002203,4
190630701001084,4
190630701001085,4
190630701001086,4
190630701001087,4
190630701001088,4
190630701001089,4
190630701001090,4
190630701001091,4
190630701001092,4
190630701001093,4
190630701001094,4
190630701001095,4
190630701001096,4
190630701001097,4
190630701001098,4
190630701001099,4
190630701001100,4
190630701001101,4
190630701001102,4
190630701001103,4
190630701001119,4
190630701001120,4
190630701001129,4
190630701001130,4
190630701001131,4
190630701001132,4
190630701001133,4
190630701001134,4
190630701001135,4
190630701001136,4
190630701001137,4
190630701001138,4
190630701001139,4
190630701001140,4
190630701001141,4
190630701001142,4
190630701001143,4
190630701001144,4
190630701001145,4
190630701001146,4
190630701001147,4
190630701001148,4
190630701001149,4
190630701001150,4
190630701001151,4
190630701001152,4
190630701001153,4
190630701001154,4
190630701001155,4
190630701001156,4
190630701001157,4
190630701001158,4
190630701001159,4
190630701001160,4
190630701001161,4
190630701001162,4
190630701001163,4
190630701001164,4
190630701001165,4
190630701001166,4
190630701001184,4
190630701001185,4
190630701001186,4
190630701001187,4
190630701001188,4
190630701001189,4
190630701001190,4
190630701001191,4
190630701001192,4
190630701001193,4
190630701001194,4
190630701001195,4
190630701001196,4
190630701001203,4
190630701001204,4
190630701001174,4
190630702001025,4
190630702001026,4
190630702001027,4
190630702001028,4
190630702001075,4
190630702001086,4
190630702001103,4
190630702001105,4
190630702001106,4
190630702001107,4
190630702001113,4
190630702001114,4
190630702001115,4
190630702001116,4
190630702001117,4
190630702001118,4
190630702001119,4
190630702001120,4
190630702001121,4
190630702001122,4
190630702001123,4
190630702001124,4
190630702001125,4
190630702001126,4
190630702001127,4
190630702001128,4
190630702001129,4
190630702001130,4
190630702001131,4
190630702001132,4
190630702001133,4
190630702001134,4
190630702001135,4
190630702001138,4
190630702001139,4
190630702001147,4
190630702002182,4
190630702002187,4
190630702002188,4
190630702002189,4
190630702002190,4
190630702002191,4
190630702002192,4
190630702002193,4
190630702002194,4
190630702002198,4
190630702002199,4
190630702002200,4
190630702002201,4
190630702002204,4
190630702002205,4
190630702002206,4
190630702002207,4
190630702002208,4
190630702002209,4
190630702002210,4
190630702002211,4
190630702002212,4
190630702002213,4
190630702002214,4
190630702002215,4
190630702002216,4
190630702002217,4
190630702002218,4
190630702001000,4
190630702001001,4
190630702001003,4
190630702001004,4
190630702001005,4
190630702001006,4
190630702001007,4
190630702001008,4
190630702001009,4
190630702001010,4
190630702001011,4
190630702001012,4
190630702001013,4
190630702001014,4
190630702001018,4
190630702001019,4
190630702001022,4
190630702001023,4
190630702001024,4
190630702001029,4
190630702001030,4
190630702001031,4
190630702001073,4
190630702001074,4
190630702002103,4
190630702002104,4
190630702002105,4
190630702002117,4
190630702002118,4
190630702002119,4
190630702002120,4
190630702002121,4
190630702002122,4
190630702002125,4
190630702002126,4
190630702002127,4
190630702002128,4
190630702002129,4
190630702002130,4
190630702002131,4
190630702002132,4
190630702002133,4
190630702002134,4
190630702002135,4
190630702002136,4
190630702002139,4
190630702002140,4
190630702002141,4
190630702002142,4
190630702002174,4
190630702002175,4
190630702002176,4
190630702002177,4
190630702002178,4
190630702002179,4
190630702002180,4
190630702002181,4
190630702002183,4
190630702002184,4
190630702002185,4
190630702002186,4
190630702002221,4
190630703003000,4
190630702001002,4
190630702002008,4
190630702002009,4
190630702002010,4
190630702002011,4
190630702002012,4
190630702002013,4
190630702002031,4
190630702002032,4
190630702002036,4
190630702002037,4
190630702002038,4
190630702002039,4
190630702002040,4
190630702002041,4
190630702002042,4
190630702002043,4
190630702002044,4
190630702002045,4
190630702002046,4
190630702002049,4
190630702002050,4
190630702002051,4
190630702002052,4
190630702002053,4
190630702002088,4
190630702002089,4
190630702002090,4
190630702002091,4
190630702002092,4
190630702002093,4
190630702002094,4
190630702002095,4
190630702002096,4
190630702002097,4
190630702002098,4
190630702002099,4
190630702002100,4
190630702001015,4
190630702001016,4
190630702001017,4
190630702001020,4
190630702001021,4
190630702001032,4
190630702001033,4
190630702001034,4
190630702001035,4
190630702001036,4
190630702001037,4
190630702001038,4
190630702001039,4
190630702001040,4
190630702001041,4
190630702001042,4
190630702001043,4
190630702001044,4
190630702001045,4
190630702001046,4
190630702001047,4
190630702001048,4
190630702001049,4
190630702001050,4
190630702001051,4
190630702001052,4
190630702001053,4
190630702001054,4
190630702001055,4
190630702001056,4
190630702001057,4
190630702001058,4
190630702001059,4
190630702001060,4
190630702001070,4
190630702001071,4
190630702001072,4
190630702002222,4
190630702002223,4
190630702002229,4
190630702002230,4
190630703001000,4
190630703001001,4
190630703001002,4
190630703001003,4
190630703001004,4
190630703001005,4
190630703001006,4
190630703001007,4
190630703001008,4
190630703001009,4
190630703001010,4
190630703001011,4
190630703001012,4
190630703001013,4
190630703001014,4
190630703001015,4
190630703001016,4
190630703001017,4
190630703001018,4
190630703001019,4
190630703001020,4
190630703001021,4
190630703001022,4
190630703001023,4
190630703001024,4
190630703001025,4
190630703001026,4
190630703001027,4
190630703001028,4
190630703001029,4
190630703001030,4
190630703001031,4
190630703001032,4
190630703001033,4
190630703001034,4
190630703001035,4
190630703001036,4
190630703001037,4
190630703001038,4
190630703001039,4
190630703001040,4
190630703002000,4
190630703002001,4
190630703002002,4
190630703002003,4
190630703002004,4
190630703002005,4
190630703002006,4
190630703002007,4
190630703002008,4
190630703002009,4
190630703002010,4
190630703002011,4
190630703002012,4
190630703002013,4
190630703002014,4
190630703002015,4
190630703002016,4
190630703002017,4
190630703002018,4
190630703002019,4
190630703002020,4
190630703002021,4
190630703002022,4
190630703002023,4
190630703002024,4
190630703003001,4
190630703003002,4
190630703003003,4
190630703003004,4
190630703003005,4
190630703003006,4
190630703003007,4
190630703003008,4
190630703003009,4
190630703003010,4
190630703003011,4
190630703003012,4
190630703003013,4
190630703003014,4
190630703003015,4
190630703003016,4
190630703003017,4
190630703003018,4
190630703003019,4
190630703003020,4
190630703003021,4
190630703003022,4
190630703003023,4
190630703003024,4
190630703003025,4
190630703003026,4
190630703003027,4
190630703003028,4
190630703003029,4
190630703003030,4
190630703003031,4
190630703003032,4
190630703003033,4
190630703003034,4
190630704001000,4
190630704001001,4
190630704001002,4
190630704001003,4
190630704001004,4
190630704001005,4
190630704001006,4
190630704001007,4
190630704001008,4
190630704001009,4
190630704001010,4
190630704001011,4
190630704001012,4
190630704001013,4
190630704001014,4
190630704001015,4
190630704001016,4
190630704001017,4
190630704001018,4
190630704001019,4
190630704001020,4
190630704001021,4
190630704001022,4
190630704001023,4
190630704001024,4
190630704001025,4
190630704001026,4
190630704001027,4
190630704001028,4
190630704001029,4
190630704001030,4
190630704001031,4
190630704001032,4
190630704001033,4
190630704001034,4
190630704001035,4
190630704001036,4
190630704001037,4
190630704001038,4
190630704002000,4
190630704002001,4
190630704002002,4
190630704002003,4
190630704002005,4
190630704002006,4
190630704002007,4
190630704002008,4
190630704002009,4
190630704002010,4
190630704002011,4
190630704002012,4
190630704002013,4
190630704002014,4
190630704002015,4
190630704002016,4
190630704002017,4
190630704002018,4
190630704002019,4
190630704002020,4
190630704002021,4
190630704002022,4
190630704002023,4
190630704002024,4
190630704002025,4
190630704002026,4
190630704002027,4
190630704002028,4
190630704002029,4
190630704002030,4
190630704002031,4
190630704002032,4
190630704002033,4
190630704002034,4
190630704003000,4
190630704003001,4
190630704003002,4
190630704003003,4
190630704003004,4
190630704003005,4
190630704003006,4
190630704003007,4
190630704003008,4
190630704003009,4
190630704003010,4
190630704003011,4
190630704003012,4
190630704003013,4
190630704003014,4
190630704003015,4
190630704003016,4
190630704003017,4
190630704003018,4
190630704003019,4
190630704003020,4
190630704003021,4
190630704003022,4
190630704003023,4
190630704003024,4
190630704003025,4
190630704003026,4
190630704003027,4
190630704003028,4
190630704003029,4
190630704003030,4
190630704003031,4
190630704003032,4
190630704004000,4
190630704004001,4
190630704004002,4
190630704004003,4
190630704004004,4
190630704004005,4
190630704004006,4
190630704004007,4
190630704004008,4
190630704004009,4
190630704004010,4
190630704004011,4
190630704004012,4
190630704004013,4
190630704004014,4
190630704004015,4
190630704004016,4
190630704004017,4
190630704004018,4
190630704004019,4
190630704004020,4
190630704004021,4
190630704004022,4
190630704004023,4
190630704004024,4
190630704004025,4
190630704004026,4
190630704004027,4
190630704004028,4
190630702001061,4
190630702001062,4
190630702001063,4
190630702001064,4
190630702001065,4
190630702001066,4
190630702001067,4
190630702001068,4
190630702001069,4
190630702001076,4
190630702001077,4
190630702001078,4
190630702001079,4
190630702001080,4
190630702001081,4
190630702001082,4
190630702001083,4
190630702001089,4
190630702001090,4
190630702001091,4
190630702001092,4
190630702001093,4
190630702001094,4
190630702001095,4
190630702001096,4
190630702001097,4
190630702001098,4
190630702001099,4
190630702001100,4
190630702001101,4
190630702001102,4
190630702001136,4
190630702001137,4
190630702001140,4
190630702001141,4
190630702001142,4
190630702001143,4
190630702001144,4
190630702001145,4
190630702001146,4
190630702001148,4
190630702001149,4
190630702001084,4
190630702001085,4
190630702001087,4
190630702001088,4
190630702001104,4
190630702001108,4
190630702001109,4
190630702001110,4
190630702001111,4
190630702001112,4
190630702001150,4
190630702001151,4
190630702001152,4
190630702001153,4
190630702002014,4
190630702002015,4
190630702002016,4
190630702002017,4
190630702002018,4
190630702002019,4
190630702002020,4
190630702002021,4
190630702002022,4
190630702002023,4
190630702002024,4
190630702002025,4
190630702002026,4
190630702002027,4
190630702002028,4
190630702002029,4
190630702002030,4
190630702002033,4
190630702002034,4
190630702002035,4
190630702002225,4
190630702002226,4
190630702002228,4
190630704002004,4
190650801001000,1
190650801001001,1
190650801001002,1
190650801001003,1
190650801001004,1
190650801001005,1
190650801001006,1
190650801001007,1
190650801001008,1
190650801001009,1
190650801001010,1
190650801001011,1
190650801001012,1
190650801001013,1
190650801001014,1
190650801001015,1
190650801001016,1
190650801001017,1
190650801001018,1
190650801001019,1
190650801001020,1
190650801001021,1
190650801001022,1
190650801001023,1
190650801001024,1
190650801001025,1
190650801001026,1
190650801001027,1
190650801001028,1
190650801001029,1
190650801001030,1
190650801001031,1
190650801001032,1
190650801001033,1
190650801001034,1
190650801001035,1
190650801001036,1
190650801001037,1
190650801001038,1
190650801001039,1
190650801001040,1
190650801001041,1
190650801001042,1
190650801001043,1
190650801001044,1
190650801001045,1
190650801001046,1
190650801001047,1
190650801001048,1
190650801001049,1
190650801001050,1
190650801001051,1
190650801001052,1
190650801001053,1
190650801001054,1
190650801001055,1
190650801001056,1
190650801002000,1
190650801002001,1
190650801002002,1
190650801002003,1
190650801002004,1
190650801002005,1
190650801002006,1
190650801002007,1
190650801002008,1
190650801002009,1
190650801002010,1
190650801002011,1
190650801002012,1
190650801002013,1
190650801002014,1
190650801002015,1
190650801002016,1
190650801002017,1
190650801002018,1
190650801002019,1
190650801002020,1
190650801002021,1
190650801002022,1
190650801002023,1
190650801002024,1
190650801002025,1
190650801002026,1
190650801002027,1
190650801002028,1
190650801002029,1
190650801002030,1
190650801002031,1
190650801002032,1
190650801002033,1
190650801002034,1
190650801002035,1
190650801002036,1
190650801002037,1
190650801002038,1
190650801002039,1
190650801002040,1
190650801002041,1
190650801002042,1
190650801003000,1
190650801003001,1
190650801003002,1
190650801003003,1
190650801003004,1
190650801003005,1
190650801003006,1
190650801003007,1
190650801003008,1
190650801003009,1
190650801003010,1
190650801003011,1
190650801003012,1
190650801003013,1
190650801003014,1
190650801003015,1
190650801003016,1
190650801003017,1
190650801003018,1
190650801003019,1
190650801003020,1
190650801003021,1
190650801003022,1
190650801003023,1
190650801003024,1
190650801003025,1
190650801003026,1
190650801003027,1
190650802001000,1
190650802001001,1
190650802001002,1
190650802001003,1
190650802001004,1
190650802001005,1
190650802001006,1
190650802003015,1
190650806001049,1
190650806001051,1
190650806001075,1
190650806001076,1
190650806001077,1
190650806001078,1
190650806001079,1
190650806001080,1
190650806001089,1
190650806001090,1
190650806001091,1
190650806001092,1
190650806001093,1
190650806001094,1
190650806001098,1
190650806001099,1
190650806001100,1
190650806001101,1
190650806001107,1
190650807001068,1
190650807001098,1
190650807001099,1
190650807001100,1
190650807001101,1
190650802001007,1
190650802001008,1
190650802001009,1
190650802001010,1
190650802001011,1
190650802001012,1
190650802001013,1
190650802001014,1
190650802001015,1
190650802001016,1
190650802001017,1
190650802001018,1
190650802001019,1
190650802001020,1
190650802001021,1
190650802001022,1
190650802001023,1
190650802001024,1
190650802001025,1
190650802001026,1
190650802001027,1
190650802001028,1
190650802001029,1
190650802001030,1
190650802001031,1
190650802001032,1
190650802001033,1
190650802001034,1
190650802001035,1
190650802001036,1
190650802001037,1
190650802001038,1
190650802001039,1
190650802001040,1
190650802001041,1
190650802001042,1
190650802001043,1
190650802001044,1
190650802001045,1
190650802001046,1
190650802001047,1
190650802001048,1
190650802001049,1
190650802001050,1
190650802001051,1
190650802001052,1
190650802001053,1
190650802001054,1
190650802001055,1
190650802001056,1
190650802001057,1
190650802001058,1
190650802001059,1
190650802001060,1
190650802001061,1
190650802001062,1
190650802001063,1
190650802001064,1
190650802001065,1
190650802001066,1
190650802001067,1
190650802001068,1
190650802001069,1
190650802001070,1
190650802001071,1
190650802001072,1
190650802001073,1
190650802001074,1
190650802001075,1
190650802001076,1
190650802001077,1
190650802001078,1
190650802001079,1
190650802001080,1
190650802001081,1
190650802001082,1
190650802001083,1
190650802001084,1
190650802001085,1
190650802001086,1
190650802001087,1
190650802001088,1
190650802001089,1
190650802001090,1
190650802001091,1
190650802001092,1
190650802001093,1
190650802001094,1
190650802001095,1
190650802001096,1
190650802001097,1
190650802001098,1
190650802001099,1
190650802001100,1
190650802001101,1
190650802001102,1
190650802001103,1
190650802002006,1
190650802003014,1
190650802003018,1
190650802003019,1
190650802003026,1
190650802003027,1
190650802003080,1
190650802003081,1
190650802003082,1
190650802003085,1
190650802003086,1
190650802003087,1
190650802003088,1
190650802003089,1
190650802003096,1
190650806001121,1
190650806001122,1
190650802002000,1
190650802002001,1
190650802002002,1
190650802002003,1
190650802002004,1
190650802002005,1
190650802002007,1
190650802002008,1
190650802002009,1
190650802002010,1
190650802002011,1
190650802002012,1
190650802002013,1
190650802002014,1
190650802002015,1
190650802002016,1
190650802002017,1
190650802002018,1
190650802002019,1
190650802002020,1
190650802002021,1
190650802002022,1
190650802002023,1
190650802002024,1
190650802002025,1
190650802002026,1
190650802002027,1
190650802002028,1
190650802002029,1
190650802002030,1
190650802002031,1
190650802002032,1
190650802002033,1
190650802002034,1
190650802002035,1
190650802002036,1
190650802002037,1
190650802002038,1
190650802002039,1
190650802002040,1
190650802002041,1
190650802002042,1
190650802002047,1
190650802002048,1
190650802002049,1
190650802002050,1
190650802002051,1
190650802002052,1
190650802003084,1
190650802003097,1
190650802003098,1
190650802003099,1
190650802002043,1
190650802002044,1
190650802002045,1
190650802002046,1
190650802002053,1
190650802002054,1
190650802002055,1
190650802002056,1
190650802002057,1
190650802002058,1
190650802002059,1
190650802002060,1
190650802002090,1
190650802002091,1
190650802002095,1
190650802002096,1
190650802002097,1
190650802002098,1
190650802002099,1
190650802002100,1
190650802002101,1
190650802002102,1
190650802002103,1
190650802002104,1
190650802002105,1
190650802002107,1
190650802002108,1
190650802002109,1
190650802002110,1
190650802002111,1
190650802002112,1
190650802002113,1
190650802002114,1
190650802002115,1
190650802002117,1
190650802002118,1
190650802002119,1
190650802002120,1
190650802002121,1
190650802002122,1
190650803001107,1
190650803001108,1
190650803001115,1
190650803001116,1
190650803001120,1
190650803001121,1
190650803001122,1
190650802002061,1
190650802002062,1
190650802002063,1
190650802002064,1
190650802002065,1
190650802002066,1
190650802002067,1
190650802002068,1
190650802002069,1
190650802002070,1
190650802002071,1
190650802002072,1
190650802002073,1
190650802002074,1
190650802002075,1
190650802002076,1
190650802002077,1
190650802002078,1
190650802002079,1
190650802002080,1
190650802002081,1
190650802002082,1
190650802002083,1
190650802002084,1
190650802002085,1
190650802002086,1
190650802002087,1
190650802002088,1
190650802002089,1
190650802002092,1
190650802002093,1
190650802002094,1
190650802002106,1
190650802002123,1
190650802002124,1
190650802002125,1
190650802002126,1
190650802002127,1
190650802002128,1
190650802002129,1
190650802002130,1
190650802002131,1
190650802002132,1
190650802002133,1
190650802002134,1
190650802004048,1
190650802004049,1
190650802004052,1
190650802004053,1
190650802004054,1
190650802002116,1
190650802003000,1
190650802003001,1
190650802003002,1
190650802003003,1
190650802003004,1
190650802003005,1
190650802003006,1
190650802003007,1
190650802003008,1
190650802003009,1
190650802003010,1
190650802003011,1
190650802003012,1
190650802003013,1
190650802003016,1
190650802003017,1
190650802003020,1
190650802003021,1
190650802003022,1
190650802003023,1
190650802003024,1
190650802003025,1
190650802003028,1
190650802003029,1
190650802003030,1
190650802003031,1
190650802003032,1
190650802003033,1
190650802003034,1
190650802003035,1
190650802003036,1
190650802003037,1
190650802003038,1
190650802003039,1
190650802003040,1
190650802003041,1
190650802003042,1
190650802003043,1
190650802003044,1
190650802003045,1
190650802003046,1
190650802003047,1
190650802003048,1
190650802003049,1
190650802003050,1
190650802003051,1
190650802003052,1
190650802003053,1
190650802003054,1
190650802003055,1
190650802003056,1
190650802003057,1
190650802003058,1
190650802003059,1
190650802003060,1
190650802003061,1
190650802003062,1
190650802003063,1
190650802003064,1
190650802003065,1
190650802003066,1
190650802003067,1
190650802003068,1
190650802003069,1
190650802003070,1
190650802003071,1
190650802003078,1
190650802003079,1
190650802003114,1
190650802003115,1
190650806001108,1
190650806001109,1
190650806001117,1
190650806001118,1
190650806001119,1
190650806001120,1
190650802003072,1
190650802003073,1
190650802003074,1
190650802003075,1
190650802003076,1
190650802003077,1
190650802003083,1
190650802003090,1
190650802003091,1
190650802003092,1
190650802003093,1
190650802003094,1
190650802003095,1
190650802003100,1
190650802003101,1
190650802003102,1
190650802003103,1
190650802003104,1
190650802003105,1
190650802003106,1
190650802003107,1
190650802003108,1
190650802003109,1
190650802003110,1
190650802003111,1
190650802003112,1
190650802003113,1
190650802004000,1
190650802004001,1
190650802004002,1
190650802004003,1
190650802004004,1
190650802004005,1
190650802004006,1
190650802004007,1
190650802004008,1
190650802004009,1
190650802004010,1
190650802004011,1
190650802004012,1
190650802004013,1
190650802004014,1
190650802004015,1
190650802004016,1
190650802004017,1
190650802004018,1
190650802004019,1
190650802004020,1
190650802004021,1
190650802004022,1
190650802004023,1
190650802004024,1
190650802004025,1
190650802004026,1
190650802004027,1
190650802004028,1
190650802004029,1
190650802004030,1
190650802004031,1
190650802004032,1
190650802004033,1
190650802004034,1
190650802004035,1
190650802004036,1
190650802004037,1
190650802004038,1
190650802004039,1
190650802004040,1
190650802004041,1
190650802004042,1
190650802004043,1
190650802004044,1
190650802004045,1
190650802004046,1
190650802004047,1
190650802004050,1
190650802004051,1
190650803001000,1
190650803001001,1
190650803001002,1
190650803001003,1
190650803001004,1
190650803001005,1
190650803001006,1
190650803001007,1
190650803001008,1
190650803001009,1
190650803001010,1
190650803001011,1
190650803001012,1
190650803001013,1
190650803001014,1
190650803001015,1
190650803001016,1
190650803001017,1
190650803001018,1
190650803001019,1
190650803001020,1
190650803001021,1
190650803001022,1
190650803001023,1
190650803001024,1
190650803001025,1
190650803001026,1
190650803001027,1
190650803001028,1
190650803001029,1
190650803001030,1
190650803001031,1
190650803001032,1
190650803001033,1
190650803001034,1
190650803001035,1
190650803001036,1
190650803001037,1
190650803001038,1
190650803001039,1
190650803001040,1
190650803001041,1
190650803001042,1
190650803001043,1
190650803001044,1
190650803001045,1
190650803001046,1
190650803001047,1
190650803001048,1
190650803001049,1
190650803001050,1
190650803001051,1
190650803001052,1
190650803001053,1
190650803001054,1
190650803001055,1
190650803001056,1
190650803001057,1
190650803001058,1
190650803001059,1
190650803001060,1
190650803001061,1
190650803001062,1
190650803001063,1
190650803001064,1
190650803001065,1
190650803001066,1
190650803001067,1
190650803001068,1
190650803001069,1
190650803001070,1
190650803001071,1
190650803001072,1
190650803001073,1
190650803001074,1
190650803001076,1
190650803001077,1
190650803001078,1
190650803001084,1
190650803001094,1
190650803001095,1
190650803001096,1
190650803001097,1
190650803001099,1
190650803001100,1
190650803001125,1
190650803001126,1
190650803001127,1
190650803001128,1
190650803001133,1
190650803002080,1
190650803002081,1
190650803002082,1
190650803002083,1
190650803001075,1
190650803001079,1
190650803001080,1
190650803001081,1
190650803001082,1
190650803001083,1
190650803001085,1
190650803001086,1
190650803001087,1
190650803001088,1
190650803001089,1
190650803001090,1
190650803001091,1
190650803001092,1
190650803001093,1
190650803001098,1
190650803001101,1
190650803001102,1
190650803001103,1
190650803001104,1
190650803001105,1
190650803001106,1
190650803001109,1
190650803001110,1
190650803001111,1
190650803001112,1
190650803001113,1
190650803001114,1
190650803001117,1
190650803001118,1
190650803001119,1
190650803001123,1
190650803001124,1
190650803001129,1
190650803001130,1
190650803001131,1
190650803001132,1
190650803002123,1
190650803002131,1
190650803002133,1
190650803002134,1
190650803002135,1
190650803002136,1
190650803002139,1
190650803002140,1
190650803002141,1
190650803002142,1
190650803002172,1
190650803002173,1
190650803002174,1
190650803002178,1
190650803002185,1
190650804001000,1
190650804001001,1
190650804001002,1
190650804002000,1
190650804002001,1
190650804002002,1
190650804002003,1
190650804002004,1
190650804002005,1
190650804002006,1
190650804002007,1
190650804002008,1
190650804002009,1
190650804002010,1
190650804002011,1
190650805001019,1
190650805001020,1
190650805001035,1
190650805001048,1
190650805001049,1
190650805001050,1
190650805001051,1
190650805001053,1
190650805001054,1
190650805001055,1
190650805001056,1
190650805002000,1
190650805002002,1
190650805002038,1
190650805003023,1
190650803002000,1
190650803002001,1
190650803002002,1
190650803002003,1
190650803002004,1
190650803002005,1
190650803002006,1
190650803002007,1
190650803002008,1
190650803002009,1
190650803002010,1
190650803002011,1
190650803002012,1
190650803002013,1
190650803002014,1
190650803002015,1
190650803002016,1
190650803002017,1
190650803002018,1
190650803002019,1
190650803002020,1
190650803002021,1
190650803002022,1
190650803002023,1
190650803002024,1
190650803002025,1
190650803002026,1
190650803002027,1
190650803002028,1
190650803002029,1
190650803002030,1
190650803002031,1
190650803002032,1
190650803002033,1
190650803002034,1
190650803002035,1
190650803002036,1
190650803002037,1
190650803002038,1
190650803002039,1
190650803002040,1
190650803002041,1
190650803002042,1
190650803002043,1
190650803002044,1
190650803002045,1
190650803002046,1
190650803002047,1
190650803002048,1
190650803002049,1
190650803002050,1
190650803002051,1
190650803002052,1
190650803002053,1
190650803002054,1
190650803002055,1
190650803002056,1
190650803002057,1
190650803002058,1
190650803002059,1
190650803002060,1
190650803002061,1
190650803002062,1
190650803002063,1
190650803002064,1
190650803002066,1
190650803002067,1
190650803002068,1
190650803002069,1
190650803002070,1
190650803002071,1
190650803002072,1
190650803002073,1
190650803002074,1
190650803002075,1
190650803002076,1
190650803002077,1
190650803002078,1
190650803002079,1
190650803002084,1
190650803002085,1
190650803002086,1
190650803002087,1
190650803002088,1
190650803002089,1
190650803002092,1
190650803002099,1
190650803002120,1
190650803002191,1
190650803002194,1
190650803002065,1
190650803002090,1
190650803002091,1
190650803002093,1
190650803002094,1
190650803002095,1
190650803002096,1
190650803002097,1
190650803002098,1
190650803002100,1
190650803002101,1
190650803002102,1
190650803002103,1
190650803002104,1
190650803002105,1
190650803002106,1
190650803002107,1
190650803002108,1
190650803002109,1
190650803002110,1
190650803002111,1
190650803002112,1
190650803002113,1
190650803002114,1
190650803002115,1
190650803002116,1
190650803002117,1
190650803002118,1
190650803002119,1
190650803002121,1
190650803002122,1
190650803002124,1
190650803002125,1
190650803002126,1
190650803002127,1
190650803002128,1
190650803002129,1
190650803002130,1
190650803002132,1
190650803002137,1
190650803002138,1
190650803002143,1
190650803002144,1
190650803002145,1
190650803002146,1
190650803002147,1
190650803002148,1
190650803002149,1
190650803002150,1
190650803002151,1
190650803002152,1
190650803002153,1
190650803002154,1
190650803002155,1
190650803002156,1
190650803002157,1
190650803002158,1
190650803002159,1
190650803002160,1
190650803002161,1
190650803002162,1
190650803002163,1
190650803002165,1
190650803002166,1
190650803002167,1
190650803002168,1
190650803002169,1
190650803002170,1
190650803002171,1
190650803002175,1
190650803002176,1
190650803002177,1
190650803002186,1
190650803002187,1
190650803002188,1
190650803002189,1
190650803002190,1
190650803002193,1
190650803002164,1
190650803002179,1
190650803002180,1
190650803002181,1
190650803002182,1
190650803002183,1
190650803002184,1
190650803002192,1
190650804001003,1
190650804001004,1
190650804001005,1
190650804001006,1
190650804001007,1
190650804001008,1
190650804001009,1
190650804001010,1
190650804001011,1
190650804001012,1
190650804001013,1
190650804001014,1
190650804001015,1
190650804001016,1
190650804001017,1
190650804001018,1
190650804001019,1
190650804001020,1
190650804001021,1
190650804001022,1
190650804001023,1
190650804001024,1
190650804001025,1
190650804001026,1
190650804001027,1
190650804001028,1
190650804001029,1
190650804001030,1
190650804001031,1
190650804001032,1
190650804001033,1
190650804001034,1
190650804001035,1
190650804001036,1
190650804001037,1
190650804001038,1
190650804001039,1
190650804001040,1
190650804001041,1
190650804001042,1
190650804001043,1
190650804001044,1
190650804001045,1
190650804001046,1
190650804001047,1
190650804001048,1
190650804001049,1
190650804001050,1
190650804001051,1
190650804001052,1
190650804001053,1
190650804001054,1
190650804001055,1
190650804001056,1
190650804001057,1
190650804001058,1
190650804001059,1
190650804001060,1
190650804001061,1
190650804001062,1
190650804001063,1
190650804001064,1
190650804001065,1
190650804001066,1
190650804001067,1
190650804001068,1
190650804001069,1
190650804001070,1
190650804001071,1
190650804001072,1
190650804001073,1
190650804001074,1
190650804001075,1
190650804001076,1
190650804001077,1
190650804001078,1
190650804001079,1
190650804001080,1
190650804001081,1
190650804001082,1
190650804001083,1
190650804001084,1
190650804001085,1
190650804001086,1
190650804001087,1
190650804001088,1
190650804002012,1
190650804002013,1
190650804002014,1
190650804002015,1
190650804002016,1
190650804002017,1
190650804002018,1
190650804002019,1
190650804002020,1
190650804002021,1
190650804002022,1
190650804002023,1
190650804002024,1
190650804002025,1
190650804002026,1
190650804002027,1
190650804002028,1
190650804002029,1
190650804002030,1
190650804002031,1
190650804002032,1
190650804002033,1
190650804002034,1
190650804002035,1
190650804002036,1
190650804002037,1
190650804002038,1
190650804002039,1
190650804002040,1
190650804002041,1
190650804002042,1
190650804002043,1
190650804002044,1
190650804002045,1
190650804002046,1
190650804002047,1
190650804002048,1
190650804002049,1
190650804002050,1
190650804002051,1
190650804002052,1
190650804002053,1
190650804002054,1
190650804002055,1
190650804002056,1
190650804002057,1
190650804002058,1
190650804002059,1
190650804002060,1
190650804002061,1
190650804002062,1
190650804002063,1
190650804002064,1
190650804002065,1
190650804002066,1
190650804002067,1
190650804002068,1
190650804002069,1
190650804002070,1
190650804002071,1
190650805001000,1
190650805001001,1
190650805001002,1
190650805001003,1
190650805001004,1
190650805001005,1
190650805001006,1
190650805001007,1
190650805001008,1
190650805001009,1
190650805001010,1
190650805001011,1
190650805001012,1
190650805001013,1
190650805001014,1
190650805001015,1
190650805001016,1
190650805001017,1
190650805001018,1
190650805001021,1
190650805001022,1
190650805001023,1
190650805001024,1
190650805001025,1
190650805001026,1
190650805001027,1
190650805001028,1
190650805001029,1
190650805001030,1
190650805001031,1
190650805001032,1
190650805001033,1
190650805001034,1
190650805001036,1
190650805001037,1
190650805001038,1
190650805001039,1
190650805001040,1
190650805001041,1
190650805001042,1
190650805001043,1
190650805001044,1
190650805001045,1
190650805001046,1
190650805001047,1
190650805001052,1
190650805001057,1
190650805001058,1
190650805001059,1
190650805001060,1
190650805001061,1
190650805002001,1
190650805002003,1
190650805002004,1
190650805002005,1
190650805002006,1
190650805002007,1
190650805002008,1
190650805002009,1
190650805002010,1
190650805002011,1
190650805002012,1
190650805002013,1
190650805002014,1
190650805002015,1
190650805002016,1
190650805002017,1
190650805002018,1
190650805002019,1
190650805002020,1
190650805002021,1
190650805002022,1
190650805002023,1
190650805002024,1
190650805002025,1
190650805002026,1
190650805002027,1
190650805002028,1
190650805002029,1
190650805002030,1
190650805002031,1
190650805002032,1
190650805002033,1
190650805002034,1
190650805002035,1
190650805002036,1
190650805002037,1
190650805002039,1
190650805002040,1
190650805002041,1
190650805003000,1
190650805003001,1
190650805003002,1
190650805003003,1
190650805003004,1
190650805003005,1
190650805003006,1
190650805003007,1
190650805003008,1
190650805003009,1
190650805003010,1
190650805003011,1
190650805003012,1
190650805003013,1
190650805003014,1
190650805003015,1
190650805003016,1
190650805003017,1
190650805003018,1
190650805003019,1
190650805003020,1
190650805003021,1
190650805003022,1
190650805003024,1
190650805003025,1
190650805003026,1
190650805003027,1
190650805003028,1
190650805003029,1
190650805003030,1
190650805003031,1
190650805003032,1
190650805003033,1
190650805003034,1
190650805003035,1
190650805003036,1
190650805003037,1
190650805003038,1
190650805003039,1
190650805003040,1
190650805003041,1
190650805003042,1
190650805003043,1
190650805003044,1
190650805003045,1
190650805003046,1
190650805003047,1
190650805003048,1
190650805003049,1
190650805003050,1
190650805003051,1
190650805003052,1
190650805004000,1
190650805004001,1
190650805004002,1
190650805004003,1
190650805004004,1
190650805004005,1
190650805004006,1
190650805004007,1
190650805004008,1
190650805004009,1
190650805004010,1
190650805004011,1
190650805004012,1
190650805004013,1
190650805004014,1
190650805004015,1
190650805004016,1
190650805004017,1
190650805004018,1
190650805004019,1
190650805004020,1
190650805004021,1
190650805004022,1
190650805004023,1
190650805004024,1
190650805004025,1
190650805004026,1
190650805004027,1
190650805004028,1
190650805004029,1
190650805004030,1
190650805004031,1
190650805004032,1
190650805004033,1
190650805004034,1
190650805004035,1
190650805004036,1
190650805004037,1
190650805004038,1
190650805004039,1
190650805004040,1
190650805004041,1
190650805004042,1
190650806001000,1
190650806001001,1
190650806001002,1
190650806001053,1
190650806001054,1
190650806001055,1
190650806001056,1
190650806001057,1
190650806001064,1
190650806001065,1
190650806001066,1
190650806001067,1
190650806002000,1
190650806002001,1
190650806002002,1
190650806002003,1
190650806002004,1
190650806002005,1
190650806002006,1
190650806002007,1
190650806002008,1
190650806002009,1
190650806002010,1
190650806002011,1
190650806002012,1
190650806002013,1
190650806002014,1
190650806002015,1
190650806002016,1
190650806002017,1
190650806002018,1
190650806002019,1
190650806002020,1
190650806002021,1
190650806002022,1
190650806002023,1
190650806002024,1
190650806002025,1
190650806002026,1
190650806002027,1
190650806002028,1
190650806002029,1
190650806002030,1
190650806002031,1
190650806002032,1
190650806002041,1
190650806002042,1
190650806002043,1
190650806002064,1
190650806002065,1
190650806002066,1
190650806002094,1
190650806001003,1
190650806001004,1
190650806001005,1
190650806001006,1
190650806001007,1
190650806001008,1
190650806001009,1
190650806001010,1
190650806001011,1
190650806001012,1
190650806001013,1
190650806001014,1
190650806001015,1
190650806001016,1
190650806001017,1
190650806001018,1
190650806001019,1
190650806001020,1
190650806001021,1
190650806001023,1
190650806001024,1
190650806001025,1
190650806001026,1
190650806001027,1
190650806001028,1
190650806001029,1
190650806001030,1
190650806001031,1
190650806001032,1
190650806001033,1
190650806001034,1
190650806001035,1
190650806001036,1
190650806001037,1
190650806001038,1
190650806001039,1
190650806001040,1
190650806001041,1
190650806001042,1
190650806001043,1
190650806001044,1
190650806001045,1
190650806001046,1
190650806001047,1
190650806001048,1
190650806001050,1
190650806001052,1
190650806001058,1
190650806001059,1
190650806001060,1
190650806001061,1
190650806001062,1
190650806001063,1
190650806001068,1
190650806001069,1
190650806001070,1
190650806001071,1
190650806001072,1
190650806001073,1
190650806001074,1
190650807001040,1
190650807001041,1
190650807001048,1
190650807001049,1
190650807001050,1
190650807001066,1
190650807001067,1
190650806001022,1
190650807001000,1
190650807001001,1
190650807001002,1
190650807001003,1
190650807001004,1
190650807001005,1
190650807001006,1
190650807001007,1
190650807001008,1
190650807001009,1
190650807001010,1
190650807001011,1
190650807001012,1
190650807001013,1
190650807001014,1
190650807001015,1
190650807001016,1
190650807001017,1
190650807001018,1
190650807001019,1
190650807001020,1
190650807001021,1
190650807001022,1
190650807001023,1
190650807001024,1
190650807001025,1
190650807001026,1
190650807001027,1
190650807001028,1
190650807001029,1
190650807001030,1
190650807001031,1
190650807001032,1
190650807001033,1
190650807001034,1
190650807001035,1
190650807001036,1
190650807001037,1
190650807001038,1
190650807001039,1
190650807001042,1
190650807001043,1
190650807001044,1
190650807001045,1
190650807001046,1
190650807001047,1
190650807001051,1
190650807001052,1
190650807001053,1
190650807001054,1
190650807001055,1
190650807001056,1
190650807001057,1
190650807001058,1
190650807001059,1
190650807001060,1
190650807001061,1
190650807001062,1
190650807001063,1
190650807001064,1
190650807001065,1
190650807001070,1
190650807001071,1
190650807001075,1
190650807001076,1
190650807001080,1
190650807002065,1
190650807002066,1
190650807002075,1
190650807002076,1
190650807002077,1
190650806001081,1
190650806001082,1
190650806001083,1
190650806001084,1
190650806001085,1
190650806001086,1
190650806001087,1
190650806001088,1
190650806001095,1
190650806001096,1
190650806001097,1
190650806001102,1
190650806001103,1
190650806001104,1
190650806001105,1
190650806001106,1
190650806001110,1
190650806001111,1
190650806001112,1
190650806001113,1
190650806001114,1
190650806001115,1
190650806001116,1
190650806002088,1
190650806002089,1
190650806002093,1
190650806002101,1
190650806002102,1
190650806003000,1
190650806003001,1
190650806003002,1
190650806003003,1
190650806003004,1
190650806003005,1
190650806003006,1
190650806003007,1
190650806003008,1
190650806003009,1
190650806003010,1
190650806003011,1
190650806003012,1
190650806003013,1
190650806003014,1
190650806003015,1
190650806003016,1
190650806003017,1
190650806003018,1
190650806003019,1
190650806003020,1
190650806003021,1
190650806003022,1
190650806003023,1
190650806003024,1
190650806003025,1
190650806003026,1
190650806003027,1
190650806003028,1
190650806003029,1
190650806003030,1
190650806003031,1
190650806003032,1
190650806003033,1
190650806003034,1
190650806003035,1
190650806003036,1
190650806003037,1
190650806003038,1
190650806003039,1
190650806003040,1
190650806003041,1
190650806003042,1
190650806003043,1
190650806003044,1
190650806003045,1
190650806003046,1
190650806003047,1
190650806003048,1
190650806003049,1
190650806003050,1
190650806003051,1
190650806003052,1
190650806003053,1
190650806003054,1
190650806003055,1
190650806003056,1
190650806003057,1
190650806003058,1
190650806003059,1
190650806003060,1
190650806003061,1
190650806001123,1
190650806002033,1
190650806002034,1
190650806002035,1
190650806002036,1
190650806002037,1
190650806002038,1
190650806002039,1
190650806002040,1
190650806002044,1
190650806002045,1
190650806002046,1
190650806002047,1
190650806002048,1
190650806002049,1
190650806002050,1
190650806002051,1
190650806002052,1
190650806002053,1
190650806002054,1
190650806002055,1
190650806002056,1
190650806002057,1
190650806002058,1
190650806002059,1
190650806002060,1
190650806002061,1
190650806002062,1
190650806002063,1
190650806002067,1
190650806002068,1
190650806002069,1
190650806002070,1
190650806002071,1
190650806002072,1
190650806002073,1
190650806002074,1
190650806002075,1
190650806002076,1
190650806002077,1
190650806002078,1
190650806002079,1
190650806002080,1
190650806002081,1
190650806002082,1
190650806002083,1
190650806002084,1
190650806002085,1
190650806002086,1
190650806002087,1
190650806002090,1
190650806002091,1
190650806002092,1
190650806002095,1
190650806002096,1
190650806002097,1
190650806002098,1
190650806002099,1
190650806002100,1
190650807001069,1
190650807001072,1
190650807001073,1
190650807001074,1
190650807001077,1
190650807001078,1
190650807001079,1
190650807001081,1
190650807001082,1
190650807001083,1
190650807001084,1
190650807001085,1
190650807001086,1
190650807001087,1
190650807001088,1
190650807001089,1
190650807001090,1
190650807001091,1
190650807001092,1
190650807001093,1
190650807001094,1
190650807001095,1
190650807001096,1
190650807001097,1
190650807001102,1
190650807001103,1
190650807001104,1
190650807001105,1
190650807001106,1
190650807001107,1
190650807001108,1
190650807001109,1
190650807002083,1
190650807002107,1
190650807003000,1
190650807003001,1
190650807003002,1
190650807003003,1
190650807003004,1
190650807003005,1
190650807003006,1
190650807003007,1
190650807003008,1
190650807004000,1
190650807004001,1
190650807004015,1
190650807004016,1
190650807004017,1
190650807004018,1
190650807004019,1
190650807004020,1
190650807004021,1
190650807004022,1
190650807004023,1
190650807004024,1
190650807004025,1
190650807004026,1
190650807004027,1
190650807004028,1
190650807004029,1
190650807004030,1
190650807004031,1
190650807004032,1
190650807004033,1
190650807004034,1
190650807004035,1
190650807004036,1
190650807004037,1
190650807004038,1
190650807004039,1
190650807004040,1
190650807004041,1
190650807004042,1
190650807004043,1
190650807004044,1
190650807004045,1
190650807004046,1
190650807004047,1
190650807004048,1
190650807004049,1
190650807004080,1
190650807002000,1
190650807002001,1
190650807002002,1
190650807002003,1
190650807002004,1
190650807002005,1
190650807002006,1
190650807002007,1
190650807002008,1
190650807002009,1
190650807002010,1
190650807002011,1
190650807002012,1
190650807002013,1
190650807002014,1
190650807002015,1
190650807002016,1
190650807002017,1
190650807002018,1
190650807002019,1
190650807002020,1
190650807002021,1
190650807002022,1
190650807002023,1
190650807002024,1
190650807002025,1
190650807002026,1
190650807002027,1
190650807002028,1
190650807002029,1
190650807002030,1
190650807002031,1
190650807002032,1
190650807002033,1
190650807002034,1
190650807002035,1
190650807002036,1
190650807002037,1
190650807002038,1
190650807002039,1
190650807002040,1
190650807002041,1
190650807002042,1
190650807002043,1
190650807002044,1
190650807002045,1
190650807002046,1
190650807002047,1
190650807002048,1
190650807002049,1
190650807002050,1
190650807002051,1
190650807002052,1
190650807002053,1
190650807002054,1
190650807002055,1
190650807002056,1
190650807002057,1
190650807002058,1
190650807002059,1
190650807002060,1
190650807002061,1
190650807002062,1
190650807002063,1
190650807002064,1
190650807002067,1
190650807002068,1
190650807002069,1
190650807002070,1
190650807002071,1
190650807002072,1
190650807002073,1
190650807002074,1
190650807002078,1
190650807002079,1
190650807002080,1
190650807002081,1
190650807002082,1
190650807002092,1
190650807002093,1
190650807002094,1
190650807002095,1
190650807002096,1
190650807002097,1
190650807002098,1
190650807002099,1
190650807002100,1
190650807002110,1
190650807002084,1
190650807002085,1
190650807002086,1
190650807002087,1
190650807002088,1
190650807002089,1
190650807002090,1
190650807002091,1
190650807002101,1
190650807002102,1
190650807002103,1
190650807002104,1
190650807002105,1
190650807002106,1
190650807002108,1
190650807002109,1
190650807004002,1
190650807004003,1
190650807004004,1
190650807004005,1
190650807004006,1
190650807004007,1
190650807004008,1
190650807004009,1
190650807004010,1
190650807004011,1
190650807004012,1
190650807004013,1
190650807004014,1
190650807004050,1
190650807004051,1
190650807004052,1
190650807004053,1
190650807004054,1
190650807004055,1
190650807004056,1
190650807004057,1
190650807004058,1
190650807004059,1
190650807004060,1
190650807004061,1
190650807004062,1
190650807004063,1
190650807004064,1
190650807004065,1
190650807004066,1
190650807004067,1
190650807004068,1
190650807004069,1
190650807004070,1
190650807004071,1
190650807004072,1
190650807004073,1
190650807003009,1
190650807003010,1
190650807003019,1
190650807003020,1
190650807003021,1
190650807003022,1
190650807003023,1
190650807003024,1
190650807003025,1
190650807003026,1
190650807003027,1
190650807003028,1
190650807003029,1
190650807003030,1
190650807003031,1
190650807003032,1
190650807003033,1
190650807003034,1
190650807003035,1
190650807003036,1
190650807003037,1
190650807003038,1
190650807003039,1
190650807003040,1
190650807003041,1
190650807003064,1
190650807003065,1
190650807003066,1
190650807003067,1
190650807003068,1
190650807003069,1
190650807003070,1
190650807003071,1
190650807003072,1
190650807003073,1
190650807003074,1
190650807003075,1
190650807003076,1
190650807003077,1
190650807003078,1
190650807003079,1
190650807003080,1
190650807003081,1
190650807003082,1
190650807003083,1
190650807003084,1
190650807003090,1
190650807003091,1
190650807003092,1
190650807003093,1
190650807003094,1
190650807003095,1
190650807003096,1
190650807003097,1
190650807003098,1
190650807003099,1
190650807003100,1
190650807003101,1
190650807003123,1
190650807003124,1
190650807003125,1
190650807003129,1
190650807003130,1
190650807003131,1
190650807003132,1
190650807003133,1
190650807003134,1
190650807003135,1
190650807003136,1
190650807003137,1
190650807003011,1
190650807003012,1
190650807003013,1
190650807003014,1
190650807003015,1
190650807003016,1
190650807003017,1
190650807003018,1
190650807003042,1
190650807003043,1
190650807003044,1
190650807003045,1
190650807003046,1
190650807003047,1
190650807003048,1
190650807003049,1
190650807003050,1
190650807003051,1
190650807003052,1
190650807003053,1
190650807003054,1
190650807003055,1
190650807003056,1
190650807003057,1
190650807003058,1
190650807003059,1
190650807003060,1
190650807003061,1
190650807003062,1
190650807003063,1
190650807003085,1
190650807003086,1
190650807003087,1
190650807003088,1
190650807003089,1
190650807003102,1
190650807003103,1
190650807003104,1
190650807003105,1
190650807003106,1
190650807003107,1
190650807003108,1
190650807003109,1
190650807003110,1
190650807003111,1
190650807003112,1
190650807003114,1
190650807003115,1
190650807003116,1
190650807003117,1
190650807003118,1
190650807003119,1
190650807003120,1
190650807003121,1
190650807003122,1
190650807003126,1
190650807003127,1
190650807003128,1
190650807003138,1
190650807004074,1
190650807004075,1
190650807004076,1
190650807004077,1
190650807004078,1
190650807004079,1
190650807003113,1
190674801001000,4
190674801001008,4
190674801001009,4
190674801001010,4
190674801001014,4
190674801001018,4
190674801001019,4
190674801003000,4
190674801003001,4
190674801003002,4
190674801003003,4
190674801003004,4
190674801003005,4
190674801003006,4
190674801003007,4
190674801003008,4
190674801003009,4
190674801003010,4
190674801003011,4
190674801003012,4
190674801003013,4
190674801003014,4
190674801003015,4
190674801003016,4
190674801003017,4
190674801003018,4
190674801003019,4
190674801003020,4
190674801003021,4
190674801003022,4
190674801003023,4
190674801003024,4
190674801003025,4
190674801003031,4
190674801003061,4
190674801003062,4
190674801003063,4
190674801003064,4
190674801003065,4
190674801001001,4
190674801001002,4
190674801001003,4
190674801001004,4
190674801001005,4
190674801001006,4
190674801001007,4
190674801001011,4
190674801001012,4
190674801001013,4
190674801001015,4
190674801001016,4
190674801001017,4
190674801001020,4
190674801001021,4
190674801001022,4
190674801001023,4
190674801001024,4
190674801001025,4
190674801001026,4
190674801001027,4
190674801001028,4
190674801001029,4
190674801001030,4
190674801001031,4
190674801001032,4
190674801001033,4
190674801001034,4
190674801001035,4
190674801001036,4
190674801001037,4
190674801001038,4
190674801001039,4
190674801001040,4
190674801001041,4
190674801001042,4
190674801001043,4
190674801001044,4
190674801001045,4
190674801001046,4
190674801001047,4
190674801001048,4
190674801001049,4
190674801001050,4
190674801001051,4
190674801001052,4
190674801001053,4
190674801001054,4
190674801001055,4
190674801001056,4
190674801001057,4
190674801001058,4
190674801001059,4
190674801001060,4
190674801001061,4
190674801001062,4
190674801001063,4
190674801001064,4
190674801001065,4
190674801001066,4
190674801001067,4
190674801001068,4
190674801001069,4
190674801001070,4
190674801001071,4
190674801001072,4
190674801001073,4
190674801001074,4
190674801001075,4
190674801001076,4
190674801001077,4
190674801001078,4
190674801001079,4
190674801001080,4
190674801001081,4
190674801001082,4
190674801001083,4
190674801001084,4
190674801001085,4
190674801001086,4
190674801001091,4
190674801001092,4
190674801001095,4
190674801001096,4
190674801001097,4
190674801001098,4
190674801001099,4
190674801001101,4
190674801001102,4
190674801001103,4
190674801001104,4
190674801001105,4
190674801001106,4
190674801001107,4
190674801001108,4
190674801001115,4
190674801001116,4
190674801001117,4
190674801001118,4
190674801001120,4
190674801002066,4
190674801002067,4
190674801002068,4
190674801003060,4
190674801003066,4
190674801003067,4
190674801003068,4
190674801003069,4
190674801003070,4
190674801003087,4
190674801003088,4
190674801003089,4
190674805005007,4
190674805005008,4
190674805005009,4
190674801001087,4
190674801001088,4
190674801001089,4
190674801001090,4
190674801001093,4
190674801001094,4
190674801001119,4
190674801001122,4
190674801001124,4
190674801001125,4
190674801002002,4
190674801002003,4
190674801002004,4
190674801002005,4
190674801002006,4
190674801002009,4
190674801002010,4
190674801002011,4
190674801002012,4
190674801002013,4
190674801002014,4
190674801002015,4
190674801002016,4
190674801002017,4
190674801002018,4
190674801002019,4
190674801002020,4
190674801002021,4
190674801002022,4
190674801002023,4
190674801002024,4
190674801002025,4
190674801002026,4
190674801002027,4
190674801002032,4
190674801002033,4
190674801002034,4
190674801002035,4
190674801002036,4
190674801002037,4
190674801002038,4
190674801002044,4
190674801002045,4
190674801002046,4
190674801002047,4
190674801002048,4
190674801002049,4
190674801002050,4
190674801002051,4
190674801002052,4
190674801002053,4
190674801002054,4
190674801002055,4
190674801002057,4
190674801002058,4
190674801002059,4
190674801002060,4
190674801002061,4
190674801002062,4
190674801002063,4
190674801002064,4
190674801002065,4
190674801002069,4
190674801002071,4
190674801002072,4
190674801002073,4
190674801002074,4
190674801002090,4
190674801002091,4
190674801002092,4
190674801002093,4
190674801002094,4
190674801002095,4
190674801002096,4
190674801002097,4
190674801002098,4
190674801002099,4
190674801002100,4
190674801002101,4
190674801002102,4
190674801002103,4
190674801002104,4
190674801002105,4
190674801002106,4
190674801002107,4
190674801002112,4
190674801002113,4
190674801002122,4
190674801002123,4
190674801002124,4
190674801002125,4
190674801002126,4
190674804001001,4
190674804001004,4
190674804002000,4
190674804002001,4
190674804002002,4
190674804002003,4
190674804002005,4
190674804002006,4
190674804002007,4
190674804002008,4
190674804002056,4
190674804003002,4
190674805001048,4
190674805001049,4
190674805001050,4
190674805001066,4
190674805001069,4
190674805002027,4
190674805002028,4
190674805002029,4
190674805004019,4
190674805004024,4
190674805004025,4
190674805004026,4
190674805004027,4
190674805005001,4
190674805005002,4
190674805005003,4
190674805005004,4
190674805005005,4
190674805005006,4
190674805005010,4
190674805005011,4
190674805005012,4
190674805005014,4
190674805005026,4
190674805005040,4
190674805005041,4
190674805005042,4
190674805005043,4
190674801001100,4
190674801001109,4
190674801001110,4
190674801001111,4
190674801001112,4
190674801001113,4
190674801001114,4
190674801001121,4
190674801002070,4
190674801002075,4
190674801002076,4
190674801002077,4
190674801002078,4
190674801002079,4
190674801002080,4
190674801002081,4
190674801002082,4
190674801002083,4
190674801002084,4
190674801002085,4
190674802001058,4
190674802001059,4
190674802001060,4
190674802001061,4
190674802001064,4
190674802001065,4
190674802001066,4
190674802001067,4
190674802001068,4
190674802001069,4
190674802001070,4
190674802001071,4
190674802001072,4
190674802001073,4
190674802001074,4
190674802001075,4
190674802001076,4
190674802001077,4
190674802001078,4
190674802001079,4
190674802001080,4
190674802001081,4
190674802001082,4
190674802001083,4
190674802001084,4
190674802001085,4
190674802001086,4
190674802001087,4
190674802001088,4
190674802001089,4
190674802001090,4
190674802001091,4
190674802001092,4
190674802001093,4
190674802001094,4
190674802001095,4
190674802001096,4
190674802001097,4
190674802001098,4
190674802001099,4
190674802001100,4
190674802001101,4
190674802001102,4
190674802001103,4
190674802001109,4
190674802001110,4
190674802001111,4
190674802001112,4
190674802001113,4
190674802001114,4
190674802001115,4
190674802001116,4
190674802001117,4
190674802001119,4
190674803002076,4
190674801001123,4
190674801002007,4
190674801002008,4
190674801002127,4
190674804001003,4
190674804001005,4
190674804001006,4
190674804001007,4
190674804001008,4
190674804001009,4
190674804001010,4
190674804001011,4
190674804001012,4
190674804001013,4
190674804001014,4
190674804001015,4
190674804001016,4
190674804001017,4
190674804001018,4
190674804001019,4
190674804001020,4
190674804001021,4
190674804001022,4
190674804001023,4
190674804001024,4
190674804001025,4
190674804001026,4
190674804001027,4
190674804001028,4
190674804001029,4
190674804001030,4
190674804001031,4
190674804001032,4
190674804001033,4
190674804001034,4
190674804001035,4
190674804001036,4
190674804001037,4
190674804001038,4
190674804001039,4
190674804001040,4
190674804001041,4
190674804002004,4
190674804002009,4
190674804002010,4
190674804002011,4
190674804002012,4
190674804002013,4
190674804002014,4
190674804002015,4
190674804002016,4
190674804002017,4
190674804002018,4
190674804002019,4
190674804002020,4
190674804002021,4
190674804002022,4
190674804002023,4
190674804002024,4
190674804002025,4
190674804002026,4
190674804002027,4
190674804002028,4
190674804002029,4
190674804002030,4
190674804002031,4
190674804002032,4
190674804002033,4
190674804002034,4
190674804002035,4
190674804002036,4
190674804002037,4
190674804002038,4
190674804002039,4
190674804002040,4
190674804002041,4
190674804002042,4
190674804002043,4
190674804002044,4
190674804002045,4
190674804002046,4
190674804002047,4
190674804002048,4
190674804002049,4
190674804002050,4
190674804002051,4
190674804002052,4
190674804002053,4
190674804002054,4
190674804002055,4
190674804002057,4
190674804002058,4
190674804002059,4
190674804002060,4
190674804002061,4
190674804002062,4
190674804002063,4
190674804002064,4
190674804002065,4
190674804002066,4
190674804002067,4
190674804002068,4
190674804002069,4
190674804002070,4
190674804002071,4
190674804002072,4
190674804002073,4
190674804002074,4
190674804002075,4
190674804002076,4
190674804002077,4
190674804002078,4
190674804002079,4
190674804002080,4
190674804002081,4
190674804002082,4
190674804002083,4
190674804002084,4
190674804002085,4
190674804002086,4
190674804002087,4
190674804002088,4
190674804002089,4
190674804002090,4
190674804002091,4
190674804002092,4
190674804002093,4
190674804002094,4
190674804002095,4
190674804002096,4
190674804002097,4
190674804002098,4
190674804003000,4
190674804003001,4
190674804003003,4
190674804003004,4
190674804003005,4
190674804003006,4
190674804003007,4
190674804003008,4
190674804003009,4
190674804003010,4
190674804003011,4
190674804003012,4
190674804003013,4
190674804003014,4
190674804003015,4
190674804003016,4
190674804003017,4
190674804003018,4
190674804003019,4
190674804003020,4
190674804003021,4
190674804003022,4
190674804003023,4
190674804003024,4
190674804003025,4
190674804003026,4
190674804003027,4
190674804003028,4
190674804003029,4
190674804003030,4
190674804003031,4
190674804003032,4
190674804003033,4
190674804003034,4
190674804003035,4
190674805001000,4
190674805001001,4
190674805001002,4
190674805001003,4
190674805001004,4
190674805001005,4
190674805001006,4
190674805001007,4
190674805001008,4
190674805001009,4
190674805001010,4
190674805001011,4
190674805001012,4
190674805001013,4
190674805001014,4
190674805001015,4
190674805001016,4
190674805001017,4
190674805001018,4
190674805001019,4
190674805001020,4
190674805001021,4
190674805001022,4
190674805001023,4
190674805001024,4
190674805001025,4
190674805001026,4
190674805001027,4
190674805001028,4
190674805001029,4
190674805001030,4
190674805001031,4
190674805001032,4
190674805001033,4
190674805001034,4
190674805001035,4
190674805001036,4
190674805001037,4
190674805001038,4
190674805001039,4
190674805001040,4
190674805001041,4
190674805001042,4
190674805001043,4
190674805001044,4
190674805001045,4
190674805001046,4
190674805001047,4
190674805001051,4
190674805001052,4
190674805001053,4
190674805001054,4
190674805001055,4
190674805001056,4
190674805001057,4
190674805001058,4
190674805001059,4
190674805001060,4
190674805001061,4
190674805001062,4
190674805001063,4
190674805001064,4
190674805001065,4
190674805001067,4
190674805001068,4
190674805002000,4
190674805002001,4
190674805002002,4
190674805002003,4
190674805002004,4
190674805002005,4
190674805002006,4
190674805002007,4
190674805002008,4
190674805002009,4
190674805002010,4
190674805002011,4
190674805002012,4
190674805002013,4
190674805002014,4
190674805002015,4
190674805002016,4
190674805002017,4
190674805002018,4
190674805002019,4
190674805002020,4
190674805002021,4
190674805002022,4
190674805002023,4
190674805002024,4
190674805002025,4
190674805002026,4
190674805003000,4
190674805003001,4
190674805003002,4
190674805003003,4
190674805003004,4
190674805003005,4
190674805003006,4
190674805003007,4
190674805003008,4
190674805003009,4
190674805003010,4
190674805003011,4
190674805003012,4
190674805003013,4
190674805003014,4
190674805003015,4
190674805003016,4
190674805003017,4
190674805003018,4
190674805003019,4
190674805003020,4
190674805003021,4
190674805003022,4
190674805003023,4
190674805003024,4
190674805003025,4
190674805003026,4
190674805003027,4
190674805003028,4
190674805003029,4
190674805003030,4
190674805003031,4
190674805003032,4
190674805003033,4
190674805003034,4
190674805003035,4
190674805003036,4
190674805003037,4
190674805003038,4
190674805003039,4
190674805003040,4
190674805003041,4
190674805003042,4
190674805003043,4
190674805003044,4
190674805003045,4
190674805003046,4
190674805003047,4
190674805003048,4
190674805004000,4
190674805004001,4
190674805004002,4
190674805004003,4
190674805004004,4
190674805004005,4
190674805004006,4
190674805004007,4
190674805004008,4
190674805004009,4
190674805004010,4
190674805004011,4
190674805004012,4
190674805004013,4
190674805004014,4
190674805004015,4
190674805004016,4
190674805004017,4
190674805004018,4
190674805004020,4
190674805004021,4
190674805004022,4
190674805004023,4
190674805005000,4
190674805005013,4
190674805005015,4
190674805005016,4
190674805005017,4
190674805005018,4
190674805005019,4
190674805005020,4
190674805005021,4
190674805005022,4
190674805005023,4
190674805005024,4
190674805005025,4
190674805005027,4
190674805005028,4
190674805005029,4
190674805005030,4
190674805005031,4
190674805005032,4
190674805005033,4
190674805005034,4
190674805005035,4
190674805005036,4
190674805005037,4
190674805005038,4
190674805005039,4
190674805005044,4
190674805005045,4
190674805005046,4
190674805005047,4
190674805005048,4
190674805005049,4
190674805005050,4
190674805005051,4
190674805005052,4
190674805005053,4
190674805005054,4
190674801002000,4
190674801002001,4
190674801003026,4
190674801003027,4
190674801003028,4
190674801003029,4
190674801003030,4
190674801003032,4
190674801003033,4
190674801003034,4
190674801003035,4
190674801003036,4
190674801003037,4
190674801003038,4
190674801003039,4
190674801003040,4
190674801003041,4
190674801003042,4
190674801003043,4
190674801003044,4
190674801003045,4
190674801003046,4
190674801003047,4
190674801003048,4
190674801003049,4
190674801003050,4
190674801003051,4
190674801003052,4
190674801003053,4
190674801003054,4
190674801003055,4
190674801003056,4
190674801003057,4
190674801003058,4
190674801003059,4
190674801003071,4
190674801003072,4
190674801003073,4
190674801003074,4
190674801003075,4
190674801003076,4
190674801003077,4
190674801003078,4
190674801003079,4
190674801003080,4
190674801003081,4
190674801003082,4
190674801003083,4
190674801003084,4
190674801003085,4
190674801003086,4
190674801003090,4
190674801003091,4
190674801003092,4
190674801003093,4
190674801003094,4
190674804001000,4
190674804001002,4
190674801002028,4
190674801002029,4
190674801002030,4
190674801002031,4
190674801002039,4
190674801002040,4
190674801002041,4
190674801002042,4
190674801002043,4
190674801002056,4
190674801002108,4
190674801002109,4
190674801002110,4
190674801002111,4
190674801002114,4
190674801002115,4
190674801002116,4
190674801002117,4
190674801002118,4
190674801002119,4
190674801002120,4
190674801002121,4
190674803001000,4
190674803001001,4
190674803001002,4
190674803001003,4
190674803001004,4
190674803001005,4
190674803001006,4
190674803001007,4
190674803001008,4
190674803001009,4
190674803001010,4
190674803001011,4
190674803001012,4
190674803001013,4
190674803001017,4
190674803001018,4
190674803001019,4
190674803001020,4
190674803001021,4
190674803001022,4
190674803001023,4
190674803001058,4
190674803001059,4
190674803001060,4
190674803001061,4
190674803001062,4
190674803001063,4
190674803001064,4
190674803001065,4
190674803001066,4
190674803001067,4
190674803001068,4
190674803001069,4
190674803001070,4
190674803001080,4
190674803001081,4
190674803001082,4
190674803001083,4
190674803001084,4
190674803001085,4
190674803001086,4
190674803001087,4
190674803001089,4
190674803001090,4
190674803001091,4
190674803001092,4
190674803001093,4
190674803001094,4
190674803001126,4
190674803001127,4
190674801002086,4
190674801002087,4
190674801002088,4
190674801002089,4
190674802001120,4
190674802001121,4
190674803001030,4
190674803001031,4
190674803001032,4
190674803001033,4
190674803001034,4
190674803001035,4
190674803001036,4
190674803001037,4
190674803001038,4
190674803001039,4
190674803001040,4
190674803001041,4
190674803001098,4
190674803001099,4
190674803001100,4
190674803001101,4
190674803001102,4
190674803001108,4
190674803001110,4
190674803001111,4
190674803001112,4
190674803001113,4
190674803001114,4
190674803001116,4
190674803001117,4
190674803001118,4
190674803001119,4
190674803001120,4
190674803001121,4
190674803001122,4
190674803001123,4
190674803001124,4
190674803001128,4
190674803001129,4
190674803002069,4
190674803002070,4
190674803002071,4
190674803002072,4
190674803002073,4
190674803002074,4
190674803002075,4
190674803002085,4
190674803002086,4
190674803002087,4
190674803002088,4
190674803002089,4
190674803002090,4
190674803002091,4
190674803002092,4
190674803002093,4
190674803002094,4
190674803002095,4
190674803002096,4
190674803002097,4
190674803002098,4
190674803002099,4
190674803002100,4
190674803002101,4
190674803002102,4
190674803002103,4
190674803002104,4
190674803002105,4
190674803002106,4
190674803002107,4
190674803002108,4
190674803002109,4
190674803002110,4
190674803002111,4
190674803002112,4
190674803002113,4
190674803002114,4
190674803002115,4
190674803002116,4
190674803002117,4
190674803002118,4
190674803002119,4
190674803002120,4
190674803002121,4
190674803002122,4
190674803002123,4
190674803002124,4
190674803002125,4
190674803002126,4
190674803002127,4
190674803002128,4
190674803002129,4
190674803002130,4
190674803002131,4
190674803002132,4
190674803002133,4
190674803002134,4
190674803002135,4
190674803002136,4
190674803002157,4
190674803002158,4
190674803002159,4
190674803002174,4
190674803002175,4
190674803002176,4
190674802001000,4
190674802001001,4
190674802001002,4
190674802001003,4
190674802001004,4
190674802001008,4
190674802001009,4
190674802001010,4
190674802001011,4
190674802001012,4
190674802001013,4
190674802001014,4
190674802001015,4
190674802001016,4
190674802001017,4
190674802001018,4
190674802001019,4
190674802001020,4
190674802001021,4
190674802001022,4
190674802001023,4
190674802001024,4
190674802001025,4
190674802001026,4
190674802001027,4
190674802001028,4
190674802001029,4
190674802001030,4
190674802001034,4
190674802001035,4
190674802001036,4
190674802001037,4
190674802001038,4
190674802001040,4
190674802001041,4
190674802001042,4
190674802001043,4
190674802001044,4
190674802001045,4
190674802001046,4
190674802001047,4
190674802001048,4
190674802001049,4
190674802001050,4
190674802001051,4
190674802001052,4
190674802001053,4
190674802001054,4
190674802001055,4
190674802001062,4
190674802001063,4
190674802001104,4
190674802001105,4
190674802001106,4
190674802001107,4
190674802001108,4
190674802001118,4
190674802002000,4
190674802002001,4
190674802002002,4
190674802002003,4
190674802002004,4
190674802002005,4
190674802002006,4
190674802002007,4
190674802002008,4
190674802002018,4
190674802002019,4
190674802002020,4
190674802002021,4
190674802002022,4
190674802002023,4
190674802002024,4
190674802002025,4
190674802002026,4
190674802002027,4
190674802002028,4
190674802002029,4
190674802002030,4
190674802002046,4
190674802002047,4
190674802002048,4
190674802002049,4
190674802002054,4
190674802002055,4
190674802002056,4
190674802002057,4
190674802002058,4
190674802002059,4
190674802002060,4
190674802002061,4
190674802002146,4
190674802001005,4
190674802001006,4
190674802001007,4
190674802001031,4
190674802001032,4
190674802001033,4
190674802001039,4
190674802001056,4
190674802002009,4
190674802002010,4
190674802002011,4
190674802002012,4
190674802002013,4
190674802002014,4
190674802002015,4
190674802002016,4
190674802002017,4
190674802002031,4
190674802002032,4
190674802002033,4
190674802002034,4
190674802002035,4
190674802002036,4
190674802002037,4
190674802002038,4
190674802002039,4
190674802002040,4
190674802002041,4
190674802002042,4
190674802002043,4
190674802002044,4
190674802002045,4
190674802002050,4
190674802002051,4
190674802002052,4
190674802002053,4
190674802002062,4
190674802002063,4
190674802002064,4
190674802002065,4
190674802002066,4
190674802002067,4
190674802002092,4
190674802002093,4
190674802002094,4
190674802002103,4
190674802002104,4
190674802002105,4
190674802002106,4
190674802002107,4
190674802002108,4
190674802002109,4
190674802002110,4
190674802002111,4
190674802002112,4
190674802002113,4
190674802002114,4
190674802002115,4
190674802002116,4
190674802002117,4
190674802002118,4
190674802002119,4
190674802002120,4
190674802002121,4
190674802002122,4
190674802002123,4
190674802002124,4
190674802002125,4
190674802002126,4
190674802002127,4
190674802002143,4
190674802002144,4
190674802003000,4
190674802003001,4
190674802003002,4
190674802003003,4
190674802003004,4
190674802003005,4
190674802003006,4
190674802003007,4
190674802003008,4
190674802003009,4
190674802003041,4
190674802001057,4
190674802002128,4
190674802002129,4
190674802002130,4
190674802002131,4
190674802002132,4
190674802002133,4
190674802002134,4
190674802002135,4
190674802002136,4
190674802002137,4
190674802002138,4
190674802002139,4
190674802002140,4
190674802002141,4
190674802002142,4
190674802002145,4
190674803002000,4
190674803002001,4
190674803002002,4
190674803002003,4
190674803002004,4
190674803002005,4
190674803002006,4
190674803002007,4
190674803002008,4
190674803002009,4
190674803002010,4
190674803002011,4
190674803002012,4
190674803002013,4
190674803002014,4
190674803002015,4
190674803002016,4
190674803002017,4
190674803002018,4
190674803002019,4
190674803002020,4
190674803002021,4
190674803002022,4
190674803002023,4
190674803002024,4
190674803002025,4
190674803002026,4
190674803002027,4
190674803002028,4
190674803002029,4
190674803002030,4
190674803002031,4
190674803002032,4
190674803002033,4
190674803002034,4
190674803002035,4
190674803002036,4
190674803002037,4
190674803002038,4
190674803002039,4
190674803002040,4
190674803002041,4
190674803002042,4
190674803002043,4
190674803002044,4
190674803002045,4
190674803002046,4
190674803002047,4
190674803002048,4
190674803002061,4
190674803002062,4
190674803002063,4
190674803002064,4
190674803002172,4
190674803002178,4
190674803002180,4
190674803003000,4
190674803003001,4
190674803003002,4
190674803003003,4
190674803003004,4
190674803003005,4
190674803003006,4
190674803003007,4
190674803003008,4
190674803003009,4
190674803003010,4
190674803003011,4
190674803003012,4
190674803003013,4
190674803003014,4
190674803003015,4
190674803003016,4
190674803003017,4
190674803003018,4
190674803003019,4
190674803003020,4
190674803003021,4
190674803003022,4
190674803003023,4
190674803003024,4
190674803003025,4
190674803003026,4
190674803003027,4
190674803003028,4
190674803003029,4
190674803003030,4
190674803003031,4
190674803003032,4
190674803003033,4
190674803003034,4
190674803003035,4
190674803003036,4
190674803003037,4
190674803003038,4
190674803003039,4
190674803003040,4
190674803003041,4
190674803003042,4
190674803003043,4
190674803003044,4
190674803003045,4
190674803003046,4
190674803003047,4
190674803003048,4
190674803003049,4
190674803003050,4
190674803003051,4
190674803003052,4
190674803003053,4
190674803003054,4
190674803003055,4
190674803003056,4
190674803003057,4
190674803003058,4
190674803003059,4
190674803003060,4
190674803003061,4
190674803003062,4
190674803003063,4
190674803003064,4
190674803003065,4
190674803003066,4
190674803003067,4
190674803003068,4
190674803003069,4
190674803003070,4
190674803003071,4
190674803003072,4
190674803003073,4
190674803003074,4
190674803003075,4
190674803003076,4
190674803003077,4
190674803003078,4
190674803003079,4
190674803003080,4
190674803003081,4
190674803003082,4
190674803003083,4
190674803003084,4
190674803003085,4
190674802002068,4
190674802002069,4
190674802002070,4
190674802002071,4
190674802002072,4
190674802002073,4
190674802002074,4
190674802002075,4
190674802002076,4
190674802002077,4
190674802002078,4
190674802002079,4
190674802002080,4
190674802002081,4
190674802002082,4
190674802002083,4
190674802002084,4
190674802002085,4
190674802002086,4
190674802002087,4
190674802002088,4
190674802002089,4
190674802002090,4
190674802002091,4
190674802002095,4
190674802002096,4
190674802002097,4
190674802002098,4
190674802002099,4
190674802002100,4
190674802002101,4
190674802002102,4
190674802003010,4
190674802003011,4
190674802003012,4
190674802003013,4
190674802003014,4
190674802003015,4
190674802003016,4
190674802003017,4
190674802003018,4
190674802003019,4
190674802003020,4
190674802003021,4
190674802003022,4
190674802003023,4
190674802003024,4
190674802003025,4
190674802003026,4
190674802003027,4
190674802003028,4
190674802003029,4
190674802003030,4
190674802003031,4
190674802003032,4
190674802003033,4
190674802003034,4
190674802003035,4
190674802003036,4
190674802003037,4
190674802003038,4
190674802003039,4
190674802003040,4
190674802003042,4
190674802003043,4
190674802003044,4
190674802003045,4
190674802003046,4
190674802003047,4
190674802003048,4
190674802003049,4
190674802003050,4
190674802003051,4
190674802003052,4
190674802003053,4
190674802003054,4
190674802003055,4
190674802003056,4
190674802003057,4
190674802003058,4
190674802003059,4
190674802003060,4
190674802003061,4
190674802003062,4
190674802003063,4
190674802003064,4
190674802003065,4
190674802003066,4
190674802003067,4
190674802003068,4
190674802003069,4
190674803001014,4
190674803001015,4
190674803001016,4
190674803001088,4
190674803001024,4
190674803001025,4
190674803001026,4
190674803001027,4
190674803001028,4
190674803001029,4
190674803001042,4
190674803001043,4
190674803001044,4
190674803001045,4
190674803001046,4
190674803001047,4
190674803001048,4
190674803001049,4
190674803001050,4
190674803001051,4
190674803001052,4
190674803001053,4
190674803001054,4
190674803001055,4
190674803001056,4
190674803001057,4
190674803001071,4
190674803001072,4
190674803001073,4
190674803001074,4
190674803001075,4
190674803001076,4
190674803001077,4
190674803001078,4
190674803001079,4
190674803001095,4
190674803001096,4
190674803001097,4
190674803001103,4
190674803001104,4
190674803001105,4
190674803001106,4
190674803001107,4
190674803001115,4
190674803001125,4
190674803001109,4
190674803002049,4
190674803002050,4
190674803002051,4
190674803002052,4
190674803002053,4
190674803002054,4
190674803002055,4
190674803002056,4
190674803002057,4
190674803002058,4
190674803002059,4
190674803002060,4
190674803002065,4
190674803002066,4
190674803002067,4
190674803002068,4
190674803002077,4
190674803002078,4
190674803002079,4
190674803002080,4
190674803002081,4
190674803002082,4
190674803002083,4
190674803002084,4
190674803002137,4
190674803002138,4
190674803002139,4
190674803002140,4
190674803002141,4
190674803002142,4
190674803002143,4
190674803002144,4
190674803002145,4
190674803002146,4
190674803002147,4
190674803002148,4
190674803002149,4
190674803002150,4
190674803002151,4
190674803002152,4
190674803002153,4
190674803002154,4
190674803002155,4
190674803002156,4
190674803002160,4
190674803002161,4
190674803002162,4
190674803002163,4
190674803002164,4
190674803002165,4
190674803002166,4
190674803002167,4
190674803002168,4
190674803002169,4
190674803002170,4
190674803002171,4
190674803002173,4
190674803002177,4
190674803002179,4
190693601001000,4
190693601001001,4
190693601001002,4
190693601001003,4
190693601001004,4
190693601001005,4
190693601001008,4
190693601001009,4
190693601001010,4
190693601001011,4
190693601001012,4
190693601001013,4
190693601001014,4
190693601001015,4
190693601001016,4
190693601001017,4
190693601001018,4
190693601001019,4
190693601001020,4
190693601001057,4
190693601001058,4
190693601001059,4
190693601001060,4
190693601001067,4
190693601001068,4
190693601001069,4
190693601001070,4
190693601001071,4
190693601001072,4
190693601001073,4
190693601001074,4
190693601001075,4
190693601001076,4
190693601001077,4
190693601001078,4
190693601001079,4
190693601001080,4
190693601001081,4
190693601001082,4
190693601001083,4
190693601001084,4
190693601001085,4
190693601001086,4
190693601001087,4
190693601001088,4
190693601001089,4
190693601001090,4
190693601001091,4
190693601001092,4
190693601001093,4
190693601001094,4
190693601001095,4
190693601001096,4
190693601001097,4
190693601001098,4
190693601001099,4
190693601001100,4
190693601001136,4
190693601001142,4
190693601001143,4
190693601001144,4
190693601001006,4
190693601001007,4
190693601001021,4
190693601001022,4
190693601001023,4
190693601001024,4
190693601001025,4
190693601001026,4
190693601001027,4
190693601001028,4
190693601001029,4
190693601001030,4
190693601001031,4
190693601001032,4
190693601001033,4
190693601001034,4
190693601001035,4
190693601001036,4
190693601001037,4
190693601001038,4
190693601001039,4
190693601001040,4
190693601001041,4
190693601001042,4
190693601001043,4
190693601001044,4
190693601001045,4
190693601001046,4
190693601001047,4
190693601001048,4
190693601001049,4
190693601001050,4
190693601001051,4
190693601001052,4
190693601001053,4
190693601001054,4
190693601001055,4
190693601001056,4
190693601001061,4
190693601001062,4
190693601001063,4
190693601001064,4
190693601001065,4
190693601001066,4
190693601001101,4
190693601001102,4
190693601001103,4
190693601001109,4
190693601001118,4
190693601001137,4
190693601001138,4
190693601001139,4
190693601001140,4
190693601004000,4
190693601004001,4
190693601004002,4
190693601004006,4
190693601004017,4
190693601004018,4
190693601004019,4
190693601004020,4
190693601004021,4
190693601004022,4
190693601004065,4
190693601004066,4
190693601004079,4
190693601001104,4
190693601001105,4
190693601001106,4
190693601001107,4
190693601001108,4
190693601001110,4
190693601001111,4
190693601001112,4
190693601001113,4
190693601001114,4
190693601001115,4
190693601001116,4
190693601001117,4
190693601001119,4
190693601001120,4
190693601001121,4
190693601001122,4
190693601001123,4
190693601001124,4
190693601001125,4
190693601001126,4
190693601001127,4
190693601001128,4
190693601001129,4
190693601001130,4
190693601001131,4
190693601001132,4
190693601001133,4
190693601001134,4
190693601001135,4
190693601001141,4
190693601002051,4
190693601002055,4
190693601002056,4
190693601002057,4
190693601002058,4
190693602001000,4
190693602001083,4
190693602001085,4
190693602002006,4
190693602002007,4
190693602002008,4
190693602002009,4
190693602002012,4
190693602002013,4
190693602002113,4
190693602002114,4
190693602003000,4
190693602003001,4
190693602003002,4
190693602003005,4
190693602003006,4
190693602003007,4
190693602003008,4
190693602003009,4
190693602003010,4
190693602003011,4
190693602003012,4
190693602003013,4
190693602003014,4
190693602003015,4
190693602003016,4
190693602003017,4
190693602003027,4
190693602003028,4
190693602003058,4
190693602004000,4
190693601002000,4
190693601002001,4
190693601002002,4
190693601002003,4
190693601002004,4
190693601002005,4
190693601002006,4
190693601002007,4
190693601002008,4
190693601002009,4
190693601002010,4
190693601002011,4
190693601002012,4
190693601002013,4
190693601002014,4
190693601002015,4
190693601002016,4
190693601002017,4
190693601002018,4
190693601002019,4
190693601002020,4
190693601002021,4
190693601002022,4
190693601002023,4
190693601002024,4
190693601002025,4
190693601002026,4
190693601002027,4
190693601002028,4
190693601002029,4
190693601002030,4
190693601002031,4
190693601002032,4
190693601002033,4
190693601002034,4
190693601002035,4
190693601002036,4
190693601002037,4
190693601002038,4
190693601002039,4
190693601002040,4
190693601002041,4
190693601002042,4
190693601002043,4
190693601002044,4
190693601002045,4
190693601002046,4
190693601002047,4
190693601002048,4
190693601002049,4
190693601002050,4
190693601002052,4
190693601002053,4
190693601002054,4
190693601002059,4
190693601002061,4
190693601002062,4
190693601002063,4
190693601002060,4
190693601002064,4
190693601002065,4
190693601002066,4
190693601002067,4
190693601002068,4
190693601002069,4
190693601002070,4
190693601002071,4
190693601002072,4
190693601002073,4
190693601002074,4
190693601002075,4
190693601002076,4
190693601002077,4
190693601002078,4
190693601002079,4
190693601002080,4
190693601002081,4
190693601002082,4
190693601002083,4
190693601002084,4
190693601002085,4
190693601002086,4
190693601002087,4
190693601002088,4
190693601002089,4
190693601002090,4
190693601002091,4
190693601002092,4
190693601002093,4
190693601002094,4
190693601002095,4
190693601002096,4
190693601002097,4
190693601002098,4
190693601002099,4
190693601002100,4
190693601002101,4
190693601002102,4
190693601002103,4
190693601002104,4
190693601002105,4
190693601002106,4
190693601002107,4
190693601003032,4
190693601003033,4
190693601003034,4
190693601003035,4
190693601003036,4
190693601003037,4
190693601003038,4
190693601003039,4
190693601003040,4
190693601003043,4
190693601003044,4
190693601002108,4
190693601003000,4
190693601003001,4
190693601003002,4
190693601003003,4
190693601003004,4
190693601003005,4
190693601003006,4
190693601003007,4
190693601003008,4
190693601003009,4
190693601003010,4
190693601003011,4
190693601003012,4
190693601003013,4
190693601003014,4
190693601003015,4
190693601003016,4
190693601003017,4
190693601003018,4
190693601003019,4
190693601003020,4
190693601003021,4
190693601003022,4
190693601003023,4
190693601003024,4
190693601003025,4
190693601003026,4
190693601003027,4
190693601003028,4
190693601003029,4
190693601003030,4
190693601003031,4
190693601003062,4
190693601003063,4
190693601003064,4
190693601003065,4
190693601003066,4
190693601003069,4
190693601003070,4
190693601003071,4
190693601003072,4
190693601003073,4
190693601003074,4
190693601003075,4
190693601003076,4
190693601003077,4
190693601003078,4
190693601003079,4
190693601003082,4
190693601003083,4
190693601003084,4
190693601003085,4
190693602001081,4
190693602001082,4
190693602001084,4
190693602002017,4
190693602002112,4
190693602002115,4
190693602002116,4
190693602002117,4
190693602002122,4
190693602002123,4
190693602002124,4
190693602002125,4
190693601003041,4
190693601003042,4
190693601003045,4
190693601003046,4
190693601003047,4
190693601003048,4
190693601003049,4
190693601003050,4
190693601003051,4
190693601003052,4
190693601003053,4
190693601003054,4
190693601003055,4
190693601003056,4
190693601003057,4
190693601003058,4
190693601003059,4
190693601003097,4
190693601003098,4
190693601003099,4
190693601003100,4
190693601003101,4
190693601003102,4
190693601003103,4
190693601003104,4
190693601003105,4
190693601003106,4
190693601003107,4
190693601003108,4
190693601003115,4
190693601003116,4
190693601003120,4
190693601003121,4
190693601003122,4
190693601003123,4
190693601003124,4
190693601003125,4
190693601003126,4
190693601003127,4
190693601003128,4
190693601003129,4
190693601003130,4
190693601003131,4
190693601003132,4
190693601003135,4
190693601003136,4
190693601003137,4
190693601003138,4
190693601003139,4
190693601003140,4
190693601003141,4
190693601003142,4
190693601003181,4
190693601003060,4
190693601003061,4
190693601003067,4
190693601003068,4
190693601003080,4
190693601003081,4
190693601003086,4
190693601003087,4
190693601003088,4
190693601003089,4
190693601003090,4
190693601003091,4
190693601003092,4
190693601003093,4
190693601003094,4
190693601003095,4
190693601003096,4
190693601003109,4
190693601003110,4
190693601003111,4
190693601003112,4
190693601003113,4
190693601003114,4
190693601003117,4
190693601003118,4
190693601003119,4
190693601003143,4
190693601003144,4
190693601003145,4
190693601003146,4
190693601003147,4
190693601003148,4
190693601003149,4
190693601003150,4
190693601003151,4
190693601003152,4
190693601003153,4
190693601003154,4
190693601003155,4
190693601003156,4
190693601003157,4
190693601003158,4
190693601003159,4
190693601003160,4
190693601003161,4
190693601003162,4
190693601003163,4
190693601003164,4
190693601003165,4
190693601003166,4
190693601003167,4
190693601003168,4
190693601003169,4
190693601003170,4
190693601003171,4
190693601003172,4
190693601003173,4
190693601003174,4
190693601003175,4
190693601003176,4
190693601003177,4
190693601003178,4
190693601003179,4
190693601003180,4
190693601003133,4
190693601003134,4
190693601003182,4
190693601003183,4
190693601003184,4
190693601003185,4
190693601004003,4
190693601004004,4
190693601004005,4
190693601004007,4
190693601004008,4
190693601004009,4
190693601004010,4
190693601004011,4
190693601004012,4
190693601004013,4
190693601004014,4
190693601004015,4
190693601004016,4
190693601004023,4
190693601004024,4
190693601004025,4
190693601004026,4
190693601004027,4
190693601004028,4
190693601004029,4
190693601004030,4
190693601004031,4
190693601004032,4
190693601004033,4
190693601004034,4
190693601004035,4
190693601004036,4
190693601004037,4
190693601004038,4
190693601004039,4
190693601004040,4
190693601004041,4
190693601004042,4
190693601004043,4
190693601004044,4
190693601004045,4
190693601004046,4
190693601004047,4
190693601004048,4
190693601004049,4
190693601004050,4
190693601004051,4
190693601004052,4
190693601004053,4
190693601004054,4
190693601004055,4
190693601004056,4
190693601004057,4
190693601004058,4
190693601004059,4
190693601004060,4
190693601004061,4
190693601004062,4
190693601004063,4
190693601004064,4
190693601004067,4
190693601004068,4
190693601004069,4
190693601004070,4
190693601004071,4
190693601004072,4
190693601004073,4
190693601004074,4
190693601004075,4
190693601004076,4
190693601004077,4
190693601004078,4
190693601004080,4
190693601004081,4
190693601004082,4
190693601004083,4
190693601004084,4
190693601004085,4
190693601004086,4
190693602001001,4
190693602001002,4
190693602001003,4
190693602001004,4
190693602001005,4
190693602001006,4
190693602001007,4
190693602001008,4
190693602001009,4
190693602001010,4
190693602001011,4
190693602001012,4
190693602001013,4
190693602001014,4
190693602001015,4
190693602001016,4
190693602001017,4
190693602001018,4
190693602001019,4
190693602001020,4
190693602001021,4
190693602001022,4
190693602001023,4
190693602001024,4
190693602001025,4
190693602001026,4
190693602001027,4
190693602001028,4
190693602001029,4
190693602001030,4
190693602001031,4
190693602001032,4
190693602001033,4
190693602001034,4
190693602001035,4
190693602001036,4
190693602001037,4
190693602001038,4
190693602001039,4
190693602001040,4
190693602001041,4
190693602001042,4
190693602001043,4
190693602001044,4
190693602001045,4
190693602001046,4
190693602001047,4
190693602001048,4
190693602001049,4
190693602001050,4
190693602001051,4
190693602001052,4
190693602001053,4
190693602001054,4
190693602001055,4
190693602001056,4
190693602001057,4
190693602001058,4
190693602001059,4
190693602001060,4
190693602001061,4
190693602001062,4
190693602001063,4
190693602001064,4
190693602001065,4
190693602001066,4
190693602001067,4
190693602001068,4
190693602001069,4
190693602001070,4
190693602001071,4
190693602001072,4
190693602001073,4
190693602001074,4
190693602001075,4
190693602001076,4
190693602001077,4
190693602001078,4
190693602001079,4
190693602001080,4
190693602002000,4
190693602002001,4
190693602002002,4
190693602002003,4
190693602002004,4
190693602002005,4
190693602002010,4
190693602002011,4
190693602002014,4
190693602002015,4
190693602002016,4
190693602002018,4
190693602002019,4
190693602002020,4
190693602002021,4
190693602002022,4
190693602002023,4
190693602002024,4
190693602002025,4
190693602002026,4
190693602002027,4
190693602002028,4
190693602002029,4
190693602002030,4
190693602002031,4
190693602002032,4
190693602002033,4
190693602002034,4
190693602002035,4
190693602002036,4
190693602002037,4
190693602002038,4
190693602002039,4
190693602002040,4
190693602002041,4
190693602002042,4
190693602002043,4
190693602002044,4
190693602002045,4
190693602002046,4
190693602002047,4
190693602002048,4
190693602002049,4
190693602002050,4
190693602002051,4
190693602002052,4
190693602002053,4
190693602002054,4
190693602002055,4
190693602002056,4
190693602002057,4
190693602002058,4
190693602002059,4
190693602002060,4
190693602002061,4
190693602002062,4
190693602002063,4
190693602002064,4
190693602002065,4
190693602002066,4
190693602002067,4
190693602002068,4
190693602002069,4
190693602002070,4
190693602002071,4
190693602002072,4
190693602002073,4
190693602002074,4
190693602002075,4
190693602002076,4
190693602002077,4
190693602002078,4
190693602002079,4
190693602002080,4
190693602002081,4
190693602002082,4
190693602002083,4
190693602002084,4
190693602002085,4
190693602002086,4
190693602002087,4
190693602002088,4
190693602002089,4
190693602002090,4
190693602002091,4
190693602002092,4
190693602002093,4
190693602002094,4
190693602002095,4
190693602002096,4
190693602002097,4
190693602002098,4
190693602002099,4
190693602002100,4
190693602002101,4
190693602002102,4
190693602002103,4
190693602002104,4
190693602002105,4
190693602002106,4
190693602002107,4
190693602002108,4
190693602002109,4
190693602002110,4
190693602002111,4
190693602002118,4
190693602002119,4
190693602002120,4
190693602002121,4
190693602002126,4
190693602002127,4
190693602003003,4
190693602003004,4
190693602003018,4
190693602003019,4
190693602003020,4
190693602003021,4
190693602003022,4
190693602003023,4
190693602003024,4
190693602003025,4
190693602003026,4
190693602003029,4
190693602003030,4
190693602003031,4
190693602003032,4
190693602003033,4
190693602003034,4
190693602003035,4
190693602003036,4
190693602003037,4
190693602003038,4
190693602003039,4
190693602003040,4
190693602003041,4
190693602003042,4
190693602003043,4
190693602003044,4
190693602003045,4
190693602003046,4
190693602003047,4
190693602003048,4
190693602003049,4
190693602003050,4
190693602003051,4
190693602003052,4
190693602003053,4
190693602003054,4
190693602003055,4
190693602003056,4
190693602003057,4
190693602003059,4
190693602004001,4
190693602004002,4
190693602004003,4
190693602004004,4
190693602004005,4
190693602004006,4
190693602004007,4
190693602004008,4
190693602004009,4
190693602004010,4
190693602004011,4
190693602004012,4
190693602004013,4
190693602004014,4
190693602004015,4
190693602004016,4
190693602004017,4
190693602004018,4
190693602004019,4
190693602004020,4
190693602004021,4
190693602004022,4
190693602004023,4
190693602004024,4
190693602004025,4
190693602004026,4
190693602004027,4
190693602004028,4
190693602004029,4
190693602004030,4
190693602004031,4
190693602004032,4
190693602004033,4
190693602004034,4
190693602004035,4
190693602004036,4
190693602004037,4
190693602004038,4
190693602004039,4
190693602004040,4
190693602004041,4
190693602004042,4
190693602004043,4
190693602004044,4
190693602004045,4
190693602004046,4
190693602004047,4
190693602004048,4
190693602004049,4
190693602004050,4
190693602004051,4
190693602004052,4
190693602004053,4
190693602004054,4
190693602004055,4
190693602004056,4
190693602004057,4
190693602004058,4
190693603001000,4
190693603001001,4
190693603001002,4
190693603001003,4
190693603001004,4
190693603001005,4
190693603001006,4
190693603001007,4
190693603001008,4
190693603001009,4
190693603001010,4
190693603001011,4
190693603001012,4
190693603001013,4
190693603001014,4
190693603001015,4
190693603001016,4
190693603001017,4
190693603001018,4
190693603001019,4
190693603001020,4
190693603001021,4
190693603001022,4
190693603001023,4
190693603001024,4
190693603001025,4
190693603001026,4
190693603001027,4
190693603001028,4
190693603001029,4
190693603001030,4
190693603001031,4
190693603001032,4
190693603001033,4
190693603001034,4
190693603001035,4
190693603001036,4
190693603001037,4
190693603001038,4
190693603001039,4
190693603001040,4
190693603001041,4
190693603001042,4
190693603001043,4
190693603001044,4
190693603001045,4
190693603001046,4
190693603001047,4
190693603001053,4
190693603001054,4
190693603001055,4
190693603001060,4
190693603001061,4
190693603001173,4
190693603003000,4
190693603003001,4
190693603003002,4
190693603003018,4
190693603003019,4
190693603003043,4
190693603003044,4
190693603003045,4
190693603003046,4
190693603003047,4
190693603003048,4
190693603003073,4
190693603003074,4
190693603003075,4
190693603003084,4
190693603003085,4
190693603003086,4
190693603003087,4
190693603003088,4
190693603003089,4
190693603001048,4
190693603001049,4
190693603001050,4
190693603001051,4
190693603001052,4
190693603001056,4
190693603001057,4
190693603001058,4
190693603001059,4
190693603001062,4
190693603001063,4
190693603001064,4
190693603001065,4
190693603001066,4
190693603001067,4
190693603001068,4
190693603001069,4
190693603001070,4
190693603001071,4
190693603001072,4
190693603001073,4
190693603001074,4
190693603001075,4
190693603001076,4
190693603001077,4
190693603001078,4
190693603001079,4
190693603001080,4
190693603001081,4
190693603001082,4
190693603001083,4
190693603001084,4
190693603001085,4
190693603001086,4
190693603001087,4
190693603001088,4
190693603001089,4
190693603001090,4
190693603001091,4
190693603001104,4
190693603001105,4
190693603001106,4
190693603001107,4
190693603001108,4
190693603001109,4
190693603001110,4
190693603001111,4
190693603001112,4
190693603001113,4
190693603001114,4
190693603001115,4
190693603001116,4
190693603001117,4
190693603001118,4
190693603001119,4
190693603001120,4
190693603001121,4
190693603001122,4
190693603001123,4
190693603001162,4
190693603001176,4
190693603002000,4
190693603002002,4
190693603002003,4
190693603003082,4
190693603003083,4
190693603003090,4
190693603003091,4
190693603003092,4
190693603003093,4
190693603003094,4
190693603001092,4
190693603001093,4
190693603001094,4
190693603001095,4
190693603001096,4
190693603001097,4
190693603001098,4
190693603001099,4
190693603001100,4
190693603001101,4
190693603001102,4
190693603001125,4
190693603001126,4
190693603001127,4
190693603001128,4
190693603001129,4
190693603001130,4
190693603001131,4
190693603001132,4
190693603001133,4
190693603001134,4
190693603001135,4
190693603001136,4
190693603001137,4
190693603001138,4
190693603001139,4
190693603001140,4
190693603001141,4
190693603001142,4
190693603001143,4
190693603001144,4
190693603001145,4
190693603001146,4
190693603001147,4
190693603001148,4
190693603001149,4
190693603001150,4
190693603001151,4
190693603001152,4
190693603001103,4
190693603001161,4
190693603002004,4
190693603002006,4
190693603003060,4
190693603003061,4
190693603003062,4
190693603003063,4
190693603003065,4
190693603003070,4
190693603003077,4
190693603003078,4
190693603003079,4
190693603003080,4
190693603003081,4
190693603003095,4
190693603003096,4
190693603003097,4
190693603003098,4
190693603003099,4
190693603003100,4
190693603003101,4
190693603003102,4
190693603003103,4
190693603003104,4
190693603003105,4
190693603003106,4
190693603003107,4
190693603003108,4
190693603003109,4
190693603003110,4
190693603003111,4
190693603003112,4
190693603003115,4
190693603003116,4
190693603003117,4
190693603003118,4
190693603003129,4
190693603001124,4
190693603001153,4
190693603001154,4
190693603001155,4
190693603001156,4
190693603001157,4
190693603001158,4
190693603001159,4
190693603001160,4
190693603001163,4
190693603001164,4
190693603001165,4
190693603001166,4
190693603001167,4
190693603001168,4
190693603001169,4
190693603001170,4
190693603001171,4
190693603001172,4
190693603001174,4
190693603001175,4
190693603002034,4
190693603002037,4
190693603002038,4
190693603002045,4
190693603002046,4
190693603002047,4
190693603002048,4
190693603002053,4
190693603002054,4
190693603002055,4
190693603002056,4
190693603002057,4
190693603002058,4
190693603002059,4
190693603002060,4
190693603002061,4
190693603002069,4
190693603002070,4
190693603002071,4
190693603002072,4
190693603002073,4
190693603002074,4
190693603002075,4
190693603002076,4
190693603002077,4
190693603002078,4
190693603002079,4
190693603002080,4
190693603002081,4
190693603002082,4
190693603002083,4
190693603002084,4
190693603002085,4
190693603002086,4
190693603002087,4
190693603002091,4
190693603002092,4
190693603002148,4
190693603002224,4
190693603002001,4
190693603002005,4
190693603002009,4
190693603002010,4
190693603002011,4
190693603002012,4
190693603002013,4
190693603002014,4
190693603002015,4
190693603002016,4
190693603002017,4
190693603002018,4
190693603002019,4
190693603002020,4
190693603002021,4
190693603002022,4
190693603002023,4
190693603002024,4
190693603002025,4
190693603002026,4
190693603002027,4
190693603002028,4
190693603002029,4
190693603002030,4
190693603002031,4
190693603002032,4
190693603002033,4
190693603002035,4
190693603002036,4
190693603002226,4
190693603002227,4
190693603002007,4
190693603002008,4
190693603002039,4
190693603002040,4
190693603002041,4
190693603002042,4
190693603002043,4
190693603002044,4
190693603002049,4
190693603002050,4
190693603002051,4
190693603002052,4
190693603002062,4
190693603002063,4
190693603002064,4
190693603002065,4
190693603002066,4
190693603002068,4
190693603002104,4
190693603002107,4
190693603002108,4
190693603002109,4
190693603002110,4
190693603002111,4
190693603002112,4
190693603002113,4
190693603002114,4
190693603003113,4
190693603003114,4
190693603003119,4
190693603003120,4
190693603003121,4
190693603003122,4
190693603003123,4
190693603003124,4
190693603003125,4
190693603003126,4
190693603003127,4
190693603003128,4
190693603003130,4
190693603003131,4
190693603003132,4
190693603003133,4
190693603003134,4
190693603003135,4
190693603003136,4
190693603003137,4
190693603003138,4
190693603003139,4
190693603003140,4
190693603003141,4
190693603003142,4
190693603003143,4
190693603003152,4
190693603003153,4
190693603003154,4
190693603003156,4
190693603003157,4
190693603003158,4
190693603003159,4
190693603003160,4
190693603002067,4
190693603002103,4
190693603002105,4
190693603002106,4
190693603002115,4
190693603002116,4
190693603002117,4
190693603002118,4
190693603002119,4
190693603002120,4
190693603002121,4
190693603002122,4
190693603002123,4
190693603002124,4
190693603002125,4
190693603002126,4
190693603002127,4
190693603002128,4
190693603002129,4
190693603002130,4
190693603002131,4
190693603002132,4
190693603002133,4
190693603002134,4
190693603002162,4
190693603002163,4
190693603002164,4
190693603002165,4
190693603002166,4
190693603002167,4
190693603002168,4
190693603002169,4
190693603002170,4
190693603002171,4
190693603002172,4
190693603002173,4
190693603002174,4
190693603002175,4
190693603002176,4
190693603002177,4
190693603002178,4
190693603002196,4
190693603002202,4
190693603002203,4
190693603002204,4
190693603002205,4
190693603002206,4
190693603002207,4
190693603002208,4
190693603002209,4
190693603002210,4
190693603002211,4
190693603002212,4
190693603002213,4
190693603002214,4
190693603002215,4
190693603002216,4
190693603002217,4
190693603002221,4
190693603003161,4
190693603003162,4
190693603003163,4
190693603003164,4
190693603003165,4
190693603003168,4
190693603002088,4
190693603002089,4
190693603002090,4
190693603002093,4
190693603002094,4
190693603002095,4
190693603002096,4
190693603002097,4
190693603002098,4
190693603002099,4
190693603002100,4
190693603002101,4
190693603002102,4
190693603002135,4
190693603002136,4
190693603002137,4
190693603002138,4
190693603002139,4
190693603002140,4
190693603002141,4
190693603002142,4
190693603002143,4
190693603002144,4
190693603002145,4
190693603002146,4
190693603002147,4
190693603002149,4
190693603002150,4
190693603002151,4
190693603002152,4
190693603002153,4
190693603002154,4
190693603002155,4
190693603002156,4
190693603002157,4
190693603002158,4
190693603002159,4
190693603002160,4
190693603002161,4
190693603002179,4
190693603002180,4
190693603002181,4
190693603002182,4
190693603002183,4
190693603002184,4
190693603002185,4
190693603002186,4
190693603002187,4
190693603002188,4
190693603002189,4
190693603002190,4
190693603002191,4
190693603002192,4
190693603002193,4
190693603002194,4
190693603002195,4
190693603002197,4
190693603002198,4
190693603002199,4
190693603002200,4
190693603002201,4
190693603002218,4
190693603002219,4
190693603002220,4
190693603002222,4
190693603002223,4
190693603002225,4
190693603003003,4
190693603003004,4
190693603003005,4
190693603003006,4
190693603003007,4
190693603003008,4
190693603003009,4
190693603003010,4
190693603003011,4
190693603003012,4
190693603003013,4
190693603003014,4
190693603003015,4
190693603003016,4
190693603003017,4
190693603003020,4
190693603003021,4
190693603003022,4
190693603003023,4
190693603003024,4
190693603003025,4
190693603003026,4
190693603003027,4
190693603003028,4
190693603003029,4
190693603003030,4
190693603003031,4
190693603003032,4
190693603003033,4
190693603003034,4
190693603003035,4
190693603003036,4
190693603003037,4
190693603003038,4
190693603003039,4
190693603003040,4
190693603003041,4
190693603003042,4
190693603003049,4
190693603003050,4
190693603003051,4
190693603003052,4
190693603003053,4
190693603003054,4
190693603003064,4
190693603003071,4
190693603003072,4
190693603003166,4
190693603003055,4
190693603003056,4
190693603003057,4
190693603003058,4
190693603003059,4
190693603003066,4
190693603003067,4
190693603003068,4
190693603003069,4
190693603003076,4
190693603003167,4
190693603003144,4
190693603003145,4
190693603003146,4
190693603003147,4
190693603003148,4
190693603003149,4
190693603003150,4
190693603003151,4
190693603003155,4
190693603003169,4
190719701001000,3
190719701001001,3
190719701001002,3
190719701001003,3
190719701001004,3
190719701001005,3
190719701001006,3
190719701001026,3
190719701001027,3
190719701001028,3
190719701001029,3
190719701001030,3
190719701001031,3
190719701001032,3
190719701001033,3
190719701001034,3
190719701001035,3
190719701001036,3
190719701001037,3
190719701001038,3
190719701001039,3
190719701001040,3
190719701001041,3
190719701001042,3
190719701001043,3
190719701001044,3
190719701001045,3
190719701001046,3
190719701001047,3
190719701001048,3
190719701001049,3
190719701001050,3
190719701001051,3
190719701001052,3
190719701001053,3
190719701001054,3
190719701001055,3
190719701001056,3
190719701001057,3
190719701001058,3
190719701001059,3
190719701001060,3
190719701001061,3
190719701001062,3
190719701001088,3
190719701001089,3
190719701001090,3
190719701001091,3
190719701001092,3
190719701001093,3
190719701001094,3
190719701001095,3
190719701001096,3
190719701001097,3
190719701001098,3
190719701001099,3
190719701001100,3
190719701001101,3
190719701001102,3
190719701001103,3
190719701001104,3
190719701001107,3
190719701001108,3
190719701001109,3
190719701001112,3
190719701001113,3
190719701001007,3
190719701001008,3
190719701001009,3
190719701001010,3
190719701001011,3
190719701001012,3
190719701001013,3
190719701001014,3
190719701001015,3
190719701001016,3
190719701001017,3
190719701001018,3
190719701001019,3
190719701001020,3
190719701001021,3
190719701001022,3
190719701001023,3
190719701001024,3
190719701001025,3
190719701001063,3
190719701001064,3
190719701001065,3
190719701001066,3
190719701001067,3
190719701001068,3
190719701001069,3
190719701001070,3
190719701001071,3
190719701001072,3
190719701001073,3
190719701001074,3
190719701001075,3
190719701001076,3
190719701001077,3
190719701001078,3
190719701001079,3
190719701001080,3
190719701001081,3
190719701001082,3
190719701001083,3
190719701001084,3
190719701001085,3
190719701001086,3
190719701001087,3
190719701001114,3
190719701001115,3
190719701001130,3
190719701001131,3
190719701001146,3
190719701001147,3
190719701001148,3
190719701001149,3
190719701001150,3
190719701001151,3
190719701001193,3
190719701001194,3
190719701001195,3
190719701001196,3
190719701001197,3
190719701001198,3
190719701001199,3
190719701001200,3
190719702002000,3
190719702002001,3
190719702002002,3
190719702002039,3
190719702002040,3
190719702002041,3
190719702002042,3
190719702002043,3
190719702002044,3
190719702002045,3
190719702002046,3
190719702002056,3
190719702002057,3
190719702002058,3
190719702002059,3
190719702002060,3
190719702002061,3
190719702002068,3
190719702003000,3
190719702003001,3
190719702003002,3
190719702003003,3
190719702003009,3
190719702003010,3
190719701001105,3
190719701001106,3
190719701001110,3
190719701001111,3
190719701001116,3
190719701001117,3
190719701001118,3
190719701001119,3
190719701001120,3
190719701001121,3
190719701001122,3
190719701001123,3
190719701001124,3
190719701001125,3
190719701001132,3
190719701001133,3
190719701001134,3
190719701001135,3
190719701001136,3
190719701001137,3
190719701001138,3
190719701001139,3
190719701001140,3
190719701001179,3
190719701002008,3
190719701002009,3
190719701002028,3
190719701001126,3
190719701001127,3
190719701001128,3
190719701001129,3
190719701001141,3
190719701001142,3
190719701001143,3
190719701001144,3
190719701001145,3
190719701001152,3
190719701001153,3
190719701001154,3
190719701001155,3
190719701001156,3
190719701001157,3
190719701001158,3
190719701001159,3
190719701001160,3
190719701001161,3
190719701001162,3
190719701001163,3
190719701001164,3
190719701001165,3
190719701001166,3
190719701001180,3
190719701001181,3
190719701001182,3
190719701001183,3
190719701002010,3
190719701002011,3
190719701002012,3
190719701002013,3
190719701002014,3
190719701002015,3
190719701002016,3
190719701002023,3
190719701002024,3
190719701002309,3
190719701002310,3
190719701002311,3
190719702003007,3
190719702003008,3
190719702003012,3
190719702003013,3
190719702003037,3
190719701001167,3
190719701001168,3
190719701001169,3
190719701001170,3
190719701001171,3
190719701001172,3
190719701001173,3
190719701001174,3
190719701001175,3
190719701001176,3
190719701001177,3
190719701001178,3
190719701001184,3
190719701001185,3
190719701001186,3
190719701001187,3
190719701001188,3
190719701001189,3
190719701001190,3
190719701001191,3
190719701001192,3
190719701002000,3
190719701002001,3
190719701002002,3
190719701002003,3
190719701002004,3
190719701002005,3
190719701002006,3
190719701002007,3
190719701002025,3
190719701002026,3
190719701002027,3
190719701002044,3
190719701002045,3
190719701002048,3
190719701002049,3
190719701002050,3
190719701002099,3
190719701002105,3
190719701002106,3
190719701002107,3
190719701002108,3
190719701002109,3
190719701002110,3
190719701002111,3
190719701002112,3
190719701002113,3
190719701002114,3
190719701002115,3
190719701002116,3
190719701002117,3
190719701002118,3
190719701002119,3
190719701002120,3
190719701002193,3
190719701002194,3
190719701002195,3
190719701002196,3
190719701002197,3
190719701002198,3
190719701002199,3
190719701002200,3
190719701002201,3
190719701002202,3
190719701002203,3
190719701002204,3
190719701002205,3
190719701002208,3
190719701002209,3
190719701002210,3
190719701002211,3
190719701002298,3
190719701002017,3
190719701002018,3
190719701002019,3
190719701002020,3
190719701002021,3
190719701002022,3
190719701002029,3
190719701002030,3
190719701002031,3
190719701002032,3
190719701002033,3
190719701002034,3
190719701002035,3
190719701002036,3
190719701002037,3
190719701002038,3
190719701002039,3
190719701002040,3
190719701002041,3
190719701002042,3
190719701002043,3
190719701002098,3
190719701002101,3
190719701002102,3
190719701002103,3
190719701002104,3
190719701002121,3
190719701002122,3
190719701002123,3
190719701002124,3
190719701002125,3
190719701002126,3
190719701002127,3
190719701002128,3
190719701002129,3
190719701002130,3
190719701002131,3
190719701002132,3
190719701002133,3
190719701002134,3
190719701002135,3
190719701002136,3
190719701002137,3
190719701002138,3
190719701002139,3
190719701002140,3
190719701002141,3
190719701002142,3
190719701002143,3
190719701002144,3
190719701002145,3
190719701002146,3
190719701002147,3
190719701002148,3
190719701002149,3
190719701002150,3
190719701002151,3
190719701002152,3
190719701002153,3
190719701002154,3
190719701002155,3
190719701002156,3
190719701002157,3
190719701002158,3
190719701002159,3
190719701002160,3
190719701002161,3
190719701002162,3
190719701002163,3
190719701002164,3
190719701002165,3
190719701002166,3
190719701002167,3
190719701002168,3
190719701002169,3
190719701002170,3
190719701002171,3
190719701002172,3
190719701002173,3
190719701002174,3
190719701002175,3
190719701002176,3
190719701002177,3
190719701002178,3
190719701002179,3
190719701002180,3
190719701002181,3
190719701002182,3
190719701002183,3
190719701002184,3
190719701002185,3
190719701002186,3
190719701002187,3
190719701002188,3
190719701002189,3
190719701002190,3
190719701002191,3
190719701002192,3
190719701002217,3
190719701002218,3
190719701002219,3
190719701002220,3
190719701002221,3
190719701002222,3
190719701002223,3
190719701002224,3
190719701002299,3
190719701002307,3
190719702003046,3
190719702003093,3
190719703001000,3
190719703001018,3
190719701002046,3
190719701002047,3
190719701002051,3
190719701002052,3
190719701002053,3
190719701002054,3
190719701002055,3
190719701002056,3
190719701002057,3
190719701002058,3
190719701002059,3
190719701002060,3
190719701002061,3
190719701002062,3
190719701002063,3
190719701002064,3
190719701002065,3
190719701002066,3
190719701002067,3
190719701002068,3
190719701002069,3
190719701002070,3
190719701002071,3
190719701002072,3
190719701002073,3
190719701002074,3
190719701002075,3
190719701002076,3
190719701002077,3
190719701002078,3
190719701002079,3
190719701002080,3
190719701002081,3
190719701002082,3
190719701002083,3
190719701002084,3
190719701002085,3
190719701002086,3
190719701002087,3
190719701002088,3
190719701002089,3
190719701002090,3
190719701002091,3
190719701002092,3
190719701002093,3
190719701002094,3
190719701002095,3
190719701002096,3
190719701002097,3
190719701002100,3
190719701002300,3
190719701002301,3
190719701002302,3
190719701002303,3
190719701002304,3
190719701002308,3
190719701002206,3
190719701002207,3
190719701002212,3
190719701002213,3
190719701002214,3
190719701002215,3
190719701002235,3
190719701002236,3
190719701002237,3
190719701002238,3
190719701002239,3
190719701002240,3
190719701002241,3
190719701002242,3
190719701002243,3
190719701002244,3
190719701002245,3
190719701002246,3
190719701002247,3
190719701002248,3
190719701002249,3
190719701002250,3
190719701002251,3
190719701002252,3
190719701002253,3
190719701002254,3
190719701002255,3
190719701002264,3
190719701002265,3
190719701002266,3
190719701002267,3
190719701002268,3
190719701002269,3
190719701002270,3
190719701002271,3
190719701002272,3
190719701002273,3
190719701002274,3
190719701002275,3
190719701002276,3
190719701002277,3
190719701002278,3
190719701002279,3
190719701002281,3
190719701002282,3
190719701002283,3
190719701002284,3
190719701002285,3
190719701002286,3
190719701002293,3
190719701002294,3
190719701002312,3
190719701002216,3
190719701002225,3
190719701002226,3
190719701002227,3
190719701002228,3
190719701002229,3
190719701002230,3
190719701002231,3
190719701002232,3
190719701002233,3
190719701002234,3
190719701002256,3
190719701002257,3
190719701002258,3
190719701002259,3
190719701002260,3
190719701002261,3
190719701002262,3
190719701002263,3
190719701002280,3
190719701002287,3
190719701002288,3
190719701002289,3
190719701002290,3
190719701002291,3
190719701002292,3
190719701002295,3
190719701002296,3
190719701002297,3
190719701002305,3
190719701002306,3
190719701002313,3
190719703001014,3
190719703001015,3
190719703001016,3
190719703001017,3
190719703001019,3
190719703001020,3
190719703001091,3
190719703001092,3
190719703001093,3
190719703001094,3
190719703001097,3
190719703001098,3
190719702001000,3
190719702001003,3
190719702002003,3
190719702002011,3
190719702002012,3
190719702002013,3
190719702002014,3
190719702002034,3
190719702002035,3
190719702002036,3
190719702002037,3
190719702002038,3
190719702002047,3
190719702002048,3
190719702002052,3
190719702002053,3
190719702002054,3
190719702002055,3
190719702002062,3
190719702002063,3
190719702002064,3
190719702002065,3
190719702002066,3
190719702002067,3
190719702003004,3
190719702003005,3
190719702003006,3
190719702003011,3
190719702003021,3
190719702003023,3
190719702003024,3
190719702003025,3
190719703003000,3
190719703003001,3
190719703003002,3
190719703003003,3
190719703003004,3
190719703003005,3
190719703003054,3
190719703003055,3
190719703003056,3
190719703003057,3
190719703003058,3
190719703003059,3
190719703003060,3
190719703003061,3
190719703003062,3
190719703003063,3
190719703003064,3
190719703003065,3
190719703003066,3
190719703003067,3
190719703003233,3
190719703003234,3
190719703003236,3
190719702001001,3
190719702001002,3
190719702001006,3
190719702001007,3
190719702001008,3
190719702001009,3
190719702001010,3
190719702001011,3
190719702001012,3
190719702001013,3
190719702001014,3
190719702001015,3
190719702001016,3
190719702001017,3
190719702001018,3
190719702001019,3
190719702001020,3
190719702001021,3
190719702001022,3
190719702001023,3
190719702001024,3
190719702001025,3
190719702001026,3
190719702001027,3
190719702001028,3
190719702001029,3
190719702001030,3
190719702001031,3
190719702001032,3
190719702001033,3
190719702001034,3
190719702001035,3
190719702001036,3
190719702001037,3
190719702001038,3
190719702001039,3
190719702001040,3
190719702001041,3
190719702001042,3
190719702001043,3
190719702001044,3
190719702001045,3
190719702001046,3
190719702001047,3
190719702001048,3
190719702001049,3
190719702001050,3
190719702001051,3
190719702001052,3
190719702001053,3
190719702001054,3
190719702001055,3
190719702001056,3
190719702001057,3
190719702001058,3
190719702003014,3
190719702003015,3
190719702003016,3
190719702003017,3
190719702003018,3
190719702003019,3
190719702003020,3
190719702003022,3
190719702003026,3
190719702003027,3
190719702003028,3
190719702003029,3
190719702003030,3
190719702003031,3
190719702003032,3
190719702003033,3
190719702003034,3
190719702003035,3
190719702003036,3
190719702003038,3
190719702003039,3
190719702003040,3
190719702003041,3
190719702003042,3
190719702003043,3
190719702003044,3
190719702003045,3
190719702003047,3
190719702003048,3
190719702003049,3
190719702003050,3
190719702003051,3
190719702003052,3
190719702003053,3
190719702003054,3
190719702003055,3
190719702003056,3
190719702003057,3
190719702003058,3
190719702003059,3
190719702003060,3
190719702003061,3
190719702003062,3
190719702003063,3
190719702003064,3
190719702003065,3
190719702003066,3
190719702003067,3
190719702003068,3
190719702003069,3
190719702003070,3
190719702003071,3
190719702003072,3
190719702003073,3
190719702003074,3
190719702003075,3
190719702003076,3
190719702003077,3
190719702003078,3
190719702003079,3
190719702003080,3
190719702003081,3
190719702003082,3
190719702003083,3
190719702003084,3
190719702003085,3
190719702003086,3
190719702003087,3
190719702003088,3
190719702003089,3
190719702003090,3
190719702003091,3
190719702003092,3
190719702003094,3
190719702003095,3
190719702003096,3
190719702003097,3
190719702003098,3
190719702003099,3
190719703002000,3
190719703002001,3
190719703002002,3
190719703002003,3
190719703002004,3
190719703003135,3
190719703003136,3
190719703003137,3
190719703003138,3
190719703003139,3
190719703003201,3
190719703003202,3
190719703003203,3
190719703003204,3
190719703003205,3
190719703003206,3
190719703003207,3
190719703003208,3
190719703003209,3
190719703003210,3
190719703003211,3
190719703003212,3
190719703003213,3
190719703003214,3
190719703003216,3
190719703003229,3
190719702001004,3
190719702001005,3
190719703003006,3
190719703003007,3
190719703003008,3
190719703003009,3
190719703003010,3
190719703003011,3
190719703003012,3
190719703003013,3
190719703003014,3
190719703003015,3
190719703003016,3
190719703003017,3
190719703003018,3
190719703003019,3
190719703003020,3
190719703003021,3
190719703003022,3
190719703003023,3
190719703003024,3
190719703003025,3
190719703003026,3
190719703003027,3
190719703003028,3
190719703003029,3
190719703003030,3
190719703003031,3
190719703003032,3
190719703003033,3
190719703003034,3
190719703003035,3
190719703003036,3
190719703003037,3
190719703003038,3
190719703003039,3
190719703003040,3
190719703003041,3
190719703003042,3
190719703003043,3
190719703003044,3
190719703003045,3
190719703003046,3
190719703003047,3
190719703003048,3
190719703003049,3
190719703003050,3
190719703003051,3
190719703003052,3
190719703003053,3
190719703003068,3
190719703003069,3
190719703003070,3
190719703003071,3
190719703003072,3
190719703003073,3
190719703003074,3
190719703003075,3
190719703003076,3
190719703003077,3
190719703003078,3
190719703003079,3
190719703003080,3
190719703003081,3
190719703003082,3
190719703003083,3
190719703003084,3
190719703003085,3
190719703003086,3
190719703003087,3
190719703003088,3
190719703003089,3
190719703003090,3
190719703003091,3
190719703003092,3
190719703003093,3
190719703003094,3
190719703003095,3
190719703003096,3
190719703003097,3
190719703003098,3
190719703003099,3
190719703003100,3
190719703003101,3
190719703003102,3
190719703003105,3
190719703003106,3
190719703003107,3
190719703003108,3
190719703003109,3
190719703003115,3
190719703003125,3
190719703003126,3
190719703003130,3
190719703003131,3
190719703003132,3
190719703003228,3
190719703003230,3
190719703003231,3
190719703003235,3
190719702002004,3
190719702002005,3
190719702002006,3
190719702002007,3
190719702002008,3
190719702002009,3
190719702002010,3
190719702002015,3
190719702002016,3
190719702002017,3
190719702002018,3
190719702002019,3
190719702002020,3
190719702002021,3
190719702002022,3
190719702002023,3
190719702002024,3
190719702002025,3
190719702002026,3
190719702002027,3
190719702002028,3
190719702002029,3
190719702002030,3
190719702002031,3
190719702002032,3
190719702002033,3
190719702002049,3
190719702002050,3
190719702002051,3
190719703001001,3
190719703001002,3
190719703001003,3
190719703001004,3
190719703001005,3
190719703001006,3
190719703001007,3
190719703001008,3
190719703001009,3
190719703001010,3
190719703001011,3
190719703001012,3
190719703001013,3
190719703001021,3
190719703001022,3
190719703001085,3
190719703001095,3
190719703002005,3
190719703002006,3
190719703002007,3
190719703002008,3
190719703002009,3
190719703002010,3
190719703002011,3
190719703002012,3
190719703002013,3
190719703002014,3
190719703002015,3
190719703002016,3
190719703002017,3
190719703002018,3
190719703002026,3
190719703002027,3
190719703002028,3
190719703002032,3
190719703002033,3
190719703002034,3
190719703002035,3
190719703002036,3
190719703002037,3
190719703002038,3
190719703002039,3
190719703002040,3
190719703002041,3
190719703002042,3
190719703002043,3
190719703002044,3
190719703002045,3
190719703002046,3
190719703002047,3
190719703002048,3
190719703002049,3
190719703002050,3
190719703002051,3
190719703002052,3
190719703002053,3
190719703002054,3
190719703002055,3
190719703002056,3
190719703002057,3
190719703002058,3
190719703002059,3
190719703002060,3
190719703002061,3
190719703002062,3
190719703002063,3
190719703002064,3
190719703002065,3
190719703002066,3
190719703002067,3
190719703002071,3
190719703002072,3
190719703002073,3
190719703002076,3
190719703002077,3
190719703002078,3
190719703002079,3
190719703002080,3
190719703002081,3
190719703002082,3
190719703002083,3
190719703002145,3
190719703002153,3
190719703002158,3
190719703002159,3
190719703002160,3
190719703002161,3
190719703002164,3
190719703001023,3
190719703001024,3
190719703001025,3
190719703001026,3
190719703001027,3
190719703001028,3
190719703001029,3
190719703001030,3
190719703001031,3
190719703001032,3
190719703001033,3
190719703001034,3
190719703001035,3
190719703001036,3
190719703001037,3
190719703001038,3
190719703001039,3
190719703001040,3
190719703001041,3
190719703001042,3
190719703001043,3
190719703001044,3
190719703001045,3
190719703001046,3
190719703001047,3
190719703001048,3
190719703001049,3
190719703001050,3
190719703001051,3
190719703001052,3
190719703001053,3
190719703001054,3
190719703001055,3
190719703001056,3
190719703001057,3
190719703001058,3
190719703001059,3
190719703001060,3
190719703001061,3
190719703001062,3
190719703001063,3
190719703001064,3
190719703001065,3
190719703001066,3
190719703001067,3
190719703001068,3
190719703001069,3
190719703001070,3
190719703001071,3
190719703001072,3
190719703001073,3
190719703001074,3
190719703001075,3
190719703001076,3
190719703001077,3
190719703001078,3
190719703001079,3
190719703001080,3
190719703001081,3
190719703001082,3
190719703001083,3
190719703001084,3
190719703001086,3
190719703001087,3
190719703001088,3
190719703001089,3
190719703001090,3
190719703001096,3
190719703002068,3
190719703002069,3
190719703002070,3
190719703002074,3
190719703002075,3
190719703002084,3
190719703002085,3
190719703002086,3
190719703002087,3
190719703002088,3
190719703002089,3
190719703002090,3
190719703002091,3
190719703002092,3
190719703002093,3
190719703002094,3
190719703002095,3
190719703002096,3
190719703002097,3
190719703002098,3
190719703002099,3
190719703002100,3
190719703002101,3
190719703002102,3
190719703002103,3
190719703002104,3
190719703002105,3
190719703002106,3
190719703002107,3
190719703002108,3
190719703002109,3
190719703002110,3
190719703002111,3
190719703002112,3
190719703002113,3
190719703002114,3
190719703002115,3
190719703002116,3
190719703002117,3
190719703002118,3
190719703002119,3
190719703002120,3
190719703002121,3
190719703002122,3
190719703002123,3
190719703002124,3
190719703002125,3
190719703002126,3
190719703002127,3
190719703002128,3
190719703002129,3
190719703002130,3
190719703002131,3
190719703002132,3
190719703002133,3
190719703002134,3
190719703002135,3
190719703002136,3
190719703002137,3
190719703002138,3
190719703002139,3
190719703002140,3
190719703002141,3
190719703002142,3
190719703002143,3
190719703002144,3
190719703002146,3
190719703002147,3
190719703002148,3
190719703002149,3
190719703002150,3
190719703002151,3
190719703002152,3
190719703002154,3
190719703002155,3
190719703002156,3
190719703002157,3
190719703002162,3
190719703002163,3
190719703002019,3
190719703002020,3
190719703002021,3
190719703002022,3
190719703002023,3
190719703002024,3
190719703002025,3
190719703002029,3
190719703002030,3
190719703002031,3
190719703003103,3
190719703003104,3
190719703003110,3
190719703003111,3
190719703003112,3
190719703003113,3
190719703003114,3
190719703003116,3
190719703003117,3
190719703003118,3
190719703003119,3
190719703003120,3
190719703003121,3
190719703003122,3
190719703003123,3
190719703003124,3
190719703003127,3
190719703003128,3
190719703003129,3
190719703003133,3
190719703003134,3
190719703003140,3
190719703003141,3
190719703003142,3
190719703003143,3
190719703003144,3
190719703003145,3
190719703003146,3
190719703003147,3
190719703003148,3
190719703003149,3
190719703003150,3
190719703003151,3
190719703003152,3
190719703003153,3
190719703003154,3
190719703003155,3
190719703003156,3
190719703003157,3
190719703003158,3
190719703003159,3
190719703003160,3
190719703003161,3
190719703003162,3
190719703003163,3
190719703003164,3
190719703003165,3
190719703003166,3
190719703003167,3
190719703003168,3
190719703003169,3
190719703003170,3
190719703003171,3
190719703003172,3
190719703003173,3
190719703003174,3
190719703003175,3
190719703003176,3
190719703003177,3
190719703003178,3
190719703003179,3
190719703003180,3
190719703003181,3
190719703003182,3
190719703003183,3
190719703003184,3
190719703003185,3
190719703003186,3
190719703003187,3
190719703003188,3
190719703003189,3
190719703003190,3
190719703003191,3
190719703003192,3
190719703003193,3
190719703003194,3
190719703003195,3
190719703003196,3
190719703003197,3
190719703003198,3
190719703003199,3
190719703003200,3
190719703003215,3
190719703003217,3
190719703003218,3
190719703003219,3
190719703003220,3
190719703003221,3
190719703003222,3
190719703003223,3
190719703003224,3
190719703003225,3
190719703003226,3
190719703003227,3
190719703003232,3
190730801001000,4
190730801001001,4
190730801001002,4
190730801001003,4
190730801001004,4
190730801001005,4
190730801001006,4
190730801001007,4
190730801001008,4
190730801001009,4
190730801001010,4
190730801001011,4
190730801001012,4
190730801001013,4
190730801001014,4
190730801001015,4
190730801001016,4
190730801001017,4
190730801001018,4
190730801001019,4
190730801001020,4
190730801001021,4
190730801001022,4
190730801001023,4
190730801001024,4
190730801001025,4
190730801001026,4
190730801001027,4
190730801001028,4
190730801001029,4
190730801001030,4
190730801001031,4
190730801001032,4
190730801001033,4
190730801001034,4
190730801001035,4
190730801001036,4
190730801001037,4
190730801001038,4
190730801001039,4
190730801001040,4
190730801001041,4
190730801001042,4
190730801001043,4
190730801001044,4
190730801001045,4
190730801001046,4
190730801001047,4
190730801001048,4
190730801001049,4
190730801001050,4
190730801001051,4
190730801001052,4
190730801001053,4
190730801001054,4
190730801001055,4
190730801001056,4
190730801001057,4
190730801001058,4
190730801001059,4
190730801001060,4
190730801001061,4
190730801001062,4
190730801001063,4
190730801001064,4
190730801001065,4
190730801001066,4
190730801001074,4
190730801001075,4
190730801001076,4
190730801001365,4
190730801001067,4
190730801001068,4
190730801001069,4
190730801001070,4
190730801001071,4
190730801001072,4
190730801001073,4
190730801001077,4
190730801001078,4
190730801001079,4
190730801001080,4
190730801001081,4
190730801001082,4
190730801001083,4
190730801001084,4
190730801001085,4
190730801001086,4
190730801001087,4
190730801001088,4
190730801001089,4
190730801001090,4
190730801001091,4
190730801001092,4
190730801001093,4
190730801001094,4
190730801001095,4
190730801001096,4
190730801001097,4
190730801001098,4
190730801001099,4
190730801001100,4
190730801001101,4
190730801001102,4
190730801001103,4
190730801001104,4
190730801001105,4
190730801001106,4
190730801001107,4
190730801001108,4
190730801001109,4
190730801001110,4
190730801001111,4
190730801001112,4
190730801001113,4
190730801001114,4
190730801001115,4
190730801001116,4
190730801001117,4
190730801001118,4
190730801001119,4
190730801001120,4
190730801001121,4
190730801001122,4
190730801001123,4
190730801001124,4
190730801001125,4
190730801001126,4
190730801001127,4
190730801001128,4
190730801001129,4
190730801001130,4
190730801001131,4
190730801001132,4
190730801001133,4
190730801001134,4
190730801001135,4
190730801001136,4
190730801001137,4
190730801001138,4
190730801001139,4
190730801001140,4
190730801001141,4
190730801001142,4
190730801001143,4
190730801001144,4
190730801001145,4
190730801001146,4
190730801001147,4
190730801001148,4
190730801001149,4
190730801001150,4
190730801001151,4
190730801001152,4
190730801001153,4
190730801001154,4
190730801001155,4
190730801001156,4
190730801001157,4
190730801001158,4
190730801001159,4
190730801001160,4
190730801001161,4
190730801001162,4
190730801001163,4
190730801001164,4
190730801001165,4
190730801001166,4
190730801001167,4
190730801001168,4
190730801001169,4
190730801001170,4
190730801001171,4
190730801001172,4
190730801001173,4
190730801001174,4
190730801001175,4
190730801001176,4
190730801001177,4
190730801001178,4
190730801001179,4
190730801001180,4
190730801001181,4
190730801001182,4
190730801001183,4
190730801001184,4
190730801001185,4
190730801001186,4
190730801001187,4
190730801001188,4
190730801001189,4
190730801001190,4
190730801001191,4
190730801001192,4
190730801001193,4
190730801001194,4
190730801001195,4
190730801001196,4
190730801001197,4
190730801001198,4
190730801001199,4
190730801001200,4
190730801001201,4
190730801001202,4
190730801001203,4
190730801001204,4
190730801001205,4
190730801001206,4
190730801001207,4
190730801001208,4
190730801001209,4
190730801001210,4
190730801001211,4
190730801001212,4
190730801001213,4
190730801001214,4
190730801001215,4
190730801001216,4
190730801001217,4
190730801001218,4
190730801001219,4
190730801001220,4
190730801001221,4
190730801001222,4
190730801001223,4
190730801001224,4
190730801001225,4
190730801001226,4
190730801001227,4
190730801001228,4
190730801001229,4
190730801001230,4
190730801001231,4
190730801001232,4
190730801001233,4
190730801001234,4
190730801001235,4
190730801001236,4
190730801001237,4
190730801001238,4
190730801001239,4
190730801001240,4
190730801001241,4
190730801001242,4
190730801001243,4
190730801001244,4
190730801001245,4
190730801001246,4
190730801001247,4
190730801001248,4
190730801001249,4
190730801001250,4
190730801001255,4
190730801001256,4
190730801001257,4
190730801001366,4
190730801001251,4
190730801001252,4
190730801001253,4
190730801001254,4
190730801001258,4
190730801001259,4
190730801001260,4
190730801001261,4
190730801001262,4
190730801001263,4
190730801001264,4
190730801001265,4
190730801001266,4
190730801001267,4
190730801001268,4
190730801001269,4
190730801001270,4
190730801001271,4
190730801001272,4
190730801001273,4
190730801001276,4
190730801001277,4
190730801001278,4
190730801001279,4
190730801001280,4
190730801001281,4
190730801001282,4
190730801001283,4
190730801001284,4
190730801001285,4
190730801001286,4
190730801001287,4
190730801001288,4
190730801001289,4
190730801001290,4
190730801001291,4
190730801001292,4
190730801001293,4
190730801001294,4
190730801001295,4
190730801001296,4
190730801001297,4
190730801001298,4
190730801001299,4
190730801001300,4
190730801001301,4
190730801001302,4
190730801001303,4
190730801001304,4
190730801001305,4
190730801001306,4
190730801001307,4
190730801001308,4
190730801001309,4
190730801001310,4
190730801001311,4
190730801001312,4
190730801001313,4
190730801001314,4
190730801001318,4
190730801001319,4
190730801001320,4
190730801001321,4
190730801001322,4
190730801001323,4
190730801001324,4
190730801001325,4
190730801001326,4
190730801001327,4
190730801001328,4
190730801001329,4
190730801001330,4
190730801001331,4
190730801001332,4
190730801001333,4
190730801001334,4
190730801001335,4
190730801001336,4
190730801001337,4
190730801001338,4
190730801001339,4
190730801001340,4
190730801001341,4
190730801001342,4
190730801001343,4
190730801001344,4
190730801001345,4
190730801001346,4
190730801001347,4
190730801001348,4
190730801001349,4
190730801001350,4
190730801001351,4
190730801001352,4
190730801001353,4
190730801001354,4
190730801001355,4
190730801001356,4
190730801001357,4
190730801001358,4
190730801001359,4
190730801001360,4
190730801001361,4
190730801001362,4
190730801001363,4
190730801001364,4
190730801001367,4
190730802001157,4
190730802001158,4
190730802001159,4
190730802001160,4
190730802001161,4
190730802001162,4
190730802001163,4
190730802001199,4
190730802001200,4
190730802001201,4
190730802001205,4
190730801001274,4
190730801001275,4
190730802001084,4
190730802001085,4
190730802001086,4
190730802001087,4
190730802001088,4
190730802001089,4
190730802001090,4
190730802001091,4
190730802001092,4
190730802001093,4
190730802001094,4
190730802001104,4
190730802001105,4
190730802001106,4
190730802001110,4
190730802001111,4
190730802001124,4
190730802001125,4
190730802001126,4
190730802001127,4
190730802001128,4
190730802001129,4
190730802001130,4
190730802001131,4
190730802001132,4
190730802001133,4
190730802001134,4
190730802001135,4
190730802001137,4
190730802001138,4
190730802001139,4
190730802001140,4
190730802001141,4
190730802001142,4
190730802001143,4
190730802001144,4
190730802001145,4
190730802001146,4
190730802001147,4
190730802001150,4
190730802001151,4
190730802001152,4
190730802001153,4
190730803001095,4
190730803001096,4
190730803001099,4
190730803001105,4
190730803001106,4
190730803001112,4
190730803001113,4
190730803001136,4
190730803001137,4
190730803001138,4
190730801001315,4
190730801001316,4
190730801001317,4
190730802001148,4
190730802001149,4
190730802001154,4
190730802001155,4
190730802001156,4
190730802001164,4
190730802001165,4
190730802001166,4
190730802001167,4
190730802001168,4
190730802001169,4
190730802001170,4
190730802001171,4
190730802001172,4
190730802001173,4
190730802001174,4
190730802001175,4
190730802001176,4
190730802001177,4
190730802001178,4
190730802001179,4
190730802001180,4
190730802001181,4
190730802001182,4
190730802001183,4
190730802001184,4
190730802001185,4
190730802001186,4
190730802001187,4
190730802001188,4
190730802001189,4
190730802001190,4
190730802001191,4
190730802001192,4
190730802001193,4
190730802001194,4
190730802001195,4
190730802001196,4
190730802001197,4
190730802001198,4
190730802001202,4
190730802001203,4
190730802001204,4
190730802001207,4
190730803001140,4
190730803001145,4
190730803001146,4
190730803001147,4
190730803001148,4
190730803001149,4
190730803001150,4
190730803001151,4
190730803001152,4
190730803001182,4
190730803001183,4
190730802001000,4
190730802001001,4
190730802001002,4
190730802001003,4
190730802001004,4
190730802001005,4
190730802001006,4
190730802001007,4
190730802001008,4
190730802001009,4
190730802001010,4
190730802001011,4
190730802001012,4
190730802001013,4
190730802001014,4
190730802001015,4
190730802001016,4
190730802001017,4
190730802001018,4
190730802001019,4
190730802001020,4
190730802001021,4
190730802001022,4
190730802001023,4
190730802001024,4
190730802001025,4
190730802001026,4
190730802001027,4
190730802001028,4
190730802001029,4
190730802001030,4
190730802001031,4
190730802001032,4
190730802001033,4
190730802001034,4
190730802001035,4
190730802001036,4
190730802001037,4
190730802001038,4
190730802001039,4
190730802001040,4
190730802001041,4
190730802001042,4
190730802001043,4
190730802001044,4
190730802001045,4
190730802001046,4
190730802001050,4
190730802001051,4
190730802001052,4
190730802001053,4
190730802001057,4
190730802001206,4
190730805001000,4
190730805001047,4
190730805001048,4
190730805001109,4
190730805001110,4
190730805001111,4
190730805001140,4
190730805001141,4
190730805001142,4
190730805001143,4
190730802001047,4
190730802001048,4
190730802001049,4
190730802001054,4
190730802001055,4
190730802001056,4
190730802001058,4
190730802001059,4
190730802001060,4
190730802001061,4
190730802001062,4
190730802001063,4
190730802001064,4
190730802001065,4
190730802001066,4
190730802001067,4
190730802001068,4
190730802001069,4
190730802001070,4
190730802001071,4
190730802001072,4
190730802001073,4
190730802001074,4
190730802001075,4
190730802001076,4
190730802001077,4
190730802001078,4
190730802001079,4
190730802001080,4
190730802001081,4
190730802001082,4
190730802001083,4
190730802001095,4
190730802001097,4
190730802001098,4
190730802001099,4
190730802001100,4
190730802001101,4
190730802001123,4
190730803001000,4
190730803001051,4
190730803001052,4
190730803001060,4
190730805001144,4
190730805001152,4
190730805001153,4
190730802001096,4
190730802001102,4
190730802001103,4
190730802001107,4
190730802001108,4
190730802001109,4
190730802001112,4
190730802001113,4
190730802001114,4
190730802001115,4
190730802001116,4
190730802001117,4
190730802001118,4
190730802001119,4
190730802001120,4
190730802001121,4
190730802001122,4
190730802001136,4
190730802002000,4
190730802002001,4
190730802002002,4
190730802002003,4
190730802002004,4
190730802002005,4
190730802002006,4
190730802002007,4
190730802002008,4
190730802002009,4
190730802002010,4
190730802002011,4
190730802002012,4
190730802002013,4
190730802002014,4
190730802002015,4
190730802002016,4
190730802002017,4
190730802002018,4
190730802002019,4
190730802002020,4
190730802002021,4
190730802002022,4
190730802002023,4
190730802002024,4
190730802002025,4
190730802002026,4
190730802002027,4
190730802002028,4
190730802002029,4
190730802002030,4
190730802002031,4
190730802002032,4
190730802002033,4
190730802002034,4
190730802002035,4
190730802002036,4
190730802002037,4
190730802002038,4
190730802002039,4
190730802002040,4
190730802002041,4
190730802002042,4
190730802002043,4
190730802002044,4
190730802002045,4
190730802002046,4
190730802002047,4
190730802002048,4
190730802002049,4
190730802002050,4
190730802002051,4
190730802002052,4
190730802002053,4
190730802002054,4
190730802002055,4
190730802002056,4
190730802002057,4
190730802002058,4
190730802002059,4
190730802002060,4
190730802002061,4
190730802002062,4
190730802002063,4
190730802002064,4
190730802002065,4
190730802002066,4
190730802002067,4
190730802002068,4
190730802002069,4
190730802002070,4
190730802002071,4
190730802002072,4
190730802002073,4
190730802002074,4
190730802002075,4
190730802002076,4
190730802002077,4
190730802002078,4
190730802002079,4
190730802002080,4
190730802002081,4
190730802002082,4
190730803001065,4
190730803001066,4
190730803001067,4
190730803001068,4
190730803001069,4
190730803001084,4
190730803001087,4
190730803001088,4
190730803001089,4
190730803001090,4
190730803001091,4
190730803001092,4
190730803001093,4
190730803001094,4
190730803001097,4
190730803001098,4
190730803001156,4
190730803002000,4
190730803002001,4
190730803002002,4
190730803002003,4
190730803002004,4
190730803002005,4
190730803002006,4
190730803002007,4
190730803002008,4
190730803002009,4
190730803002010,4
190730803002011,4
190730803002012,4
190730803002013,4
190730803002014,4
190730803002015,4
190730803002016,4
190730803002017,4
190730803002018,4
190730803002019,4
190730803002020,4
190730803002021,4
190730803002022,4
190730803002023,4
190730803002024,4
190730803002025,4
190730803002026,4
190730803002027,4
190730803002028,4
190730803002029,4
190730803002030,4
190730803002031,4
190730803002032,4
190730803002033,4
190730803002034,4
190730803002035,4
190730803002036,4
190730803002037,4
190730803002038,4
190730803002039,4
190730803002040,4
190730803002041,4
190730803002042,4
190730803002043,4
190730803002044,4
190730803002045,4
190730803002046,4
190730803002047,4
190730803002048,4
190730803002049,4
190730803002050,4
190730803002051,4
190730803002052,4
190730803002053,4
190730803002054,4
190730803002055,4
190730803002056,4
190730803002057,4
190730803002058,4
190730803002059,4
190730803002060,4
190730803002061,4
190730803002062,4
190730803002063,4
190730803002064,4
190730803002065,4
190730803002066,4
190730803002067,4
190730803002068,4
190730803002069,4
190730803002070,4
190730803002071,4
190730803002072,4
190730803002073,4
190730803002074,4
190730803002075,4
190730803002076,4
190730803002077,4
190730803002078,4
190730803002079,4
190730803002080,4
190730803002081,4
190730803002082,4
190730803002083,4
190730803002084,4
190730803002085,4
190730803002086,4
190730803002087,4
190730803002088,4
190730803002089,4
190730803002090,4
190730803002091,4
190730803002092,4
190730803002093,4
190730803002094,4
190730803002095,4
190730803002096,4
190730803001001,4
190730803001002,4
190730803001003,4
190730803001004,4
190730803001005,4
190730803001006,4
190730803001007,4
190730803001008,4
190730803001009,4
190730803001010,4
190730803001011,4
190730803001012,4
190730803001013,4
190730803001014,4
190730803001015,4
190730803001018,4
190730803001019,4
190730803001020,4
190730803001021,4
190730803001022,4
190730803001023,4
190730803001024,4
190730803001028,4
190730803001029,4
190730803001030,4
190730803001031,4
190730803001032,4
190730803001033,4
190730803001034,4
190730803001035,4
190730803001036,4
190730803001037,4
190730803001038,4
190730803001039,4
190730803001040,4
190730803001041,4
190730803001042,4
190730803001043,4
190730803001044,4
190730803001045,4
190730803001046,4
190730803001047,4
190730803001048,4
190730803001049,4
190730803001050,4
190730803001053,4
190730803001055,4
190730803001057,4
190730803001058,4
190730803001059,4
190730805001134,4
190730805001135,4
190730805001145,4
190730805001146,4
190730805001147,4
190730805001154,4
190730805001155,4
190730805001156,4
190730805001157,4
190730805001158,4
190730805001159,4
190730805001227,4
190730805001228,4
190730805001234,4
190730805001235,4
190730805001413,4
190730803001016,4
190730803001017,4
190730803001025,4
190730803001026,4
190730803001027,4
190730805001136,4
190730805001164,4
190730805001165,4
190730805001166,4
190730805001167,4
190730805001168,4
190730805001169,4
190730805001170,4
190730805001171,4
190730805001172,4
190730805001173,4
190730805001177,4
190730805001178,4
190730805001179,4
190730805001180,4
190730805001181,4
190730805001182,4
190730805001183,4
190730805001184,4
190730805001185,4
190730805001186,4
190730805001187,4
190730805001188,4
190730805001189,4
190730805001190,4
190730805001191,4
190730805001192,4
190730805001193,4
190730805001194,4
190730805001195,4
190730805001196,4
190730805001197,4
190730805001198,4
190730805001199,4
190730805001200,4
190730805001201,4
190730805001202,4
190730805001203,4
190730805001204,4
190730805001205,4
190730805001206,4
190730805001207,4
190730805001208,4
190730805001209,4
190730805001213,4
190730805001214,4
190730805001221,4
190730805001222,4
190730805001223,4
190730805001224,4
190730805001225,4
190730805001226,4
190730805001402,4
190730805001403,4
190730805001406,4
190730805001407,4
190730805001412,4
190730803001054,4
190730803001056,4
190730803001061,4
190730803001062,4
190730803001063,4
190730803001064,4
190730803001070,4
190730803001071,4
190730803001072,4
190730803001073,4
190730803001074,4
190730803001075,4
190730803001076,4
190730803001077,4
190730803001078,4
190730803001079,4
190730803001080,4
190730803001081,4
190730803001082,4
190730803001083,4
190730803001085,4
190730803001086,4
190730803001100,4
190730803001101,4
190730803001102,4
190730803001103,4
190730803001104,4
190730803001107,4
190730803001108,4
190730803001109,4
190730803001110,4
190730803001111,4
190730803001114,4
190730803001115,4
190730803001116,4
190730803001117,4
190730803001118,4
190730803001119,4
190730803001120,4
190730803001121,4
190730803001122,4
190730803001123,4
190730803001124,4
190730803001125,4
190730803001126,4
190730803001127,4
190730803001133,4
190730803001134,4
190730803001135,4
190730805001233,4
190730805001236,4
190730805001237,4
190730805001238,4
190730805001239,4
190730805001240,4
190730805001241,4
190730805001242,4
190730805001243,4
190730805001326,4
190730805001327,4
190730805001328,4
190730805001329,4
190730805001332,4
190730805001333,4
190730805001334,4
190730805001335,4
190730805001336,4
190730805001354,4
190730805001355,4
190730805001410,4
190730805001411,4
190730803001128,4
190730803001129,4
190730803001130,4
190730803001131,4
190730803001132,4
190730803001139,4
190730803001141,4
190730803001142,4
190730803001143,4
190730803001144,4
190730803001153,4
190730803001154,4
190730803001155,4
190730803001157,4
190730803001158,4
190730803001159,4
190730803001160,4
190730803001161,4
190730803001162,4
190730803001163,4
190730803001164,4
190730803001165,4
190730803001166,4
190730803001167,4
190730803001168,4
190730803001169,4
190730803001170,4
190730803001171,4
190730803001172,4
190730803001173,4
190730803001174,4
190730803001175,4
190730803001176,4
190730803001177,4
190730803001178,4
190730803001179,4
190730803001180,4
190730803001181,4
190730803001184,4
190730803001185,4
190730805001352,4
190730805001353,4
190730805001363,4
190730805001364,4
190730805001365,4
190730805001366,4
190730805001367,4
190730805001368,4
190730805001369,4
190730805001372,4
190730805001373,4
190730805001374,4
190730805001392,4
190730805001001,4
190730805001002,4
190730805001003,4
190730805001004,4
190730805001005,4
190730805001006,4
190730805001007,4
190730805001008,4
190730805001009,4
190730805001036,4
190730805001037,4
190730805001038,4
190730805001039,4
190730805001040,4
190730805001041,4
190730805001042,4
190730805001043,4
190730805001044,4
190730805001045,4
190730805001046,4
190730805001049,4
190730805001050,4
190730805001051,4
190730805001052,4
190730805001053,4
190730805001054,4
190730805001055,4
190730805001056,4
190730805001057,4
190730805001058,4
190730805001059,4
190730805001060,4
190730805001061,4
190730805001062,4
190730805001063,4
190730805001064,4
190730805001065,4
190730805001066,4
190730805001067,4
190730805001068,4
190730805001069,4
190730805001070,4
190730805001071,4
190730805001072,4
190730805001073,4
190730805001074,4
190730805001075,4
190730805001076,4
190730805001077,4
190730805001098,4
190730805001099,4
190730805001100,4
190730805001101,4
190730805001102,4
190730805001103,4
190730805001104,4
190730805001105,4
190730805001106,4
190730805001107,4
190730805001108,4
190730805001112,4
190730805001113,4
190730805001114,4
190730805001115,4
190730805001116,4
190730805001117,4
190730805001118,4
190730805001119,4
190730805001120,4
190730805001121,4
190730805001122,4
190730805001123,4
190730805001124,4
190730805001125,4
190730805001126,4
190730805001127,4
190730805001128,4
190730805001129,4
190730805001130,4
190730805001131,4
190730805001132,4
190730805001133,4
190730805001139,4
190730805001148,4
190730805001149,4
190730805001150,4
190730805001151,4
190730805001160,4
190730805001409,4
190730805001010,4
190730805001011,4
190730805001012,4
190730805001013,4
190730805001014,4
190730805001015,4
190730805001016,4
190730805001017,4
190730805001018,4
190730805001019,4
190730805001020,4
190730805001021,4
190730805001022,4
190730805001023,4
190730805001024,4
190730805001025,4
190730805001026,4
190730805001027,4
190730805001028,4
190730805001029,4
190730805001030,4
190730805001031,4
190730805001032,4
190730805001033,4
190730805001034,4
190730805001035,4
190730805001078,4
190730805001079,4
190730805001080,4
190730805001081,4
190730805001082,4
190730805001083,4
190730805001084,4
190730805001085,4
190730805001086,4
190730805001087,4
190730805001088,4
190730805001089,4
190730805001090,4
190730805001091,4
190730805001092,4
190730805001093,4
190730805001094,4
190730805001095,4
190730805001096,4
190730805001097,4
190730805001137,4
190730805001138,4
190730805001161,4
190730805001162,4
190730805001163,4
190730805001174,4
190730805001175,4
190730805001176,4
190730805001404,4
190730805001405,4
190730805001210,4
190730805001211,4
190730805001212,4
190730805001217,4
190730805001218,4
190730805001215,4
190730805001216,4
190730805001219,4
190730805001220,4
190730805001229,4
190730805001230,4
190730805001231,4
190730805001232,4
190730805001244,4
190730805001245,4
190730805001246,4
190730805001247,4
190730805001248,4
190730805001249,4
190730805001250,4
190730805001251,4
190730805001252,4
190730805001253,4
190730805001254,4
190730805001255,4
190730805001256,4
190730805001257,4
190730805001258,4
190730805001259,4
190730805001260,4
190730805001261,4
190730805001262,4
190730805001263,4
190730805001264,4
190730805001265,4
190730805001266,4
190730805001267,4
190730805001268,4
190730805001269,4
190730805001270,4
190730805001271,4
190730805001272,4
190730805001273,4
190730805001274,4
190730805001275,4
190730805001276,4
190730805001277,4
190730805001278,4
190730805001279,4
190730805001280,4
190730805001281,4
190730805001282,4
190730805001283,4
190730805001284,4
190730805001285,4
190730805001286,4
190730805001287,4
190730805001288,4
190730805001289,4
190730805001290,4
190730805001291,4
190730805001292,4
190730805001293,4
190730805001294,4
190730805001295,4
190730805001296,4
190730805001297,4
190730805001298,4
190730805001299,4
190730805001300,4
190730805001301,4
190730805001302,4
190730805001303,4
190730805001304,4
190730805001305,4
190730805001306,4
190730805001307,4
190730805001308,4
190730805001309,4
190730805001310,4
190730805001311,4
190730805001312,4
190730805001313,4
190730805001314,4
190730805001315,4
190730805001316,4
190730805001317,4
190730805001318,4
190730805001319,4
190730805001320,4
190730805001321,4
190730805001322,4
190730805001323,4
190730805001324,4
190730805001325,4
190730805001330,4
190730805001331,4
190730805001337,4
190730805001345,4
190730805001408,4
190730805001338,4
190730805001339,4
190730805001340,4
190730805001341,4
190730805001342,4
190730805001343,4
190730805001344,4
190730805001346,4
190730805001347,4
190730805001348,4
190730805001349,4
190730805001350,4
190730805001351,4
190730805001356,4
190730805001357,4
190730805001358,4
190730805001359,4
190730805001360,4
190730805001361,4
190730805001362,4
190730805001370,4
190730805001371,4
190730805001375,4
190730805001376,4
190730805001377,4
190730805001378,4
190730805001379,4
190730805001380,4
190730805001381,4
190730805001382,4
190730805001383,4
190730805001384,4
190730805001385,4
190730805001386,4
190730805001387,4
190730805001388,4
190730805001389,4
190730805001390,4
190730805001391,4
190730805001393,4
190730805001394,4
190730805001395,4
190730805001396,4
190730805001397,4
190730805001398,4
190730805001399,4
190730805001400,4
190730805001401,4
190759601001000,4
190759601001001,4
190759601001002,4
190759601001003,4
190759601001004,4
190759601001005,4
190759601001006,4
190759601001007,4
190759601001008,4
190759601001009,4
190759601001010,4
190759601001011,4
190759601001012,4
190759601001013,4
190759601001014,4
190759601001015,4
190759601001016,4
190759601001017,4
190759601001018,4
190759601001019,4
190759601001020,4
190759601001021,4
190759601001022,4
190759601001023,4
190759601001024,4
190759601001025,4
190759601001026,4
190759601001027,4
190759601001028,4
190759601001029,4
190759601001030,4
190759601001031,4
190759601001032,4
190759601001033,4
190759601001034,4
190759601001035,4
190759601001115,4
190759601001036,4
190759601001037,4
190759601001040,4
190759601001041,4
190759601001042,4
190759601001043,4
190759601001044,4
190759601001045,4
190759601001046,4
190759601001048,4
190759601001055,4
190759601001056,4
190759601001057,4
190759601001058,4
190759601001059,4
190759601001060,4
190759601001061,4
190759601001064,4
190759601001074,4
190759601001075,4
190759601001076,4
190759601001077,4
190759601001078,4
190759601001079,4
190759601001100,4
190759601001101,4
190759601001102,4
190759601001103,4
190759601001104,4
190759601001105,4
190759601001106,4
190759601001107,4
190759601001108,4
190759601001109,4
190759601001110,4
190759601001111,4
190759601001112,4
190759601001113,4
190759601001114,4
190759601001116,4
190759601001117,4
190759601001038,4
190759601001039,4
190759601001047,4
190759601001049,4
190759601001050,4
190759601001051,4
190759601001052,4
190759601001053,4
190759601001054,4
190759601001062,4
190759601001063,4
190759601001065,4
190759601001066,4
190759601001067,4
190759601001068,4
190759601001069,4
190759601001070,4
190759601001071,4
190759601001072,4
190759601001073,4
190759601001080,4
190759601001081,4
190759601001082,4
190759601001083,4
190759601001084,4
190759601001085,4
190759601001086,4
190759601001087,4
190759601001088,4
190759601001089,4
190759601001090,4
190759601001091,4
190759601001092,4
190759601001093,4
190759601001094,4
190759601001095,4
190759601001096,4
190759601001097,4
190759601001098,4
190759601001099,4
190759601001118,4
190759601002000,4
190759601002001,4
190759601002002,4
190759601002003,4
190759601002004,4
190759601002005,4
190759601002006,4
190759601002007,4
190759601002008,4
190759601002009,4
190759601002010,4
190759601002011,4
190759601002012,4
190759601002013,4
190759601002014,4
190759601002015,4
190759601002016,4
190759601002017,4
190759601002018,4
190759601002028,4
190759601002029,4
190759601002030,4
190759601002031,4
190759601002032,4
190759601002033,4
190759601002034,4
190759601002035,4
190759601002036,4
190759601002037,4
190759601002038,4
190759601002039,4
190759601002040,4
190759601002041,4
190759601002042,4
190759601002043,4
190759601002044,4
190759601002045,4
190759601002046,4
190759601002047,4
190759601002048,4
190759601002049,4
190759601002050,4
190759601002051,4
190759601002052,4
190759601002053,4
190759601002054,4
190759601002055,4
190759601002056,4
190759601002057,4
190759601002058,4
190759601002059,4
190759601002060,4
190759601002061,4
190759601002062,4
190759601002063,4
190759601002064,4
190759601002065,4
190759601002066,4
190759601002067,4
190759601002068,4
190759601002069,4
190759601002070,4
190759601002071,4
190759601002072,4
190759601002073,4
190759601002074,4
190759601002075,4
190759601002076,4
190759601002077,4
190759601002078,4
190759601002079,4
190759601002080,4
190759601002081,4
190759601002082,4
190759601002083,4
190759601002084,4
190759601002085,4
190759601002086,4
190759601002087,4
190759601002088,4
190759601002089,4
190759601002090,4
190759601002091,4
190759601002092,4
190759601002093,4
190759601002094,4
190759601002095,4
190759601002096,4
190759601002097,4
190759601002098,4
190759601002099,4
190759601002100,4
190759601002101,4
190759601002102,4
190759601002103,4
190759601002104,4
190759601002105,4
190759601002106,4
190759601002107,4
190759601002108,4
190759601002109,4
190759601002110,4
190759601002111,4
190759601002114,4
190759601002115,4
190759601002139,4
190759601002149,4
190759601002150,4
190759601002151,4
190759601002153,4
190759601002019,4
190759601002020,4
190759601002021,4
190759601002022,4
190759601002023,4
190759601002024,4
190759601002025,4
190759601002026,4
190759601002027,4
190759601002112,4
190759601002113,4
190759601002116,4
190759601002117,4
190759601002118,4
190759601002119,4
190759601002120,4
190759601002121,4
190759601002122,4
190759601002123,4
190759601002124,4
190759601002125,4
190759601002126,4
190759601002127,4
190759601002128,4
190759601002129,4
190759601002130,4
190759601002131,4
190759601002132,4
190759601002133,4
190759601002134,4
190759601002135,4
190759601002136,4
190759601002137,4
190759601002138,4
190759601002140,4
190759601002141,4
190759601002142,4
190759601002143,4
190759601002144,4
190759601002145,4
190759601002146,4
190759601002147,4
190759601002148,4
190759601002152,4
190759601002154,4
190759601002155,4
190759601002156,4
190759602001146,4
190759602001147,4
190759602001148,4
190759602001154,4
190759602001155,4
190759602001157,4
190759603001038,4
190759603001062,4
190759603002000,4
190759603002095,4
190759603002096,4
190759603002097,4
190759602001000,4
190759602001001,4
190759602001002,4
190759602001003,4
190759602001004,4
190759602001005,4
190759602001006,4
190759602001007,4
190759602001012,4
190759602001013,4
190759602001014,4
190759602001015,4
190759602001016,4
190759602001017,4
190759602001018,4
190759602001019,4
190759602001020,4
190759602001021,4
190759602001022,4
190759602001023,4
190759602001024,4
190759602001025,4
190759602001026,4
190759602001027,4
190759602001028,4
190759602001029,4
190759602001030,4
190759602001031,4
190759602001032,4
190759602001033,4
190759602001034,4
190759602001035,4
190759602001036,4
190759602001040,4
190759602001041,4
190759602001042,4
190759602001043,4
190759602001044,4
190759602001045,4
190759602001046,4
190759602001047,4
190759602001048,4
190759602001049,4
190759602001050,4
190759602001051,4
190759602001052,4
190759602001053,4
190759602001062,4
190759602001063,4
190759602001064,4
190759602001073,4
190759602001074,4
190759602001075,4
190759602001076,4
190759602001077,4
190759602001078,4
190759602001079,4
190759602001158,4
190759602001008,4
190759602001009,4
190759602001010,4
190759602001011,4
190759602001037,4
190759602001038,4
190759602001039,4
190759602001054,4
190759602001055,4
190759602001056,4
190759602001057,4
190759602001058,4
190759602001059,4
190759602001060,4
190759602001061,4
190759602001065,4
190759602001066,4
190759602001067,4
190759602001068,4
190759602001069,4
190759602002000,4
190759602002001,4
190759602002002,4
190759602002021,4
190759602002022,4
190759602002023,4
190759602002024,4
190759602002025,4
190759602002026,4
190759602002027,4
190759602002028,4
190759602002029,4
190759602002030,4
190759602002031,4
190759602002032,4
190759602002033,4
190759602002034,4
190759602002038,4
190759602002039,4
190759602002040,4
190759602002041,4
190759602002163,4
190759602002167,4
190759602002168,4
190759602001070,4
190759602001071,4
190759602001072,4
190759602001090,4
190759602001091,4
190759602001109,4
190759602001110,4
190759602001111,4
190759602001112,4
190759602001113,4
190759602001114,4
190759602001115,4
190759602001116,4
190759602001117,4
190759602001118,4
190759602001119,4
190759602001120,4
190759602001121,4
190759602001122,4
190759602001123,4
190759602001124,4
190759602001125,4
190759602001126,4
190759602001159,4
190759602002042,4
190759602002071,4
190759602002072,4
190759602002076,4
190759602002077,4
190759602002110,4
190759602002111,4
190759602002112,4
190759602002113,4
190759602002123,4
190759602002124,4
190759602002125,4
190759602002126,4
190759602002127,4
190759602002128,4
190759602002129,4
190759602002130,4
190759602002131,4
190759602002132,4
190759602002133,4
190759602002134,4
190759602002135,4
190759602002136,4
190759602002137,4
190759602002138,4
190759602002140,4
190759602002141,4
190759602002142,4
190759602002143,4
190759602002144,4
190759602002145,4
190759602002146,4
190759602002147,4
190759602002148,4
190759602002149,4
190759602002150,4
190759602002156,4
190759602002157,4
190759602002158,4
190759602002165,4
190759602002166,4
190759603001000,4
190759602001080,4
190759602001081,4
190759602001082,4
190759602001083,4
190759602001084,4
190759602001085,4
190759602001086,4
190759602001087,4
190759602001088,4
190759602001089,4
190759602001092,4
190759602001093,4
190759602001094,4
190759602001095,4
190759602001096,4
190759602001097,4
190759602001098,4
190759602001099,4
190759602001100,4
190759602001101,4
190759602001102,4
190759602001103,4
190759602001104,4
190759602001105,4
190759602001106,4
190759602001107,4
190759602001108,4
190759602001127,4
190759602001128,4
190759602001129,4
190759602001130,4
190759602001131,4
190759602001132,4
190759602001133,4
190759602001134,4
190759602001135,4
190759602001136,4
190759602001137,4
190759602001138,4
190759602001139,4
190759602001140,4
190759602001141,4
190759602001142,4
190759602001143,4
190759602001144,4
190759602001145,4
190759602001149,4
190759602001150,4
190759602001151,4
190759602001152,4
190759602001153,4
190759602001156,4
190759602002139,4
190759602002151,4
190759602002152,4
190759602002153,4
190759602002154,4
190759602002155,4
190759602002159,4
190759603001001,4
190759603001002,4
190759603001003,4
190759603001004,4
190759603001005,4
190759603001006,4
190759603001007,4
190759603001008,4
190759603001009,4
190759603001010,4
190759603001011,4
190759603001012,4
190759603001013,4
190759603001014,4
190759603001015,4
190759603001016,4
190759603001017,4
190759603001018,4
190759603001019,4
190759603001020,4
190759603001021,4
190759603001022,4
190759603001023,4
190759603001024,4
190759603001025,4
190759603001026,4
190759603001027,4
190759603001028,4
190759603001029,4
190759603001030,4
190759603001031,4
190759603001032,4
190759603001033,4
190759603001034,4
190759603001035,4
190759603001036,4
190759603001037,4
190759603001039,4
190759603001040,4
190759603001041,4
190759603001042,4
190759603001043,4
190759603001044,4
190759603001045,4
190759603001046,4
190759603001047,4
190759603001048,4
190759603001049,4
190759603001050,4
190759603001051,4
190759603001052,4
190759603001053,4
190759603001054,4
190759603001055,4
190759603001056,4
190759603001057,4
190759603001058,4
190759603001059,4
190759603001060,4
190759603001061,4
190759603001063,4
190759603001064,4
190759603001065,4
190759603001066,4
190759603001067,4
190759603002001,4
190759603002002,4
190759603002003,4
190759603002004,4
190759603002005,4
190759603002006,4
190759603002007,4
190759603002008,4
190759603002009,4
190759603002010,4
190759603002011,4
190759603002012,4
190759603002013,4
190759603002014,4
190759603002015,4
190759603002016,4
190759603002017,4
190759603002018,4
190759603002019,4
190759603002020,4
190759603002021,4
190759603002022,4
190759603002023,4
190759603002024,4
190759603002025,4
190759603002026,4
190759603002027,4
190759603002028,4
190759603002029,4
190759603002030,4
190759603002031,4
190759603002032,4
190759603002033,4
190759603002034,4
190759603002035,4
190759603002036,4
190759603002037,4
190759603002038,4
190759603002039,4
190759603002040,4
190759603002041,4
190759603002042,4
190759603002043,4
190759603002044,4
190759603002045,4
190759603002046,4
190759603002047,4
190759603002048,4
190759603002049,4
190759603002050,4
190759603002051,4
190759603002052,4
190759603002053,4
190759603002054,4
190759603002055,4
190759603002056,4
190759603002057,4
190759603002058,4
190759603002059,4
190759603002060,4
190759603002061,4
190759603002062,4
190759603002063,4
190759603002064,4
190759603002065,4
190759603002066,4
190759603002067,4
190759603002068,4
190759603002069,4
190759603002070,4
190759603002071,4
190759603002072,4
190759603002073,4
190759603002074,4
190759603002075,4
190759603002076,4
190759603002077,4
190759603002078,4
190759603002079,4
190759603002080,4
190759603002081,4
190759603002082,4
190759603002083,4
190759603002084,4
190759603002085,4
190759603002086,4
190759603002087,4
190759603002088,4
190759603002089,4
190759603002090,4
190759603002091,4
190759603002092,4
190759603002093,4
190759603002094,4
190759603002098,4
190759603002099,4
190759603002100,4
190759603002101,4
190759603002102,4
190759603002103,4
190759603002104,4
190759603002105,4
190759603002106,4
190759603002107,4
190759603002108,4
190759603002109,4
190759603002110,4
190759602002003,4
190759602002004,4
190759602002005,4
190759602002006,4
190759602002007,4
190759602002008,4
190759602002009,4
190759602002010,4
190759602002011,4
190759602002012,4
190759602002013,4
190759602002014,4
190759602002015,4
190759602002016,4
190759602002017,4
190759602002018,4
190759602002019,4
190759602002020,4
190759602002035,4
190759602002036,4
190759602002037,4
190759602002044,4
190759602002045,4
190759602002046,4
190759602002047,4
190759602002048,4
190759602002049,4
190759602002050,4
190759602002051,4
190759602002052,4
190759602002053,4
190759602002054,4
190759602002055,4
190759602002056,4
190759602002057,4
190759602002058,4
190759602002059,4
190759602002060,4
190759602002061,4
190759602002062,4
190759602002063,4
190759602002064,4
190759602002065,4
190759602002066,4
190759602002164,4
190759602002043,4
190759602002067,4
190759602002068,4
190759602002069,4
190759602002070,4
190759602002073,4
190759602002074,4
190759602002075,4
190759602002078,4
190759602002079,4
190759602002080,4
190759602002081,4
190759602002082,4
190759602002083,4
190759602002084,4
190759602002085,4
190759602002086,4
190759602002087,4
190759602002088,4
190759602002089,4
190759602002090,4
190759602002091,4
190759602002092,4
190759602002093,4
190759602002094,4
190759602002095,4
190759602002096,4
190759602002097,4
190759602002098,4
190759602002099,4
190759602002100,4
190759602002101,4
190759602002102,4
190759602002103,4
190759602002104,4
190759602002105,4
190759602002106,4
190759602002107,4
190759602002108,4
190759602002109,4
190759602002114,4
190759602002115,4
190759602002116,4
190759602002117,4
190759602002118,4
190759602002119,4
190759602002120,4
190759602002121,4
190759602002122,4
190759602002160,4
190759602002161,4
190759602002162,4
190759604001000,4
190759604001001,4
190759604001002,4
190759604001003,4
190759604001004,4
190759604001005,4
190759604001006,4
190759604001007,4
190759604001008,4
190759604001009,4
190759604001010,4
190759604001011,4
190759604001012,4
190759604001013,4
190759604001014,4
190759604001015,4
190759604001016,4
190759604001017,4
190759604001018,4
190759604001019,4
190759604001020,4
190759604001021,4
190759604001022,4
190759604001023,4
190759604001024,4
190759604001025,4
190759604001026,4
190759604001027,4
190759604001028,4
190759604001029,4
190759604001030,4
190759604001031,4
190759604001032,4
190759604001033,4
190759604001034,4
190759604001035,4
190759604001036,4
190759604001037,4
190759604001038,4
190759604001039,4
190759604001040,4
190759604001041,4
190759604001042,4
190759604001043,4
190759604001044,4
190759604001045,4
190759604001046,4
190759604001047,4
190759604001048,4
190759604001049,4
190759604001050,4
190759604001051,4
190759604001052,4
190759604001053,4
190759604001054,4
190759604001055,4
190759604001056,4
190759604001057,4
190759604001058,4
190759604001059,4
190759604001060,4
190759604001061,4
190759604001062,4
190759604001063,4
190759604001064,4
190759604001065,4
190759604001066,4
190759604001067,4
190759604001068,4
190759604001069,4
190759604001070,4
190759604001071,4
190759604001072,4
190759604001073,4
190759604001074,4
190759604001075,4
190759604001076,4
190759604001077,4
190759604001078,4
190759604001079,4
190759604001080,4
190759604001081,4
190759604001088,4
190759604001089,4
190759604001090,4
190759604001091,4
190759604001092,4
190759604001093,4
190759604001082,4
190759604001083,4
190759604001084,4
190759604001085,4
190759604001086,4
190759604001087,4
190759604001094,4
190759604001095,4
190759604001096,4
190759604001097,4
190759604001098,4
190759604001099,4
190759604001100,4
190759604001101,4
190759604001102,4
190759604001103,4
190759604001104,4
190759604001119,4
190759604001121,4
190759604001122,4
190759604001147,4
190759604001148,4
190759604001149,4
190759604001167,4
190759604001168,4
190759604001169,4
190759604001170,4
190759604001171,4
190759604001172,4
190759604001173,4
190759604001174,4
190759604001175,4
190759604001176,4
190759604001177,4
190759604001178,4
190759604001179,4
190759604001180,4
190759604001238,4
190759604001239,4
190759604001240,4
190759604001243,4
190759604001244,4
190759604001105,4
190759604001106,4
190759604001107,4
190759604001108,4
190759604001109,4
190759604001110,4
190759604001111,4
190759604001112,4
190759604001113,4
190759604001114,4
190759604001115,4
190759604001116,4
190759604001117,4
190759604001118,4
190759604001120,4
190759604001123,4
190759604001124,4
190759604001125,4
190759604001126,4
190759604001127,4
190759604001128,4
190759604001129,4
190759604001130,4
190759604001131,4
190759604001132,4
190759604001133,4
190759604001134,4
190759604001135,4
190759604001136,4
190759604001137,4
190759604001138,4
190759604001139,4
190759604001140,4
190759604001141,4
190759604001142,4
190759604001143,4
190759604001145,4
190759604001146,4
190759604001198,4
190759604001199,4
190759604001200,4
190759604001201,4
190759604001202,4
190759604001203,4
190759604001204,4
190759604001205,4
190759604001206,4
190759604001207,4
190759604001208,4
190759604001209,4
190759604001210,4
190759604001211,4
190759604001212,4
190759604001213,4
190759604001214,4
190759604001215,4
190759604001216,4
190759604001217,4
190759604001218,4
190759604001219,4
190759604001220,4
190759604001221,4
190759604001222,4
190759604001223,4
190759604001226,4
190759604001227,4
190759604001228,4
190759604001235,4
190759604001236,4
190759604001237,4
190759604001241,4
190759604001242,4
190759604001245,4
190759604001144,4
190759604001150,4
190759604001151,4
190759604001152,4
190759604001153,4
190759604001154,4
190759604001155,4
190759604001156,4
190759604001157,4
190759604001158,4
190759604001159,4
190759604001160,4
190759604001161,4
190759604001162,4
190759604001163,4
190759604001164,4
190759604001165,4
190759604001166,4
190759604001181,4
190759604001182,4
190759604001183,4
190759604001184,4
190759604001185,4
190759604001186,4
190759604001187,4
190759604001188,4
190759604001189,4
190759604001190,4
190759604001191,4
190759604001192,4
190759604001193,4
190759604001194,4
190759604001195,4
190759604001196,4
190759604001197,4
190759604001224,4
190759604001225,4
190759604001229,4
190759604001230,4
190759604001231,4
190759604001232,4
190759604001233,4
190759604001234,4
190779501001000,3
190779501001001,3
190779501001002,3
190779501001003,3
190779501001004,3
190779501001005,3
190779501001006,3
190779501001007,3
190779501001008,3
190779501001013,3
190779501001014,3
190779501001015,3
190779501001016,3
190779501001058,3
190779501001059,3
190779501001060,3
190779501001061,3
190779501001062,3
190779501001063,3
190779501001064,3
190779501001065,3
190779501001066,3
190779501001067,3
190779501001068,3
190779501001069,3
190779501001070,3
190779501001071,3
190779501001072,3
190779501001073,3
190779501001074,3
190779501001075,3
190779501001076,3
190779501001077,3
190779501001078,3
190779501001079,3
190779501001080,3
190779501001081,3
190779501001082,3
190779501001083,3
190779501001084,3
190779501001085,3
190779501001086,3
190779501001087,3
190779501001088,3
190779501001089,3
190779501001090,3
190779501001091,3
190779501001092,3
190779501001093,3
190779501001094,3
190779501001095,3
190779501001096,3
190779501001097,3
190779501001098,3
190779501001099,3
190779501001100,3
190779501001225,3
190779501001226,3
190779501001227,3
190779501001228,3
190779501001229,3
190779501001230,3
190779501001231,3
190779501001232,3
190779501001233,3
190779501001234,3
190779501001235,3
190779501001236,3
190779501002000,3
190779501002001,3
190779501002002,3
190779501002003,3
190779501002004,3
190779501002006,3
190779501002012,3
190779501002028,3
190779501001009,3
190779501001010,3
190779501001011,3
190779501001012,3
190779501001017,3
190779501001018,3
190779501001019,3
190779501001020,3
190779501001021,3
190779501001022,3
190779501001023,3
190779501001024,3
190779501001025,3
190779501001026,3
190779501001027,3
190779501001028,3
190779501001029,3
190779501001030,3
190779501001031,3
190779501001032,3
190779501001033,3
190779501001034,3
190779501001035,3
190779501001036,3
190779501001037,3
190779501001038,3
190779501001039,3
190779501001040,3
190779501001041,3
190779501001042,3
190779501001043,3
190779501001044,3
190779501001045,3
190779501001046,3
190779501001047,3
190779501001048,3
190779501001049,3
190779501001050,3
190779501001051,3
190779501001052,3
190779501001053,3
190779501001054,3
190779501001055,3
190779501001056,3
190779501001057,3
190779501001101,3
190779501001102,3
190779501001103,3
190779501001104,3
190779501001105,3
190779501001106,3
190779501001107,3
190779501001108,3
190779501001109,3
190779501001110,3
190779501001111,3
190779501001112,3
190779501001113,3
190779501001114,3
190779501001115,3
190779501001116,3
190779501001124,3
190779501001130,3
190779501001131,3
190779501001132,3
190779501001237,3
190779501001238,3
190779501001239,3
190779501001240,3
190779501001241,3
190779501001242,3
190779501001243,3
190779501001244,3
190779501001245,3
190779501001246,3
190779501001247,3
190779501001248,3
190779501001249,3
190779501001250,3
190779501001251,3
190779501001252,3
190779501001253,3
190779502001000,3
190779502001077,3
190779502001078,3
190779502001079,3
190779502001080,3
190779502001081,3
190779502001082,3
190779502001192,3
190779502001193,3
190779502001194,3
190779502001195,3
190779501001117,3
190779501001118,3
190779501001119,3
190779501001120,3
190779501001121,3
190779501001122,3
190779501001123,3
190779501001125,3
190779501001126,3
190779501001127,3
190779501001128,3
190779501001129,3
190779501001133,3
190779501001134,3
190779501001135,3
190779501001136,3
190779501001137,3
190779501001138,3
190779501001139,3
190779501001140,3
190779501001141,3
190779501001142,3
190779501001143,3
190779501001144,3
190779501001145,3
190779501001146,3
190779501001147,3
190779501001148,3
190779501001149,3
190779501001150,3
190779501001151,3
190779501001152,3
190779501001153,3
190779501001154,3
190779501001155,3
190779501001156,3
190779501001157,3
190779501001158,3
190779501001159,3
190779501001160,3
190779501001161,3
190779501001162,3
190779501001163,3
190779501001164,3
190779501001165,3
190779501001166,3
190779501001167,3
190779501001168,3
190779501001169,3
190779501001170,3
190779501001171,3
190779501001172,3
190779501001173,3
190779501001174,3
190779501001175,3
190779501001176,3
190779501001177,3
190779501001178,3
190779501001179,3
190779501001180,3
190779501001181,3
190779501001182,3
190779501001183,3
190779501001184,3
190779501001185,3
190779501001186,3
190779501001187,3
190779501001188,3
190779501001189,3
190779501001190,3
190779501001191,3
190779501001192,3
190779501001193,3
190779501001194,3
190779501001209,3
190779501001210,3
190779501001211,3
190779501001213,3
190779501001214,3
190779501001215,3
190779501001216,3
190779501001217,3
190779501001218,3
190779501001219,3
190779501001220,3
190779501001221,3
190779501001222,3
190779501001223,3
190779501001224,3
190779501001254,3
190779501001255,3
190779502001196,3
190779502001206,3
190779502001207,3
190779502001208,3
190779502001209,3
190779502001210,3
190779503003000,3
190779503003001,3
190779503003002,3
190779503003003,3
190779503003005,3
190779503003009,3
190779503003013,3
190779501001195,3
190779501001196,3
190779501001197,3
190779501001198,3
190779501001199,3
190779501001208,3
190779503001009,3
190779503001010,3
190779503001011,3
190779503001012,3
190779503001013,3
190779503001014,3
190779503001015,3
190779503001016,3
190779503001017,3
190779503001018,3
190779503001019,3
190779503001020,3
190779503001021,3
190779503001022,3
190779503001023,3
190779503001024,3
190779503001025,3
190779503001026,3
190779503001027,3
190779503001028,3
190779503001029,3
190779503001034,3
190779503001038,3
190779503001039,3
190779503001040,3
190779503001041,3
190779503001045,3
190779503001046,3
190779503001047,3
190779503001048,3
190779503001049,3
190779503001238,3
190779503003014,3
190779503003137,3
190779503003140,3
190779503003141,3
190779503003144,3
190779503003145,3
190779503003146,3
190779503003147,3
190779503003148,3
190779503003149,3
190779503003150,3
190779503003151,3
190779503003152,3
190779503003153,3
190779503003158,3
190779501001200,3
190779501001201,3
190779501001202,3
190779501001203,3
190779501001204,3
190779501001205,3
190779501002007,3
190779501002008,3
190779501002011,3
190779501002013,3
190779501002014,3
190779501002015,3
190779501002016,3
190779501002017,3
190779501002018,3
190779501002019,3
190779501002020,3
190779501002021,3
190779501002022,3
190779501002023,3
190779501002024,3
190779501002025,3
190779501002026,3
190779501002027,3
190779501002029,3
190779501002030,3
190779501002031,3
190779501002032,3
190779501002033,3
190779501002034,3
190779501002035,3
190779501002036,3
190779501002037,3
190779501002038,3
190779501002039,3
190779501002040,3
190779501002041,3
190779501002042,3
190779501002043,3
190779501002044,3
190779501002045,3
190779501002046,3
190779501002047,3
190779501002048,3
190779501002049,3
190779501002050,3
190779501002051,3
190779501002052,3
190779501002053,3
190779501002054,3
190779501002055,3
190779501002056,3
190779501002057,3
190779501002058,3
190779501002059,3
190779501002060,3
190779501002061,3
190779501002062,3
190779501002063,3
190779501002064,3
190779501002065,3
190779501002066,3
190779501002067,3
190779501002068,3
190779501002069,3
190779501002070,3
190779501002071,3
190779501002072,3
190779501002073,3
190779501002074,3
190779501002075,3
190779501002076,3
190779501002077,3
190779501002078,3
190779501002079,3
190779501002080,3
190779501002083,3
190779501002084,3
190779501002085,3
190779501002086,3
190779501002087,3
190779501002088,3
190779501002091,3
190779501003000,3
190779501003001,3
190779501003002,3
190779501003003,3
190779501003004,3
190779501003005,3
190779501003006,3
190779501003007,3
190779501003008,3
190779501003009,3
190779501003010,3
190779501003011,3
190779501003012,3
190779501003013,3
190779501003014,3
190779501003015,3
190779501003016,3
190779501003017,3
190779501003018,3
190779501003019,3
190779501003020,3
190779501003021,3
190779501003022,3
190779501003023,3
190779501003024,3
190779501003025,3
190779501003026,3
190779501003027,3
190779501003028,3
190779501003029,3
190779501003030,3
190779501003031,3
190779501003032,3
190779501003033,3
190779501003034,3
190779501003035,3
190779501003036,3
190779501003037,3
190779501003038,3
190779501003039,3
190779501003040,3
190779501003041,3
190779501003042,3
190779501003043,3
190779501003044,3
190779501003045,3
190779501003046,3
190779501003047,3
190779501003048,3
190779501003049,3
190779501003050,3
190779501003051,3
190779501003052,3
190779501003053,3
190779501003054,3
190779501003055,3
190779501003056,3
190779501003057,3
190779501003058,3
190779501003059,3
190779501003060,3
190779501003061,3
190779501003062,3
190779501003063,3
190779501003064,3
190779501003065,3
190779501003066,3
190779501003067,3
190779501003068,3
190779501003069,3
190779501003070,3
190779501003071,3
190779501003072,3
190779501003073,3
190779501003074,3
190779501003075,3
190779501003076,3
190779501003077,3
190779501003078,3
190779501003079,3
190779501003080,3
190779501003081,3
190779501003082,3
190779501003083,3
190779501003084,3
190779501003085,3
190779501003086,3
190779501003087,3
190779501003088,3
190779501003089,3
190779501003090,3
190779501003091,3
190779501003092,3
190779501003093,3
190779501003094,3
190779501003095,3
190779501003096,3
190779503001000,3
190779501001206,3
190779501001207,3
190779501001212,3
190779501002081,3
190779501002082,3
190779501002089,3
190779501002090,3
190779501002092,3
190779501002093,3
190779501002094,3
190779501002095,3
190779501002096,3
190779503001001,3
190779503001002,3
190779503001003,3
190779503001004,3
190779503001005,3
190779503001006,3
190779503001007,3
190779503001008,3
190779503001072,3
190779503001073,3
190779503001074,3
190779503001075,3
190779503001076,3
190779503001077,3
190779503001078,3
190779503001079,3
190779503001080,3
190779503001081,3
190779503001082,3
190779503001083,3
190779503001084,3
190779503001085,3
190779503001086,3
190779503001087,3
190779503001088,3
190779503001089,3
190779503001090,3
190779503001123,3
190779503001124,3
190779503001125,3
190779503001126,3
190779503001127,3
190779503001136,3
190779503001137,3
190779503001138,3
190779503001139,3
190779503001230,3
190779503001234,3
190779503001235,3
190779503001236,3
190779501002005,3
190779501002009,3
190779501002010,3
190779501002097,3
190779501002098,3
190779501002099,3
190779501002100,3
190779501002101,3
190779501002102,3
190779501002103,3
190779501002104,3
190779501002105,3
190779501002106,3
190779501002107,3
190779501002108,3
190779501002109,3
190779501002110,3
190779501002111,3
190779501002112,3
190779501002113,3
190779501002114,3
190779501002115,3
190779501002116,3
190779501002117,3
190779502001001,3
190779502001002,3
190779502001003,3
190779502001004,3
190779502001005,3
190779502001006,3
190779502001007,3
190779502001022,3
190779502001023,3
190779502001024,3
190779502001025,3
190779502001026,3
190779502001027,3
190779502001028,3
190779502001029,3
190779502001030,3
190779502001031,3
190779502001032,3
190779502001033,3
190779502001034,3
190779502001035,3
190779502001036,3
190779502001037,3
190779502001038,3
190779502001039,3
190779502001040,3
190779502001041,3
190779502001042,3
190779502001043,3
190779502001044,3
190779502001045,3
190779502001046,3
190779502001047,3
190779502001048,3
190779502001049,3
190779502001050,3
190779502001051,3
190779502001052,3
190779502001053,3
190779502001054,3
190779502001055,3
190779502001056,3
190779502001057,3
190779502001058,3
190779502001059,3
190779502001060,3
190779502001061,3
190779502001062,3
190779502001063,3
190779502001064,3
190779502001065,3
190779502001066,3
190779502001067,3
190779502001068,3
190779502001069,3
190779502001070,3
190779502001071,3
190779502001072,3
190779502001073,3
190779502001074,3
190779502001075,3
190779502001076,3
190779502001083,3
190779502001084,3
190779502001085,3
190779502001086,3
190779502001087,3
190779502001088,3
190779502001089,3
190779502001090,3
190779502001125,3
190779502001126,3
190779502001127,3
190779502001128,3
190779502001129,3
190779502001130,3
190779502001131,3
190779502001132,3
190779502001133,3
190779502001137,3
190779502001138,3
190779502001139,3
190779502001140,3
190779502001190,3
190779502001191,3
190779502001227,3
190779502001228,3
190779502001229,3
190779502001230,3
190779502001231,3
190779502001232,3
190779502001008,3
190779502001009,3
190779502001010,3
190779502001011,3
190779502001013,3
190779502001014,3
190779502001015,3
190779502001016,3
190779502001017,3
190779502001018,3
190779502001019,3
190779502001020,3
190779502001021,3
190779502001091,3
190779502001092,3
190779502001093,3
190779502001094,3
190779502001095,3
190779502001096,3
190779502001097,3
190779502001098,3
190779502001099,3
190779502001100,3
190779502001101,3
190779502001102,3
190779502001103,3
190779502001104,3
190779502001105,3
190779502001106,3
190779502001107,3
190779502001108,3
190779502001109,3
190779502001110,3
190779502001111,3
190779502001112,3
190779502001122,3
190779502001123,3
190779502001124,3
190779502001225,3
190779502001233,3
190779502001012,3
190779502001113,3
190779502001114,3
190779502001115,3
190779502001116,3
190779502001117,3
190779502001118,3
190779502001119,3
190779502001120,3
190779502001121,3
190779502001160,3
190779502001161,3
190779502001162,3
190779502001163,3
190779502001164,3
190779502001165,3
190779502001166,3
190779502001167,3
190779502001168,3
190779502001169,3
190779502001170,3
190779502001171,3
190779502001172,3
190779502001214,3
190779502001215,3
190779502001219,3
190779502001220,3
190779502001221,3
190779502001222,3
190779502001223,3
190779502001224,3
190779502002008,3
190779502002009,3
190779502002010,3
190779502002011,3
190779502001134,3
190779502001135,3
190779502001136,3
190779502001141,3
190779502001142,3
190779502001143,3
190779502001144,3
190779502001145,3
190779502001146,3
190779502001147,3
190779502001148,3
190779502001149,3
190779502001150,3
190779502001151,3
190779502001152,3
190779502001153,3
190779502001154,3
190779502001155,3
190779502001156,3
190779502001157,3
190779502001158,3
190779502001159,3
190779502001173,3
190779502001174,3
190779502001175,3
190779502001176,3
190779502001177,3
190779502001178,3
190779502001179,3
190779502001180,3
190779502001181,3
190779502001182,3
190779502001183,3
190779502001184,3
190779502001185,3
190779502001186,3
190779502001187,3
190779502001188,3
190779502001189,3
190779502001197,3
190779502001198,3
190779502001199,3
190779502001200,3
190779502001201,3
190779502001202,3
190779502001203,3
190779502001204,3
190779502001205,3
190779502001211,3
190779502001212,3
190779502001213,3
190779502001216,3
190779502001217,3
190779502001218,3
190779502001226,3
190779503003006,3
190779503003007,3
190779503003008,3
190779502002000,3
190779502002001,3
190779502002002,3
190779502002003,3
190779502002004,3
190779502002005,3
190779502002013,3
190779502002014,3
190779502002015,3
190779502002016,3
190779502002017,3
190779502002018,3
190779502002019,3
190779502002020,3
190779502002021,3
190779502002022,3
190779502002023,3
190779502002024,3
190779502002025,3
190779502002026,3
190779502002027,3
190779502002028,3
190779502002029,3
190779502002030,3
190779502002031,3
190779502002032,3
190779502002033,3
190779502002034,3
190779502002035,3
190779502002036,3
190779502002037,3
190779502002038,3
190779502002056,3
190779502002081,3
190779502002082,3
190779502002083,3
190779502002084,3
190779502002094,3
190779502002235,3
190779502002239,3
190779503001042,3
190779503001043,3
190779503003010,3
190779503003037,3
190779503003038,3
190779503003155,3
190779502002006,3
190779502002007,3
190779502002012,3
190779502002039,3
190779502002040,3
190779502002041,3
190779502002042,3
190779502002043,3
190779502002044,3
190779502002045,3
190779502002046,3
190779502002047,3
190779502002048,3
190779502002049,3
190779502002050,3
190779502002051,3
190779502002052,3
190779502002053,3
190779502002054,3
190779502002055,3
190779502002057,3
190779502002058,3
190779502002059,3
190779502002060,3
190779502002061,3
190779502002062,3
190779502002063,3
190779502002064,3
190779502002065,3
190779502002066,3
190779502002070,3
190779502002071,3
190779502002072,3
190779502002073,3
190779502002074,3
190779502002075,3
190779502002076,3
190779502002077,3
190779502002078,3
190779502002079,3
190779502002080,3
190779502002067,3
190779502002068,3
190779502002069,3
190779502002085,3
190779502002086,3
190779502002087,3
190779502002088,3
190779502002089,3
190779502002097,3
190779502002098,3
190779502002099,3
190779502002100,3
190779502002101,3
190779502002102,3
190779502002103,3
190779502002104,3
190779502002105,3
190779502002106,3
190779502002107,3
190779502002108,3
190779502002109,3
190779502002110,3
190779502002111,3
190779502002112,3
190779502002113,3
190779502002114,3
190779502002115,3
190779502002116,3
190779502002117,3
190779502002118,3
190779502002124,3
190779502002125,3
190779502002126,3
190779502002127,3
190779502002128,3
190779502002129,3
190779502002130,3
190779502002131,3
190779502002132,3
190779502002133,3
190779502002134,3
190779502002135,3
190779502002136,3
190779502002137,3
190779502002138,3
190779502002139,3
190779502002158,3
190779502002165,3
190779502002166,3
190779502002167,3
190779502002168,3
190779502002169,3
190779502002170,3
190779502002171,3
190779502002172,3
190779502002230,3
190779502002231,3
190779502002236,3
190779502002237,3
190779502002090,3
190779502002091,3
190779502002092,3
190779502002093,3
190779502002095,3
190779502002096,3
190779502002119,3
190779502002120,3
190779502002121,3
190779502002122,3
190779502002123,3
190779502002140,3
190779502002141,3
190779502002142,3
190779502002143,3
190779502002144,3
190779502002145,3
190779502002146,3
190779502002147,3
190779502002148,3
190779502002149,3
190779502002150,3
190779502002151,3
190779502002152,3
190779502002153,3
190779502002154,3
190779502002155,3
190779502002156,3
190779502002157,3
190779502002160,3
190779502002161,3
190779502002162,3
190779502002163,3
190779502002164,3
190779502002207,3
190779502002208,3
190779502002209,3
190779502002210,3
190779502002217,3
190779502002218,3
190779502002219,3
190779502002220,3
190779502002224,3
190779502002225,3
190779502002226,3
190779502002229,3
190779502002234,3
190779502002238,3
190779503001053,3
190779503001054,3
190779503001055,3
190779503001056,3
190779503001057,3
190779503001065,3
190779503001066,3
190779503001067,3
190779503001156,3
190779503001157,3
190779503001158,3
190779503001159,3
190779503001198,3
190779503001199,3
190779503001200,3
190779503001201,3
190779503001227,3
190779502002159,3
190779502002177,3
190779502002178,3
190779502002179,3
190779502002180,3
190779502002181,3
190779502002182,3
190779502002183,3
190779502002184,3
190779502002185,3
190779502002186,3
190779502002187,3
190779502002188,3
190779502002189,3
190779502002190,3
190779502002191,3
190779502002192,3
190779502002193,3
190779502002194,3
190779502002195,3
190779502002196,3
190779502002197,3
190779502002198,3
190779502002199,3
190779502002200,3
190779502002201,3
190779502002202,3
190779502002203,3
190779502002204,3
190779502002205,3
190779502002206,3
190779502002211,3
190779502002212,3
190779502002213,3
190779502002214,3
190779502002215,3
190779502002216,3
190779502002221,3
190779502002222,3
190779502002223,3
190779502002227,3
190779502002228,3
190779502002232,3
190779502002233,3
190779502002173,3
190779502002174,3
190779502002175,3
190779502002176,3
190779503001030,3
190779503001031,3
190779503001032,3
190779503001033,3
190779503001035,3
190779503001036,3
190779503001037,3
190779503001044,3
190779503001050,3
190779503001051,3
190779503001052,3
190779503001058,3
190779503001059,3
190779503001060,3
190779503001061,3
190779503001062,3
190779503001063,3
190779503001064,3
190779503001068,3
190779503001069,3
190779503001070,3
190779503001071,3
190779503001141,3
190779503001142,3
190779503001143,3
190779503001144,3
190779503001145,3
190779503001146,3
190779503001147,3
190779503001148,3
190779503001149,3
190779503001154,3
190779503001155,3
190779503001160,3
190779503001161,3
190779503001162,3
190779503001163,3
190779503001164,3
190779503001165,3
190779503001166,3
190779503001167,3
190779503001168,3
190779503001169,3
190779503001170,3
190779503001171,3
190779503001172,3
190779503001173,3
190779503001174,3
190779503001175,3
190779503001176,3
190779503001177,3
190779503001178,3
190779503001179,3
190779503001180,3
190779503001181,3
190779503001182,3
190779503001183,3
190779503001184,3
190779503001185,3
190779503001186,3
190779503001187,3
190779503001188,3
190779503001189,3
190779503001190,3
190779503001191,3
190779503001192,3
190779503001193,3
190779503001194,3
190779503001195,3
190779503001196,3
190779503001197,3
190779503001202,3
190779503001203,3
190779503001204,3
190779503001205,3
190779503001206,3
190779503001207,3
190779503001208,3
190779503001209,3
190779503001210,3
190779503001211,3
190779503001212,3
190779503001213,3
190779503001214,3
190779503001215,3
190779503001216,3
190779503001217,3
190779503001218,3
190779503001219,3
190779503001220,3
190779503001221,3
190779503001222,3
190779503001223,3
190779503001228,3
190779503001229,3
190779503001091,3
190779503001092,3
190779503001093,3
190779503001094,3
190779503001095,3
190779503001096,3
190779503001097,3
190779503001098,3
190779503001099,3
190779503001100,3
190779503001101,3
190779503001102,3
190779503001103,3
190779503001104,3
190779503001105,3
190779503001106,3
190779503001107,3
190779503001108,3
190779503001109,3
190779503001110,3
190779503001111,3
190779503001112,3
190779503001113,3
190779503001114,3
190779503001115,3
190779503001116,3
190779503001117,3
190779503001118,3
190779503001119,3
190779503001120,3
190779503001121,3
190779503001122,3
190779503001129,3
190779503001130,3
190779503001131,3
190779503001132,3
190779503001133,3
190779503001134,3
190779503001135,3
190779503001150,3
190779503001231,3
190779503001232,3
190779503001233,3
190779503001237,3
190779503001128,3
190779503001140,3
190779503001151,3
190779503001152,3
190779503001153,3
190779503001224,3
190779503001225,3
190779503001226,3
190779503002000,3
190779503002001,3
190779503002002,3
190779503002007,3
190779503002008,3
190779503002009,3
190779503002010,3
190779503002011,3
190779503002012,3
190779503002015,3
190779503002049,3
190779503002050,3
190779503002051,3
190779503002003,3
190779503002004,3
190779503002005,3
190779503002006,3
190779503002013,3
190779503002014,3
190779503002016,3
190779503002017,3
190779503002018,3
190779503002019,3
190779503002020,3
190779503002021,3
190779503002022,3
190779503002023,3
190779503002024,3
190779503002025,3
190779503002026,3
190779503002027,3
190779503002028,3
190779503002029,3
190779503002030,3
190779503002031,3
190779503002032,3
190779503002033,3
190779503002034,3
190779503002035,3
190779503002036,3
190779503002037,3
190779503002038,3
190779503002039,3
190779503002040,3
190779503002041,3
190779503002042,3
190779503002043,3
190779503002044,3
190779503002045,3
190779503002046,3
190779503002047,3
190779503002048,3
190779503002052,3
190779503002053,3
190779503002054,3
190779503002055,3
190779503002056,3
190779503002057,3
190779503002058,3
190779503002059,3
190779503002060,3
190779503002061,3
190779503002062,3
190779503002063,3
190779503002064,3
190779503002065,3
190779503002066,3
190779503002067,3
190779503002068,3
190779503002069,3
190779503002070,3
190779503002071,3
190779503002072,3
190779503002073,3
190779503002074,3
190779503002075,3
190779503002076,3
190779503002077,3
190779503002078,3
190779503002079,3
190779503002080,3
190779503002081,3
190779503002082,3
190779503002083,3
190779503002084,3
190779503002085,3
190779503002086,3
190779503002087,3
190779503002088,3
190779503002089,3
190779503002090,3
190779503002091,3
190779503002092,3
190779503002093,3
190779503002094,3
190779503002095,3
190779503002096,3
190779503002097,3
190779503002098,3
190779503002099,3
190779503002100,3
190779503002101,3
190779503003004,3
190779503003011,3
190779503003012,3
190779503003015,3
190779503003016,3
190779503003017,3
190779503003018,3
190779503003019,3
190779503003020,3
190779503003021,3
190779503003022,3
190779503003023,3
190779503003024,3
190779503003025,3
190779503003026,3
190779503003027,3
190779503003028,3
190779503003029,3
190779503003030,3
190779503003031,3
190779503003032,3
190779503003033,3
190779503003034,3
190779503003035,3
190779503003036,3
190779503003039,3
190779503003040,3
190779503003041,3
190779503003042,3
190779503003043,3
190779503003044,3
190779503003045,3
190779503003046,3
190779503003047,3
190779503003048,3
190779503003049,3
190779503003050,3
190779503003051,3
190779503003052,3
190779503003053,3
190779503003054,3
190779503003055,3
190779503003056,3
190779503003057,3
190779503003058,3
190779503003059,3
190779503003060,3
190779503003061,3
190779503003062,3
190779503003063,3
190779503003064,3
190779503003065,3
190779503003066,3
190779503003067,3
190779503003068,3
190779503003069,3
190779503003070,3
190779503003071,3
190779503003072,3
190779503003073,3
190779503003074,3
190779503003075,3
190779503003076,3
190779503003077,3
190779503003078,3
190779503003079,3
190779503003080,3
190779503003081,3
190779503003082,3
190779503003083,3
190779503003084,3
190779503003085,3
190779503003086,3
190779503003087,3
190779503003088,3
190779503003089,3
190779503003090,3
190779503003091,3
190779503003092,3
190779503003093,3
190779503003094,3
190779503003095,3
190779503003096,3
190779503003097,3
190779503003098,3
190779503003099,3
190779503003100,3
190779503003101,3
190779503003102,3
190779503003103,3
190779503003104,3
190779503003105,3
190779503003106,3
190779503003107,3
190779503003108,3
190779503003109,3
190779503003110,3
190779503003111,3
190779503003112,3
190779503003113,3
190779503003114,3
190779503003115,3
190779503003116,3
190779503003117,3
190779503003118,3
190779503003119,3
190779503003120,3
190779503003121,3
190779503003122,3
190779503003123,3
190779503003124,3
190779503003125,3
190779503003126,3
190779503003127,3
190779503003128,3
190779503003129,3
190779503003130,3
190779503003131,3
190779503003132,3
190779503003133,3
190779503003134,3
190779503003135,3
190779503003136,3
190779503003138,3
190779503003139,3
190779503003142,3
190779503003143,3
190779503003154,3
190779503003156,3
190779503003157,3
190799601001000,4
190799601001001,4
190799601001002,4
190799601001003,4
190799601001004,4
190799601001005,4
190799601001006,4
190799601001007,4
190799601001008,4
190799601001010,4
190799601001011,4
190799601001012,4
190799601001013,4
190799601001014,4
190799601001015,4
190799601001016,4
190799601001017,4
190799601001018,4
190799601001019,4
190799601001044,4
190799601001045,4
190799601001046,4
190799601001158,4
190799601001159,4
190799601001160,4
190799601001161,4
190799601001162,4
190799601001170,4
190799601001171,4
190799601001172,4
190799601001173,4
190799601001174,4
190799601001175,4
190799601001176,4
190799601001177,4
190799601001178,4
190799601001179,4
190799601001180,4
190799601001181,4
190799601001182,4
190799601001183,4
190799601001184,4
190799601001185,4
190799601001186,4
190799601001187,4
190799601001188,4
190799601001189,4
190799601001190,4
190799601001191,4
190799601001192,4
190799601001193,4
190799601001194,4
190799601001195,4
190799601001196,4
190799601001197,4
190799601001198,4
190799601001199,4
190799601001200,4
190799601001201,4
190799601001202,4
190799601001203,4
190799601001204,4
190799601001205,4
190799601001206,4
190799601001207,4
190799601001208,4
190799601001209,4
190799601001210,4
190799601001211,4
190799601001212,4
190799601001213,4
190799601001214,4
190799601001215,4
190799601001216,4
190799601001217,4
190799601001218,4
190799601001219,4
190799601001220,4
190799601001221,4
190799601001222,4
190799601001223,4
190799601001224,4
190799601001225,4
190799601001226,4
190799601001227,4
190799601001228,4
190799601001229,4
190799601001230,4
190799601001231,4
190799601001232,4
190799601001233,4
190799601001234,4
190799601001254,4
190799601001370,4
190799601001374,4
190799601001009,4
190799601001020,4
190799601001021,4
190799601001022,4
190799601001023,4
190799601001024,4
190799601001025,4
190799601001026,4
190799601001036,4
190799601001037,4
190799601001038,4
190799601001039,4
190799601001040,4
190799601001041,4
190799601001042,4
190799601001043,4
190799601001047,4
190799601001048,4
190799601001049,4
190799601001050,4
190799601001051,4
190799601001052,4
190799601001053,4
190799601001054,4
190799601001144,4
190799601001145,4
190799601001146,4
190799601001150,4
190799601001151,4
190799601001152,4
190799601001153,4
190799601001154,4
190799601001156,4
190799601001157,4
190799601001163,4
190799601001242,4
190799601001243,4
190799601001244,4
190799601001245,4
190799601001246,4
190799601001253,4
190799601001027,4
190799601001028,4
190799601001029,4
190799601001030,4
190799601001031,4
190799601001032,4
190799601001033,4
190799601001034,4
190799601001035,4
190799601001055,4
190799601001056,4
190799601001057,4
190799601001058,4
190799601001059,4
190799601001060,4
190799601001061,4
190799601001062,4
190799601001063,4
190799601001064,4
190799601001065,4
190799601001075,4
190799601001076,4
190799601001077,4
190799601001078,4
190799601001079,4
190799601001080,4
190799601001081,4
190799601001082,4
190799601001083,4
190799601001084,4
190799601001085,4
190799601001086,4
190799601001087,4
190799601001088,4
190799601001118,4
190799601001119,4
190799601001120,4
190799601001121,4
190799601001122,4
190799601001123,4
190799601001124,4
190799601001125,4
190799601001128,4
190799601001129,4
190799601001130,4
190799601001131,4
190799601001132,4
190799601001143,4
190799601001247,4
190799601001248,4
190799601001251,4
190799601001252,4
190799603002000,4
190799603002002,4
190799603002004,4
190799603002013,4
190799604005000,4
190799604005001,4
190799604005002,4
190799604005003,4
190799604005039,4
190799601001066,4
190799601001067,4
190799601001068,4
190799601001069,4
190799601001070,4
190799601001071,4
190799601001072,4
190799601001073,4
190799601001074,4
190799601001089,4
190799601001090,4
190799601001091,4
190799601001092,4
190799601001093,4
190799601001094,4
190799601001095,4
190799601001096,4
190799601001097,4
190799601001098,4
190799601001099,4
190799601001100,4
190799601001101,4
190799601001102,4
190799601001103,4
190799601001104,4
190799601001105,4
190799601001106,4
190799601001107,4
190799601001108,4
190799601001109,4
190799601001110,4
190799601001111,4
190799601001112,4
190799601001113,4
190799601001114,4
190799601001115,4
190799601001116,4
190799601001117,4
190799601001126,4
190799601001373,4
190799604005004,4
190799601001127,4
190799601001133,4
190799601001134,4
190799601001135,4
190799601001136,4
190799601001137,4
190799601001138,4
190799601001139,4
190799601001140,4
190799601001141,4
190799601001142,4
190799601001147,4
190799601001148,4
190799601001149,4
190799601001334,4
190799601001335,4
190799601001336,4
190799601001337,4
190799601001338,4
190799601001339,4
190799601001340,4
190799601001341,4
190799601001342,4
190799601001343,4
190799601001344,4
190799601001348,4
190799601001349,4
190799601001350,4
190799603003033,4
190799604001008,4
190799604001010,4
190799604001011,4
190799604001030,4
190799604001031,4
190799604001034,4
190799604001036,4
190799604001037,4
190799604002012,4
190799604002013,4
190799604002024,4
190799604002025,4
190799604002026,4
190799604002027,4
190799601001155,4
190799601001164,4
190799601001165,4
190799601001166,4
190799601001167,4
190799601001168,4
190799601001169,4
190799601001235,4
190799601001236,4
190799601001237,4
190799601001238,4
190799601001239,4
190799601001240,4
190799601001241,4
190799601001371,4
190799601001372,4
190799601001249,4
190799601001250,4
190799601001320,4
190799601001321,4
190799603001000,4
190799603001001,4
190799603001002,4
190799603001003,4
190799603001004,4
190799603001005,4
190799603001006,4
190799603001007,4
190799603001008,4
190799603001009,4
190799603001010,4
190799603001011,4
190799603001012,4
190799603001013,4
190799603001014,4
190799603001015,4
190799603001016,4
190799603001017,4
190799603001018,4
190799603001019,4
190799603001020,4
190799603001021,4
190799603001022,4
190799603001023,4
190799603001024,4
190799603001025,4
190799603001026,4
190799603001027,4
190799603001028,4
190799603001029,4
190799603001030,4
190799603001031,4
190799603001032,4
190799603001033,4
190799603001034,4
190799603001035,4
190799603001036,4
190799603001037,4
190799603001038,4
190799603001039,4
190799603001040,4
190799603001041,4
190799603001042,4
190799603001043,4
190799603001044,4
190799603001045,4
190799603001046,4
190799603001047,4
190799603001048,4
190799603001049,4
190799603001050,4
190799603001051,4
190799603001052,4
190799603001053,4
190799603001054,4
190799603001055,4
190799603001056,4
190799603001057,4
190799603001058,4
190799603001059,4
190799603001060,4
190799603001061,4
190799603001062,4
190799603001063,4
190799603001064,4
190799603001065,4
190799603001066,4
190799603001067,4
190799603001068,4
190799603001069,4
190799603001070,4
190799603001071,4
190799603001072,4
190799603001073,4
190799603001074,4
190799603001075,4
190799603001076,4
190799603001077,4
190799603001078,4
190799603001079,4
190799603001080,4
190799603001081,4
190799603001082,4
190799603001083,4
190799603001084,4
190799603001085,4
190799603001086,4
190799603001087,4
190799603001088,4
190799603001089,4
190799603001090,4
190799603002001,4
190799603002003,4
190799603002005,4
190799603002006,4
190799603002007,4
190799603002008,4
190799603002009,4
190799603002010,4
190799603002011,4
190799603002012,4
190799603002014,4
190799603002015,4
190799603002016,4
190799603002017,4
190799603002018,4
190799603002019,4
190799603002020,4
190799603002021,4
190799603002022,4
190799603002023,4
190799603002024,4
190799603002025,4
190799603002026,4
190799603002027,4
190799603002028,4
190799603002029,4
190799603002030,4
190799603002031,4
190799603002033,4
190799603002034,4
190799603002035,4
190799603002036,4
190799603002037,4
190799603002040,4
190799603002041,4
190799603002042,4
190799603002043,4
190799603002044,4
190799603002045,4
190799603002046,4
190799603002047,4
190799603002048,4
190799603002049,4
190799603003000,4
190799603003002,4
190799603003003,4
190799603003004,4
190799603003005,4
190799603003006,4
190799603003007,4
190799603003008,4
190799603003009,4
190799603003010,4
190799603003011,4
190799603003012,4
190799603003013,4
190799603003014,4
190799603003015,4
190799603003016,4
190799603003017,4
190799603003018,4
190799603003019,4
190799603003020,4
190799603003021,4
190799603003022,4
190799603003023,4
190799603003024,4
190799603003025,4
190799603003026,4
190799603003027,4
190799603003029,4
190799603003030,4
190799603003031,4
190799603003032,4
190799604001000,4
190799604001001,4
190799604001002,4
190799604001003,4
190799604001004,4
190799604001005,4
190799604001006,4
190799604001007,4
190799604001009,4
190799604001012,4
190799604001013,4
190799604001014,4
190799604001015,4
190799604001016,4
190799604001017,4
190799604001018,4
190799604001019,4
190799604001020,4
190799604001021,4
190799604001022,4
190799604001023,4
190799604001024,4
190799604001025,4
190799604001026,4
190799604001027,4
190799604001028,4
190799604001029,4
190799604001032,4
190799604001033,4
190799604001035,4
190799604001039,4
190799604001040,4
190799604002000,4
190799604002001,4
190799604002002,4
190799604002003,4
190799604002004,4
190799604002005,4
190799604002006,4
190799604002007,4
190799604002008,4
190799604002009,4
190799604002010,4
190799604002011,4
190799604002014,4
190799604002015,4
190799604002016,4
190799604002017,4
190799604002018,4
190799604002019,4
190799604002020,4
190799604002021,4
190799604002022,4
190799604002023,4
190799604002028,4
190799604002029,4
190799604002030,4
190799604002031,4
190799604003000,4
190799604003001,4
190799604003002,4
190799604003003,4
190799604003004,4
190799604003005,4
190799604003006,4
190799604003007,4
190799604003008,4
190799604003009,4
190799604003010,4
190799604003011,4
190799604003012,4
190799604003013,4
190799604003014,4
190799604003015,4
190799604003016,4
190799604003017,4
190799604003018,4
190799604003019,4
190799604003020,4
190799604003021,4
190799604003022,4
190799604003023,4
190799604004000,4
190799604004001,4
190799604004002,4
190799604004003,4
190799604004004,4
190799604004005,4
190799604004006,4
190799604004007,4
190799604004008,4
190799604004009,4
190799604004010,4
190799604004011,4
190799604004012,4
190799604004013,4
190799604004014,4
190799604004015,4
190799604004016,4
190799604004017,4
190799604004018,4
190799604004019,4
190799604004020,4
190799604004021,4
190799604004022,4
190799604004023,4
190799604004024,4
190799604004025,4
190799604004026,4
190799604004027,4
190799604004028,4
190799604004029,4
190799604005005,4
190799604005006,4
190799604005007,4
190799604005008,4
190799604005009,4
190799604005010,4
190799604005011,4
190799604005012,4
190799604005013,4
190799604005014,4
190799604005015,4
190799604005016,4
190799604005017,4
190799604005018,4
190799604005019,4
190799604005020,4
190799604005021,4
190799604005022,4
190799604005023,4
190799604005024,4
190799604005025,4
190799604005026,4
190799604005027,4
190799604005028,4
190799604005029,4
190799604005030,4
190799604005031,4
190799604005032,4
190799604005033,4
190799604005034,4
190799604005035,4
190799604005036,4
190799604005037,4
190799604005038,4
190799604005040,4
190799601001255,4
190799601001262,4
190799601001263,4
190799601001281,4
190799602003010,4
190799602003011,4
190799602003012,4
190799602003013,4
190799602003014,4
190799602003015,4
190799602003016,4
190799602003017,4
190799602003018,4
190799602003019,4
190799602003020,4
190799602003021,4
190799602003022,4
190799602003023,4
190799602003024,4
190799602003025,4
190799602003026,4
190799602003027,4
190799602003028,4
190799602003029,4
190799602003030,4
190799602003031,4
190799602003032,4
190799602003033,4
190799602003034,4
190799602003035,4
190799602003041,4
190799602003042,4
190799602003049,4
190799602003050,4
190799602003051,4
190799602003052,4
190799602003053,4
190799602003054,4
190799602003055,4
190799602003058,4
190799602003059,4
190799602003060,4
190799602003061,4
190799602003062,4
190799602003063,4
190799602003064,4
190799602003065,4
190799602003066,4
190799602003067,4
190799602003068,4
190799602003069,4
190799602003070,4
190799602003071,4
190799602003072,4
190799602003073,4
190799602003074,4
190799602003078,4
190799602003121,4
190799602003127,4
190799602003128,4
190799602003129,4
190799602003130,4
190799602003131,4
190799602003132,4
190799602003133,4
190799602003182,4
190799602003183,4
190799602003184,4
190799602003188,4
190799601001256,4
190799601001257,4
190799601001258,4
190799601001259,4
190799601001260,4
190799601001261,4
190799601001264,4
190799601001265,4
190799601001266,4
190799601001267,4
190799601001268,4
190799601001269,4
190799601001270,4
190799601001271,4
190799601001272,4
190799601001273,4
190799601001274,4
190799601001275,4
190799601001276,4
190799601001277,4
190799601001278,4
190799601001279,4
190799601001280,4
190799601001282,4
190799601001283,4
190799601001284,4
190799601001285,4
190799601001286,4
190799601001287,4
190799601001288,4
190799601001289,4
190799601001291,4
190799601001298,4
190799601001299,4
190799601001300,4
190799601001301,4
190799601001314,4
190799601001322,4
190799601001331,4
190799601001332,4
190799601001333,4
190799601001360,4
190799601001361,4
190799601001367,4
190799602003056,4
190799602003057,4
190799603002032,4
190799603002038,4
190799603002039,4
190799603003001,4
190799603003028,4
190799603003034,4
190799604001038,4
190799605001003,4
190799605001004,4
190799601001290,4
190799601001292,4
190799601001293,4
190799601001294,4
190799601001295,4
190799601001296,4
190799601001297,4
190799601001302,4
190799601001303,4
190799601001304,4
190799601001305,4
190799601001306,4
190799601001307,4
190799601001308,4
190799601001309,4
190799601001310,4
190799601001311,4
190799601001312,4
190799601001313,4
190799601001315,4
190799601001316,4
190799601001317,4
190799601001318,4
190799601001319,4
190799601001323,4
190799601001324,4
190799601001325,4
190799601001326,4
190799601001327,4
190799601001328,4
190799601001329,4
190799601001330,4
190799601001345,4
190799601001346,4
190799601001347,4
190799601001351,4
190799601001352,4
190799601001353,4
190799601001354,4
190799601001355,4
190799601001356,4
190799601001357,4
190799601001358,4
190799601001362,4
190799601001363,4
190799601001364,4
190799601001365,4
190799601001366,4
190799601001368,4
190799601001369,4
190799605001006,4
190799605001013,4
190799605001014,4
190799605001015,4
190799605001016,4
190799605001017,4
190799605001018,4
190799605001019,4
190799605001020,4
190799605001021,4
190799605001022,4
190799605001023,4
190799605001024,4
190799605001025,4
190799605001026,4
190799605001027,4
190799605001028,4
190799605001029,4
190799605001030,4
190799605001031,4
190799605001032,4
190799605001037,4
190799605001038,4
190799605001039,4
190799605001040,4
190799605001041,4
190799605001042,4
190799605001043,4
190799605001047,4
190799605001048,4
190799605001049,4
190799605001050,4
190799605001072,4
190799605001104,4
190799601001359,4
190799602004009,4
190799602004010,4
190799602004011,4
190799602004012,4
190799602004013,4
190799602004014,4
190799602004015,4
190799602004016,4
190799602004021,4
190799602004022,4
190799602004023,4
190799602004024,4
190799602004025,4
190799602004026,4
190799602004027,4
190799605001000,4
190799605001001,4
190799605001002,4
190799605001005,4
190799605001007,4
190799605001008,4
190799605001009,4
190799605001010,4
190799605001011,4
190799605001012,4
190799605001044,4
190799605001045,4
190799605001046,4
190799605001051,4
190799605001052,4
190799605001053,4
190799605001054,4
190799605001055,4
190799605001056,4
190799605001057,4
190799605001058,4
190799605001059,4
190799605003000,4
190799605003001,4
190799605003002,4
190799605003003,4
190799605003004,4
190799605003005,4
190799605003006,4
190799605003007,4
190799605003008,4
190799602001000,4
190799602001001,4
190799602001002,4
190799602001003,4
190799602001004,4
190799602001005,4
190799602001006,4
190799602001007,4
190799602001008,4
190799602001009,4
190799602001010,4
190799602001011,4
190799602001012,4
190799602001013,4
190799602001014,4
190799602001015,4
190799602001016,4
190799602001017,4
190799602001018,4
190799602001019,4
190799602001020,4
190799602001021,4
190799602001022,4
190799602001023,4
190799602001024,4
190799602001025,4
190799602001026,4
190799602001027,4
190799602001029,4
190799602001030,4
190799602001031,4
190799602001032,4
190799602001033,4
190799602001034,4
190799602001035,4
190799602001036,4
190799602001037,4
190799602001038,4
190799602001039,4
190799602001040,4
190799602001041,4
190799602001042,4
190799602001043,4
190799602001044,4
190799602001045,4
190799602001046,4
190799602001047,4
190799602001048,4
190799602001049,4
190799602001050,4
190799602001051,4
190799602001052,4
190799602001053,4
190799602001054,4
190799602001055,4
190799602001028,4
190799602002033,4
190799602002034,4
190799602002035,4
190799602002052,4
190799602003122,4
190799602003123,4
190799602003124,4
190799602003125,4
190799602003126,4
190799602003136,4
190799602003137,4
190799602004000,4
190799602004001,4
190799602004002,4
190799602004003,4
190799602004004,4
190799602004005,4
190799602004006,4
190799602004007,4
190799602004008,4
190799602004017,4
190799602004018,4
190799602004019,4
190799602004020,4
190799602004028,4
190799602004029,4
190799602004030,4
190799602004031,4
190799602004032,4
190799602004033,4
190799602004034,4
190799602004035,4
190799602004036,4
190799602004037,4
190799602004038,4
190799602004039,4
190799602004040,4
190799602004041,4
190799602004042,4
190799602004043,4
190799602004044,4
190799602004048,4
190799602004049,4
190799602004050,4
190799602004051,4
190799602004052,4
190799602004080,4
190799602004082,4
190799602004092,4
190799602001056,4
190799602001057,4
190799602002031,4
190799602002032,4
190799602002036,4
190799602002037,4
190799602002040,4
190799602002041,4
190799602002042,4
190799602002043,4
190799602002044,4
190799602002045,4
190799602002046,4
190799602002047,4
190799602002048,4
190799602002049,4
190799602002050,4
190799602002051,4
190799602002053,4
190799602002054,4
190799602002055,4
190799602002056,4
190799602002057,4
190799602002058,4
190799602002059,4
190799602002062,4
190799602002063,4
190799602002064,4
190799602002065,4
190799602002066,4
190799602002067,4
190799602002068,4
190799602002069,4
190799602002070,4
190799602002071,4
190799602002073,4
190799602002074,4
190799602002075,4
190799602002076,4
190799602002077,4
190799602002078,4
190799602002079,4
190799602002080,4
190799602002081,4
190799602002082,4
190799602002083,4
190799602002084,4
190799602002085,4
190799602002086,4
190799602002087,4
190799602002088,4
190799602002089,4
190799602002094,4
190799602002095,4
190799602002096,4
190799602002097,4
190799602002098,4
190799602002099,4
190799602002100,4
190799602002107,4
190799602002108,4
190799602002109,4
190799602002110,4
190799602002111,4
190799602002147,4
190799602002000,4
190799602002001,4
190799602002002,4
190799602002003,4
190799602002004,4
190799602002005,4
190799602002006,4
190799602002007,4
190799602002010,4
190799602002011,4
190799602002027,4
190799602002028,4
190799602003134,4
190799602003135,4
190799602003138,4
190799602003139,4
190799602003140,4
190799602003143,4
190799602003144,4
190799602003146,4
190799602003147,4
190799602003148,4
190799602003149,4
190799602003150,4
190799602003151,4
190799602003152,4
190799602003153,4
190799602003154,4
190799602003155,4
190799602003156,4
190799602003157,4
190799602003158,4
190799602003159,4
190799602003160,4
190799602003161,4
190799602003162,4
190799602003163,4
190799602003164,4
190799602003165,4
190799602003166,4
190799602003167,4
190799602003168,4
190799602003169,4
190799602003170,4
190799602003171,4
190799602003172,4
190799602003173,4
190799602003174,4
190799602003175,4
190799602003176,4
190799602003177,4
190799602003178,4
190799602003185,4
190799602003186,4
190799602003187,4
190799602003189,4
190799602004045,4
190799602004086,4
190799602004088,4
190799602004089,4
190799602002008,4
190799602002009,4
190799602002012,4
190799602002013,4
190799602002014,4
190799602002015,4
190799602002016,4
190799602002017,4
190799602002018,4
190799602002019,4
190799602002020,4
190799602002021,4
190799602002022,4
190799602002023,4
190799602002024,4
190799602002025,4
190799602002026,4
190799602002029,4
190799602002030,4
190799602002038,4
190799602002039,4
190799602002072,4
190799602002101,4
190799602002102,4
190799602002103,4
190799602002104,4
190799602002105,4
190799602002106,4
190799602002112,4
190799602002113,4
190799602002114,4
190799602002115,4
190799602002116,4
190799602002117,4
190799602002118,4
190799602002119,4
190799602002120,4
190799602002121,4
190799602002122,4
190799602002123,4
190799602002124,4
190799602002125,4
190799602002126,4
190799602002127,4
190799602002128,4
190799602002129,4
190799602002130,4
190799602002131,4
190799602002132,4
190799602002133,4
190799602002134,4
190799602002135,4
190799602002136,4
190799602002137,4
190799602002138,4
190799602002139,4
190799602002140,4
190799602002141,4
190799602002142,4
190799602002143,4
190799602002144,4
190799602002146,4
190799602002148,4
190799602002149,4
190799602002150,4
190799602002151,4
190799602002060,4
190799602002061,4
190799602002090,4
190799602002091,4
190799602002092,4
190799602002093,4
190799602002145,4
190799605003009,4
190799605003010,4
190799605003013,4
190799605003014,4
190799605003015,4
190799605003016,4
190799605003028,4
190799605003029,4
190799605003030,4
190799605003031,4
190799605003032,4
190799605003033,4
190799605003034,4
190799605003035,4
190799605003036,4
190799605003037,4
190799605003038,4
190799605003039,4
190799605003040,4
190799605003041,4
190799605003042,4
190799605003043,4
190799605003044,4
190799605003045,4
190799605003046,4
190799605003047,4
190799605003048,4
190799605003049,4
190799605003050,4
190799605003051,4
190799605003052,4
190799605003053,4
190799605003054,4
190799605003055,4
190799605003063,4
190799605003064,4
190799602003000,4
190799602003001,4
190799602003002,4
190799602003003,4
190799602003004,4
190799602003005,4
190799602003006,4
190799602003007,4
190799602003008,4
190799602003009,4
190799602003036,4
190799602003037,4
190799602003038,4
190799602003039,4
190799602003040,4
190799602003043,4
190799602003044,4
190799602003045,4
190799602003046,4
190799602003047,4
190799602003048,4
190799602003075,4
190799602003076,4
190799602003077,4
190799602003079,4
190799602003080,4
190799602003081,4
190799602003082,4
190799602003083,4
190799602003084,4
190799602003085,4
190799602003086,4
190799602003087,4
190799602003088,4
190799602003089,4
190799602003090,4
190799602003091,4
190799602003092,4
190799602003093,4
190799602003094,4
190799602003095,4
190799602003096,4
190799602003097,4
190799602003098,4
190799602003099,4
190799602003100,4
190799602003101,4
190799602003102,4
190799602003103,4
190799602003104,4
190799602003105,4
190799602003106,4
190799602003107,4
190799602003108,4
190799602003109,4
190799602003110,4
190799602003111,4
190799602003112,4
190799602003113,4
190799602003114,4
190799602003115,4
190799602003116,4
190799602003117,4
190799602003118,4
190799602003119,4
190799602003120,4
190799602003141,4
190799602003142,4
190799602003145,4
190799602003179,4
190799602003180,4
190799602003181,4
190799602004046,4
190799602004047,4
190799602004053,4
190799602004054,4
190799602004055,4
190799602004056,4
190799602004057,4
190799602004058,4
190799602004059,4
190799602004060,4
190799602004061,4
190799602004062,4
190799602004063,4
190799602004064,4
190799602004065,4
190799602004066,4
190799602004067,4
190799602004068,4
190799602004069,4
190799602004070,4
190799602004071,4
190799602004072,4
190799602004073,4
190799602004074,4
190799602004075,4
190799602004076,4
190799602004077,4
190799602004078,4
190799602004079,4
190799602004081,4
190799602004083,4
190799602004084,4
190799602004085,4
190799602004087,4
190799602004090,4
190799602004091,4
190799605001033,4
190799605001034,4
190799605001035,4
190799605001036,4
190799605001060,4
190799605001061,4
190799605001062,4
190799605001063,4
190799605001064,4
190799605001065,4
190799605001066,4
190799605001067,4
190799605001068,4
190799605001069,4
190799605001070,4
190799605001071,4
190799605001073,4
190799605001074,4
190799605001075,4
190799605001076,4
190799605001077,4
190799605001078,4
190799605001079,4
190799605001080,4
190799605001081,4
190799605001082,4
190799605001083,4
190799605001084,4
190799605001085,4
190799605001086,4
190799605001087,4
190799605001088,4
190799605001089,4
190799605001090,4
190799605001091,4
190799605001092,4
190799605001093,4
190799605001094,4
190799605001095,4
190799605001096,4
190799605001097,4
190799605001098,4
190799605001099,4
190799605001100,4
190799605001101,4
190799605001102,4
190799605001103,4
190799605002000,4
190799605002001,4
190799605002038,4
190799605002047,4
190799605002002,4
190799605002003,4
190799605002004,4
190799605002005,4
190799605002006,4
190799605002007,4
190799605002008,4
190799605002009,4
190799605002010,4
190799605002011,4
190799605002012,4
190799605002013,4
190799605002014,4
190799605002015,4
190799605002016,4
190799605002017,4
190799605002018,4
190799605002019,4
190799605002020,4
190799605002021,4
190799605002022,4
190799605002023,4
190799605002024,4
190799605002025,4
190799605002026,4
190799605002027,4
190799605002028,4
190799605002029,4
190799605002030,4
190799605002031,4
190799605002032,4
190799605002033,4
190799605002034,4
190799605002035,4
190799605002036,4
190799605002037,4
190799605002039,4
190799605002040,4
190799605002041,4
190799605002042,4
190799605002043,4
190799605002044,4
190799605002045,4
190799605002046,4
190799605002048,4
190799605003011,4
190799605003012,4
190799605003017,4
190799605003018,4
190799605003019,4
190799605003020,4
190799605003021,4
190799605003022,4
190799605003023,4
190799605003024,4
190799605003025,4
190799605003026,4
190799605003027,4
190799605003056,4
190799605003057,4
190799605003058,4
190799605003059,4
190799605003060,4
190799605003061,4
190799605003062,4
190799605003065,4
190812701001000,4
190812701001001,4
190812701001002,4
190812701001003,4
190812701001004,4
190812701001005,4
190812701001006,4
190812701001007,4
190812701001008,4
190812701001009,4
190812701001010,4
190812701001011,4
190812701001012,4
190812701001013,4
190812701001014,4
190812701001015,4
190812701001016,4
190812701001017,4
190812701001018,4
190812701001019,4
190812701001020,4
190812701001021,4
190812701001022,4
190812701001023,4
190812701001024,4
190812701001025,4
190812701001026,4
190812701001027,4
190812701001028,4
190812701001029,4
190812701001030,4
190812701001031,4
190812701001032,4
190812701001033,4
190812701001034,4
190812701001035,4
190812701001036,4
190812701001037,4
190812701001038,4
190812701001039,4
190812701001040,4
190812701001041,4
190812701001042,4
190812701001043,4
190812701001044,4
190812701001045,4
190812701001046,4
190812701001047,4
190812701001048,4
190812701001049,4
190812701001050,4
190812701001051,4
190812701001052,4
190812701001053,4
190812701001054,4
190812701001055,4
190812701001056,4
190812701001057,4
190812701001058,4
190812701001059,4
190812701001060,4
190812701001061,4
190812701001062,4
190812701001063,4
190812701001064,4
190812701001065,4
190812701001066,4
190812701001067,4
190812701001068,4
190812701001069,4
190812701001070,4
190812701001071,4
190812701002000,4
190812701002001,4
190812701002002,4
190812701002003,4
190812701002004,4
190812701002005,4
190812701002006,4
190812701002007,4
190812701002008,4
190812701002009,4
190812701002010,4
190812701002011,4
190812701002012,4
190812701002013,4
190812701002014,4
190812701002015,4
190812701002016,4
190812701002017,4
190812701002018,4
190812701002019,4
190812701002020,4
190812701002021,4
190812701002022,4
190812701002023,4
190812701002024,4
190812701002025,4
190812701002026,4
190812701002027,4
190812701002028,4
190812701002029,4
190812701002030,4
190812701002031,4
190812701002032,4
190812701002033,4
190812701002034,4
190812701002035,4
190812701002036,4
190812701002037,4
190812701002038,4
190812701002039,4
190812701002040,4
190812701003068,4
190812701003069,4
190812701003070,4
190812701003071,4
190812701003097,4
190812701003103,4
190812701003104,4
190812701003105,4
190812701003106,4
190812701003119,4
190812701003120,4
190812701003121,4
190812701003122,4
190812701003123,4
190812702002014,4
190812702002015,4
190812702002016,4
190812701001072,4
190812701001073,4
190812701001074,4
190812701002041,4
190812701002042,4
190812701003098,4
190812701003099,4
190812701003100,4
190812701003115,4
190812701003116,4
190812701003117,4
190812702002000,4
190812702002001,4
190812702002002,4
190812702002003,4
190812702002004,4
190812702002005,4
190812702002006,4
190812702002007,4
190812702002017,4
190812702002096,4
190812702002097,4
190812702002102,4
190812702002103,4
190812702002104,4
190812702002105,4
190812702002106,4
190812702002107,4
190812702002108,4
190812702002109,4
190812702002110,4
190812702002111,4
190812702002112,4
190812702002113,4
190812702002114,4
190812702002115,4
190812702002116,4
190812702002117,4
190812702002118,4
190812702002119,4
190812702002120,4
190812702002121,4
190812702002122,4
190812702002123,4
190812702002124,4
190812702002125,4
190812702002126,4
190812702002127,4
190812702002128,4
190812702002129,4
190812702002130,4
190812702002131,4
190812702002132,4
190812702002133,4
190812702002134,4
190812702002135,4
190812702002136,4
190812702002137,4
190812702002138,4
190812702002139,4
190812702002140,4
190812702002141,4
190812702002142,4
190812702002143,4
190812702002144,4
190812702002145,4
190812702002146,4
190812702002147,4
190812702002148,4
190812702002149,4
190812702002150,4
190812702002151,4
190812702002152,4
190812702002153,4
190812702002154,4
190812702002155,4
190812702002156,4
190812702002161,4
190812702002162,4
190812702002163,4
190812702002164,4
190812702002165,4
190812702002166,4
190812702002167,4
190812702002168,4
190812702002169,4
190812702002170,4
190812702002171,4
190812702002172,4
190812702002173,4
190812702002174,4
190812702002175,4
190812702002176,4
190812702002177,4
190812702002178,4
190812702002179,4
190812702002180,4
190812702002181,4
190812702002182,4
190812702002183,4
190812702002184,4
190812702002185,4
190812702002189,4
190812702002218,4
190812702002219,4
190812702002220,4
190812702002330,4
190812701003000,4
190812701003001,4
190812701003002,4
190812701003003,4
190812701003004,4
190812701003005,4
190812701003006,4
190812701003007,4
190812701003008,4
190812701003009,4
190812701003010,4
190812701003011,4
190812701003012,4
190812701003013,4
190812701003014,4
190812701003015,4
190812701003016,4
190812701003017,4
190812701003018,4
190812701003019,4
190812701003020,4
190812701003021,4
190812701003022,4
190812701003023,4
190812701003024,4
190812701003025,4
190812701003026,4
190812701003027,4
190812701003028,4
190812701003029,4
190812701003030,4
190812701003031,4
190812701003032,4
190812701003033,4
190812701003034,4
190812701003035,4
190812701003036,4
190812701003037,4
190812701003039,4
190812701003040,4
190812702001032,4
190812702001036,4
190812702001095,4
190812702001096,4
190812702001097,4
190812702001098,4
190812702001099,4
190812702001100,4
190812702001101,4
190812702001102,4
190812702001145,4
190812701003038,4
190812701003041,4
190812701003042,4
190812701003043,4
190812701003044,4
190812701003045,4
190812701003046,4
190812701003047,4
190812701003048,4
190812701003049,4
190812701003050,4
190812701003051,4
190812701003052,4
190812701003053,4
190812701003054,4
190812701003055,4
190812701003056,4
190812701003057,4
190812701003058,4
190812701003059,4
190812701003060,4
190812701003061,4
190812701003062,4
190812701003063,4
190812701003064,4
190812701003065,4
190812701003066,4
190812701003067,4
190812701003072,4
190812701003073,4
190812701003074,4
190812701003075,4
190812701003076,4
190812701003077,4
190812701003078,4
190812701003079,4
190812701003080,4
190812701003081,4
190812701003082,4
190812701003083,4
190812701003084,4
190812701003085,4
190812701003086,4
190812701003087,4
190812701003088,4
190812701003089,4
190812701003090,4
190812701003091,4
190812701003092,4
190812701003093,4
190812701003094,4
190812701003095,4
190812701003096,4
190812701003101,4
190812701003102,4
190812701003107,4
190812701003114,4
190812701003118,4
190812701003108,4
190812701003109,4
190812701003110,4
190812701003111,4
190812701003112,4
190812701003113,4
190812702001079,4
190812702001080,4
190812702001081,4
190812702001108,4
190812702001109,4
190812702001110,4
190812702001111,4
190812702001112,4
190812702001114,4
190812702001115,4
190812702001116,4
190812702001117,4
190812702001118,4
190812702001120,4
190812702001121,4
190812702001122,4
190812702001123,4
190812702001124,4
190812702001125,4
190812702001126,4
190812702001127,4
190812702001128,4
190812702001129,4
190812702001130,4
190812702001131,4
190812702001132,4
190812702001133,4
190812702001134,4
190812702001135,4
190812702001136,4
190812702001137,4
190812702001138,4
190812702001140,4
190812702001141,4
190812702002011,4
190812702002012,4
190812702002013,4
190812702002021,4
190812702002022,4
190812702002023,4
190812702002024,4
190812702002025,4
190812702002026,4
190812702002027,4
190812702002028,4
190812702002029,4
190812702002030,4
190812702002031,4
190812702002032,4
190812702002033,4
190812702002034,4
190812702002035,4
190812702002036,4
190812702002037,4
190812702002038,4
190812702002039,4
190812702002040,4
190812702002041,4
190812702002042,4
190812702002043,4
190812702002049,4
190812702002050,4
190812702002051,4
190812702002052,4
190812702002053,4
190812702002333,4
190812702002334,4
190812702001000,4
190812702001001,4
190812702001002,4
190812702001003,4
190812702001004,4
190812702001005,4
190812702001006,4
190812702001007,4
190812702001008,4
190812702001009,4
190812702001010,4
190812702001015,4
190812702001016,4
190812702001017,4
190812702001018,4
190812702001023,4
190812702001024,4
190812702001028,4
190812702001029,4
190812702001030,4
190812702001031,4
190812702001033,4
190812702001034,4
190812702001035,4
190812702001149,4
190812702001011,4
190812702001012,4
190812702001013,4
190812702001014,4
190812702001019,4
190812702001020,4
190812702001021,4
190812702001022,4
190812702001025,4
190812702001026,4
190812702001027,4
190812702001037,4
190812702001038,4
190812702001039,4
190812702001040,4
190812702001041,4
190812702001042,4
190812702001043,4
190812702001044,4
190812702001045,4
190812702001046,4
190812702001047,4
190812702001048,4
190812702001049,4
190812702001050,4
190812702001051,4
190812702001052,4
190812702001053,4
190812702001054,4
190812702001055,4
190812702001056,4
190812702001057,4
190812702001058,4
190812702001059,4
190812702001060,4
190812702001061,4
190812702001062,4
190812702001063,4
190812702001064,4
190812702001065,4
190812702001066,4
190812702001067,4
190812702001068,4
190812702001069,4
190812702001070,4
190812702001071,4
190812702001072,4
190812702001073,4
190812702001074,4
190812702001075,4
190812702001076,4
190812702001077,4
190812702001078,4
190812702001082,4
190812702001083,4
190812702001084,4
190812702001085,4
190812702001086,4
190812702001087,4
190812702001088,4
190812702001089,4
190812702001090,4
190812702001091,4
190812702001092,4
190812702001093,4
190812702001094,4
190812702001103,4
190812702001104,4
190812702001105,4
190812702001106,4
190812702001107,4
190812702001113,4
190812702001139,4
190812702001142,4
190812702001143,4
190812702001144,4
190812702001146,4
190812702001119,4
190812702001147,4
190812702001148,4
190812703001052,4
190812703001053,4
190812703001054,4
190812703001055,4
190812703001058,4
190812703001059,4
190812703001060,4
190812703001061,4
190812703001062,4
190812703001063,4
190812703001065,4
190812703001066,4
190812703001067,4
190812703001068,4
190812703001069,4
190812703001070,4
190812703001071,4
190812703001072,4
190812703001073,4
190812703001074,4
190812703001075,4
190812703001076,4
190812703001077,4
190812703001078,4
190812703001079,4
190812703001080,4
190812703001081,4
190812703001082,4
190812703001083,4
190812703001084,4
190812703001085,4
190812703001086,4
190812703001087,4
190812703001088,4
190812703001089,4
190812703001090,4
190812703001091,4
190812703001092,4
190812703001093,4
190812703001094,4
190812703001095,4
190812703001096,4
190812703001097,4
190812703001098,4
190812703001099,4
190812703001104,4
190812703001105,4
190812703001106,4
190812703002000,4
190812703002001,4
190812703002002,4
190812703002003,4
190812703002004,4
190812703002005,4
190812703002006,4
190812703002007,4
190812703002008,4
190812703002009,4
190812703002010,4
190812703002011,4
190812703002012,4
190812703002013,4
190812703002014,4
190812703002015,4
190812703002016,4
190812703002017,4
190812703002018,4
190812703002019,4
190812703002020,4
190812703002021,4
190812703002022,4
190812703002023,4
190812703002024,4
190812703002025,4
190812703002026,4
190812703002027,4
190812703002028,4
190812703002029,4
190812703002030,4
190812703002031,4
190812703002032,4
190812703002033,4
190812703002034,4
190812703002035,4
190812703002036,4
190812703002037,4
190812703002038,4
190812703002039,4
190812703002040,4
190812703002041,4
190812703002042,4
190812703002043,4
190812703002044,4
190812703002045,4
190812703002046,4
190812703002047,4
190812703002048,4
190812703002049,4
190812703002050,4
190812703002051,4
190812703002052,4
190812703002053,4
190812703002054,4
190812703002055,4
190812703002056,4
190812703002057,4
190812703002058,4
190812703002059,4
190812703002060,4
190812703002061,4
190812703002062,4
190812703002063,4
190812703002064,4
190812703002065,4
190812703002066,4
190812703002067,4
190812703002068,4
190812703002069,4
190812703002070,4
190812703002071,4
190812703002072,4
190812703002073,4
190812703002074,4
190812703002075,4
190812703002076,4
190812703002077,4
190812703002078,4
190812703002079,4
190812703002080,4
190812703002081,4
190812703002082,4
190812703002083,4
190812703002084,4
190812703002085,4
190812703002086,4
190812703002087,4
190812703002088,4
190812703002089,4
190812703002090,4
190812703002091,4
190812703002092,4
190812703002093,4
190812703002094,4
190812703002095,4
190812703002096,4
190812703002097,4
190812703002098,4
190812703002099,4
190812703002100,4
190812703002101,4
190812703002102,4
190812703002103,4
190812703002104,4
190812703002105,4
190812703002106,4
190812703002107,4
190812703002108,4
190812703002109,4
190812703002110,4
190812703002111,4
190812703002112,4
190812703002113,4
190812703002114,4
190812703002115,4
190812703002116,4
190812703002117,4
190812703002118,4
190812703002119,4
190812703002120,4
190812703002121,4
190812703002122,4
190812702002008,4
190812702002009,4
190812702002010,4
190812702002018,4
190812702002019,4
190812702002020,4
190812702002044,4
190812702002045,4
190812702002046,4
190812702002047,4
190812702002048,4
190812702002054,4
190812702002055,4
190812702002056,4
190812702002057,4
190812702002058,4
190812702002059,4
190812702002060,4
190812702002061,4
190812702002062,4
190812702002063,4
190812702002064,4
190812702002065,4
190812702002066,4
190812702002067,4
190812702002068,4
190812702002069,4
190812702002070,4
190812702002071,4
190812702002072,4
190812702002073,4
190812702002074,4
190812702002079,4
190812702002080,4
190812702002081,4
190812702002082,4
190812702002083,4
190812702002084,4
190812702002085,4
190812702002086,4
190812702002087,4
190812702002088,4
190812702002089,4
190812702002090,4
190812702002091,4
190812702002092,4
190812702002093,4
190812702002094,4
190812702002095,4
190812702002098,4
190812702002099,4
190812702002100,4
190812702002101,4
190812702002157,4
190812702002158,4
190812702002159,4
190812702002160,4
190812702002186,4
190812702002187,4
190812702002190,4
190812702002191,4
190812702002192,4
190812702002193,4
190812702002194,4
190812702002195,4
190812702002202,4
190812702002325,4
190812702002331,4
190812702002332,4
190812702002335,4
190812702002075,4
190812702002076,4
190812702002077,4
190812702002078,4
190812704001000,4
190812704001001,4
190812704001002,4
190812704001003,4
190812704001004,4
190812704001005,4
190812704001006,4
190812704001007,4
190812704001008,4
190812704001009,4
190812704002116,4
190812704002117,4
190812704002118,4
190812704002119,4
190812704002120,4
190812704002121,4
190812704002122,4
190812704002123,4
190812704002124,4
190812704002125,4
190812704002126,4
190812704002127,4
190812704002128,4
190812704002129,4
190812704002130,4
190812704002131,4
190812704002132,4
190812704002181,4
190812704002182,4
190812704002183,4
190812704002184,4
190812704002185,4
190812704002186,4
190812704002187,4
190812704002188,4
190812704002189,4
190812704002190,4
190812704002191,4
190812704002192,4
190812704002193,4
190812704002194,4
190812704002195,4
190812704002196,4
190812704002197,4
190812704002198,4
190812704002199,4
190812704002200,4
190812704002201,4
190812704002202,4
190812702002188,4
190812702002205,4
190812702002209,4
190812702002210,4
190812702002211,4
190812702002212,4
190812702002213,4
190812702002214,4
190812702002215,4
190812702002216,4
190812702002217,4
190812702002221,4
190812702002222,4
190812702002223,4
190812702002224,4
190812702002225,4
190812702002226,4
190812702002227,4
190812702002228,4
190812702002229,4
190812702002230,4
190812702002231,4
190812702002232,4
190812702002233,4
190812702002234,4
190812702002235,4
190812702002236,4
190812702002237,4
190812702002238,4
190812702002240,4
190812702002241,4
190812702002242,4
190812702002253,4
190812702002267,4
190812702002302,4
190812702002303,4
190812702002304,4
190812702002305,4
190812702002306,4
190812702002307,4
190812702002308,4
190812702002309,4
190812702002310,4
190812702002311,4
190812702002312,4
190812702002313,4
190812702002314,4
190812702002315,4
190812702002316,4
190812702002317,4
190812702002318,4
190812702002319,4
190812702002320,4
190812702002321,4
190812702002322,4
190812702002327,4
190812702002336,4
190812702002196,4
190812702002197,4
190812702002198,4
190812702002199,4
190812702002200,4
190812702002201,4
190812702002203,4
190812702002204,4
190812702002206,4
190812702002207,4
190812702002208,4
190812702002243,4
190812702002244,4
190812702002245,4
190812702002246,4
190812702002247,4
190812702002248,4
190812702002249,4
190812702002250,4
190812702002251,4
190812702002252,4
190812702002255,4
190812702002256,4
190812702002257,4
190812702002258,4
190812702002259,4
190812702002260,4
190812702002261,4
190812702002262,4
190812702002263,4
190812702002264,4
190812702002265,4
190812702002282,4
190812702002283,4
190812702002284,4
190812702002285,4
190812702002286,4
190812702002287,4
190812702002288,4
190812702002289,4
190812702002290,4
190812702002291,4
190812702002295,4
190812702002296,4
190812702002297,4
190812702002298,4
190812702002299,4
190812702002300,4
190812702002324,4
190812702002326,4
190812702002239,4
190812702002254,4
190812702002266,4
190812702002268,4
190812702002269,4
190812702002270,4
190812702002271,4
190812702002272,4
190812702002273,4
190812702002274,4
190812702002275,4
190812702002276,4
190812702002277,4
190812702002278,4
190812702002279,4
190812702002280,4
190812702002281,4
190812702002301,4
190812702002329,4
190812702002292,4
190812702002293,4
190812702002294,4
190812702002323,4
190812702002328,4
190812704001012,4
190812704001013,4
190812704001014,4
190812704001015,4
190812704001016,4
190812704001017,4
190812704001018,4
190812704001019,4
190812704001020,4
190812704001021,4
190812704001022,4
190812704001023,4
190812704001024,4
190812704001025,4
190812704001026,4
190812704001027,4
190812704001028,4
190812704001029,4
190812704001030,4
190812704001031,4
190812704001032,4
190812704001033,4
190812704001034,4
190812704001035,4
190812704001036,4
190812704001037,4
190812704001038,4
190812704001039,4
190812704001040,4
190812704001041,4
190812704001042,4
190812704001043,4
190812704001044,4
190812704001045,4
190812704001046,4
190812704001047,4
190812704001048,4
190812704001049,4
190812704001053,4
190812704001054,4
190812704001055,4
190812704001056,4
190812704001057,4
190812704001058,4
190812704001059,4
190812704001060,4
190812704001061,4
190812704001063,4
190812704001064,4
190812704001065,4
190812704001066,4
190812704001067,4
190812704001068,4
190812704001069,4
190812704001070,4
190812704001071,4
190812704001072,4
190812704001073,4
190812704001074,4
190812704001075,4
190812704001076,4
190812704001077,4
190812704001078,4
190812704001079,4
190812704001080,4
190812704001081,4
190812704001082,4
190812704001083,4
190812704001084,4
190812704001085,4
190812704001086,4
190812704001087,4
190812704001088,4
190812704001089,4
190812704001090,4
190812704001091,4
190812704001092,4
190812704001096,4
190812704001097,4
190812704001098,4
190812704001099,4
190812704001100,4
190812704001104,4
190812704001105,4
190812704001106,4
190812703001000,4
190812703001001,4
190812703001002,4
190812703001003,4
190812703001004,4
190812703001005,4
190812703001006,4
190812703001007,4
190812703001008,4
190812703001009,4
190812703001010,4
190812703001011,4
190812703001012,4
190812703001013,4
190812703001014,4
190812703001015,4
190812703001016,4
190812703001017,4
190812703001018,4
190812703001019,4
190812703001020,4
190812703001021,4
190812703001022,4
190812703001023,4
190812703001024,4
190812703001025,4
190812703001026,4
190812703001027,4
190812703001028,4
190812703001029,4
190812703001030,4
190812703001031,4
190812703001032,4
190812703001033,4
190812703001034,4
190812703001035,4
190812703001036,4
190812703001037,4
190812703001038,4
190812703001039,4
190812703001040,4
190812703001041,4
190812703001042,4
190812703001043,4
190812703001044,4
190812703001045,4
190812703001046,4
190812703001047,4
190812703001048,4
190812703001049,4
190812703001050,4
190812703001051,4
190812703001056,4
190812703001057,4
190812703001064,4
190812703001100,4
190812703001101,4
190812703001102,4
190812703001103,4
190812703001107,4
190812704001010,4
190812704002114,4
190812704002115,4
190812704002133,4
190812704002134,4
190812704002135,4
190812704002136,4
190812704002137,4
190812704002143,4
190812704002144,4
190812704002145,4
190812704002147,4
190812704002148,4
190812704002149,4
190812704002150,4
190812704002151,4
190812704002152,4
190812704002153,4
190812704002154,4
190812704002155,4
190812704002156,4
190812704002157,4
190812704002158,4
190812704002159,4
190812704002160,4
190812704002161,4
190812704002162,4
190812704002163,4
190812704002164,4
190812704002165,4
190812704002166,4
190812704002167,4
190812704002168,4
190812704002169,4
190812704002170,4
190812704002171,4
190812704002172,4
190812704002173,4
190812704002174,4
190812704002175,4
190812704002176,4
190812704002177,4
190812704002178,4
190812704002179,4
190812704002180,4
190812704002205,4
190812704002206,4
190812704002207,4
190812704002208,4
190812704001011,4
190812704001050,4
190812704001051,4
190812704001052,4
190812704001062,4
190812704001093,4
190812704001094,4
190812704001095,4
190812704001101,4
190812704001102,4
190812704001103,4
190812704002204,4
190812704002209,4
190812704002210,4
190812704002234,4
190812704002239,4
190812704002240,4
190812704002241,4
190812704002242,4
190812704002243,4
190812704002244,4
190812704002245,4
190812704002246,4
190812704002247,4
190812704002248,4
190812704002249,4
190812704002250,4
190812704002251,4
190812704002252,4
190812704002253,4
190812704002254,4
190812704002255,4
190812704002256,4
190812704002257,4
190812704002258,4
190812704002259,4
190812704002260,4
190812704002261,4
190812704002262,4
190812704002263,4
190812704002264,4
190812704002265,4
190812704002266,4
190812704002267,4
190812704002268,4
190812704002269,4
190812704002270,4
190812704002271,4
190812704002272,4
190812704002273,4
190812704002274,4
190812704002278,4
190812704002000,4
190812704002001,4
190812704002002,4
190812704002003,4
190812704002004,4
190812704002005,4
190812704002006,4
190812704002007,4
190812704002008,4
190812704002009,4
190812704002010,4
190812704002011,4
190812704002012,4
190812704002013,4
190812704002014,4
190812704002015,4
190812704002016,4
190812704002017,4
190812704002018,4
190812704002019,4
190812704002020,4
190812704002021,4
190812704002022,4
190812704002023,4
190812704002024,4
190812704002025,4
190812704002026,4
190812704002027,4
190812704002028,4
190812704002029,4
190812704002030,4
190812704002031,4
190812704002032,4
190812704002033,4
190812704002034,4
190812704002035,4
190812704002036,4
190812704002037,4
190812704002038,4
190812704002039,4
190812704002040,4
190812704002041,4
190812704002042,4
190812704002043,4
190812704002044,4
190812704002045,4
190812704002046,4
190812704002047,4
190812704002048,4
190812704002049,4
190812704002050,4
190812704002051,4
190812704002052,4
190812704002053,4
190812704002054,4
190812704002055,4
190812704002059,4
190812704002060,4
190812704002061,4
190812704002062,4
190812704002056,4
190812704002057,4
190812704002058,4
190812704002063,4
190812704002064,4
190812704002065,4
190812704002066,4
190812704002067,4
190812704002068,4
190812704002069,4
190812704002070,4
190812704002071,4
190812704002072,4
190812704002073,4
190812704002074,4
190812704002075,4
190812704002076,4
190812704002077,4
190812704002078,4
190812704002079,4
190812704002080,4
190812704002081,4
190812704002082,4
190812704002083,4
190812704002084,4
190812704002085,4
190812704002086,4
190812704002087,4
190812704002088,4
190812704002089,4
190812704002090,4
190812704002091,4
190812704002092,4
190812704002093,4
190812704002094,4
190812704002095,4
190812704002096,4
190812704002097,4
190812704002098,4
190812704002099,4
190812704002100,4
190812704002101,4
190812704002102,4
190812704002103,4
190812704002104,4
190812704002105,4
190812704002106,4
190812704002107,4
190812704002108,4
190812704002109,4
190812704002110,4
190812704002111,4
190812704002112,4
190812704002113,4
190812704002138,4
190812704002139,4
190812704002140,4
190812704002141,4
190812704002142,4
190812704002146,4
190812704002203,4
190812704002211,4
190812704002212,4
190812704002213,4
190812704002214,4
190812704002215,4
190812704002216,4
190812704002217,4
190812704002218,4
190812704002219,4
190812704002220,4
190812704002221,4
190812704002222,4
190812704002223,4
190812704002224,4
190812704002225,4
190812704002226,4
190812704002227,4
190812704002228,4
190812704002229,4
190812704002230,4
190812704002231,4
190812704002232,4
190812704002233,4
190812704002235,4
190812704002236,4
190812704002237,4
190812704002238,4
190812704002275,4
190812704002276,4
190812704002277,4
190834801001000,4
190834801001001,4
190834801001002,4
190834801001003,4
190834801001004,4
190834801001005,4
190834801001006,4
190834801001007,4
190834801001008,4
190834801001009,4
190834801001010,4
190834801001011,4
190834801001012,4
190834801001013,4
190834801001014,4
190834801001015,4
190834801001016,4
190834801001017,4
190834801001018,4
190834801001019,4
190834801001030,4
190834801001031,4
190834801001038,4
190834801001039,4
190834801001040,4
190834801001041,4
190834801001042,4
190834801001043,4
190834801001044,4
190834801001089,4
190834801001090,4
190834801001092,4
190834801001093,4
190834801001097,4
190834801003001,4
190834801003002,4
190834801003003,4
190834801003004,4
190834801003005,4
190834801003006,4
190834801003007,4
190834801003008,4
190834801003009,4
190834801003010,4
190834801003011,4
190834801003012,4
190834801003013,4
190834801003014,4
190834801003015,4
190834801003016,4
190834801003017,4
190834801003018,4
190834801003019,4
190834801003020,4
190834801003021,4
190834801003022,4
190834801003023,4
190834801003024,4
190834801003025,4
190834801003026,4
190834801003027,4
190834801003028,4
190834801003029,4
190834801003030,4
190834801003031,4
190834801003032,4
190834801003033,4
190834801003034,4
190834801003035,4
190834801003036,4
190834801003037,4
190834801003038,4
190834801003039,4
190834801003040,4
190834801003041,4
190834801003042,4
190834801003043,4
190834801003044,4
190834801003045,4
190834801003046,4
190834801003047,4
190834801003048,4
190834801003049,4
190834801003050,4
190834801003051,4
190834801003052,4
190834801003053,4
190834801003054,4
190834801003055,4
190834801003059,4
190834801003060,4
190834801003061,4
190834801003062,4
190834801003063,4
190834801003064,4
190834801003065,4
190834801001020,4
190834801001021,4
190834801001022,4
190834801001023,4
190834801001024,4
190834801001025,4
190834801001026,4
190834801001027,4
190834801001028,4
190834801001029,4
190834801001032,4
190834801001033,4
190834801001034,4
190834801001035,4
190834801001036,4
190834801001037,4
190834801001045,4
190834801001046,4
190834801001047,4
190834801001048,4
190834801001049,4
190834801001050,4
190834801001051,4
190834801001052,4
190834801001053,4
190834801001054,4
190834801001055,4
190834801001056,4
190834801001057,4
190834801001058,4
190834801001059,4
190834801001060,4
190834801001064,4
190834801001065,4
190834801001066,4
190834801001067,4
190834801001068,4
190834801001071,4
190834801001072,4
190834801001073,4
190834801001074,4
190834801001080,4
190834801001081,4
190834801001082,4
190834801001084,4
190834801001091,4
190834801003000,4
190834801003056,4
190834801003057,4
190834801003058,4
190834801003066,4
190834801001061,4
190834801001062,4
190834801001063,4
190834801002075,4
190834801002076,4
190834802001000,4
190834802001001,4
190834802001002,4
190834802001003,4
190834802001004,4
190834802001005,4
190834802001006,4
190834802001007,4
190834802001008,4
190834802001009,4
190834802001010,4
190834802001011,4
190834802001012,4
190834802001013,4
190834802001014,4
190834802001015,4
190834802001016,4
190834802001017,4
190834802001018,4
190834802001019,4
190834802001020,4
190834802001021,4
190834802001022,4
190834802001023,4
190834802001024,4
190834802001025,4
190834802001026,4
190834802001027,4
190834802001028,4
190834802001029,4
190834802001030,4
190834802001031,4
190834802001032,4
190834802001033,4
190834802001034,4
190834802001035,4
190834802001036,4
190834802001037,4
190834802001038,4
190834802001039,4
190834802001040,4
190834802001041,4
190834802001042,4
190834802001043,4
190834802001044,4
190834802001045,4
190834802001046,4
190834802001047,4
190834802001048,4
190834802001049,4
190834802001050,4
190834802001051,4
190834802001052,4
190834802001053,4
190834802001054,4
190834802001055,4
190834802001056,4
190834802001057,4
190834802001058,4
190834802001059,4
190834802001060,4
190834802001061,4
190834802001062,4
190834802001063,4
190834802001064,4
190834802001065,4
190834802001066,4
190834802001067,4
190834802001068,4
190834802001071,4
190834802001072,4
190834802001073,4
190834802001074,4
190834802001075,4
190834802002000,4
190834802002001,4
190834802002002,4
190834802002003,4
190834802002004,4
190834802002005,4
190834802002006,4
190834802002007,4
190834802002008,4
190834802002009,4
190834802002010,4
190834802002011,4
190834802002012,4
190834802002013,4
190834802002014,4
190834802002015,4
190834802002016,4
190834802002017,4
190834802002018,4
190834802002019,4
190834802002020,4
190834802002021,4
190834802002022,4
190834802002023,4
190834802002024,4
190834802002025,4
190834802002026,4
190834802002027,4
190834802002028,4
190834802002029,4
190834802002030,4
190834802002031,4
190834802002032,4
190834802002033,4
190834802002034,4
190834802002035,4
190834802002036,4
190834802002037,4
190834802002038,4
190834802002039,4
190834802002040,4
190834802002041,4
190834802002042,4
190834802002043,4
190834802002044,4
190834802002045,4
190834802003000,4
190834802003001,4
190834802003002,4
190834802003003,4
190834802003004,4
190834802003005,4
190834802003006,4
190834802003007,4
190834802003008,4
190834802003009,4
190834802003010,4
190834802003011,4
190834802003012,4
190834802003013,4
190834802003014,4
190834802003015,4
190834802003016,4
190834802003017,4
190834802003018,4
190834802003019,4
190834802003020,4
190834802003021,4
190834802003022,4
190834802003023,4
190834802003024,4
190834802003025,4
190834802003026,4
190834802003027,4
190834802003028,4
190834802003029,4
190834802003030,4
190834802003031,4
190834802003032,4
190834802003033,4
190834802003034,4
190834802003035,4
190834802003036,4
190834802003037,4
190834802003038,4
190834803001000,4
190834803001001,4
190834803001002,4
190834803001003,4
190834803001004,4
190834803001005,4
190834803001006,4
190834803001007,4
190834803001008,4
190834803001009,4
190834803001010,4
190834803001011,4
190834803001012,4
190834803001013,4
190834803001014,4
190834803001015,4
190834803001016,4
190834803001017,4
190834803001018,4
190834803001019,4
190834803001020,4
190834803001021,4
190834803001022,4
190834803001023,4
190834803001024,4
190834803001025,4
190834803001026,4
190834803001027,4
190834803001028,4
190834803001029,4
190834803001030,4
190834803001031,4
190834803001032,4
190834803001033,4
190834803001034,4
190834803001035,4
190834803001036,4
190834803001037,4
190834803001038,4
190834803001039,4
190834803001040,4
190834803001041,4
190834803001042,4
190834803001043,4
190834803001044,4
190834803001045,4
190834803001046,4
190834803001047,4
190834803001048,4
190834803001049,4
190834803001050,4
190834803001051,4
190834803002000,4
190834803002001,4
190834803002002,4
190834803002003,4
190834803002004,4
190834803002005,4
190834803002006,4
190834803002007,4
190834803002008,4
190834803002009,4
190834803002010,4
190834803002011,4
190834803002012,4
190834803002013,4
190834803002014,4
190834803002015,4
190834803002016,4
190834803002017,4
190834803002018,4
190834803002019,4
190834803002020,4
190834803002021,4
190834803002022,4
190834803002023,4
190834803002024,4
190834803002025,4
190834803002026,4
190834803002027,4
190834803002028,4
190834803003000,4
190834803003001,4
190834803003002,4
190834803003003,4
190834803003004,4
190834803003005,4
190834803003006,4
190834803003007,4
190834803003008,4
190834803003009,4
190834803003010,4
190834803003011,4
190834803003012,4
190834803003013,4
190834803003014,4
190834803003015,4
190834803003016,4
190834803004000,4
190834803004001,4
190834803004002,4
190834803004003,4
190834803004004,4
190834803004005,4
190834803004006,4
190834803004007,4
190834803004008,4
190834803004009,4
190834803004010,4
190834803004011,4
190834803004012,4
190834803004013,4
190834803004014,4
190834803004015,4
190834803004016,4
190834803004017,4
190834803004018,4
190834803004019,4
190834803004020,4
190834803004021,4
190834803004022,4
190834803004023,4
190834803004024,4
190834803004025,4
190834803004026,4
190834803004027,4
190834803004028,4
190834803004029,4
190834803004030,4
190834803004031,4
190834803004032,4
190834803004033,4
190834803004034,4
190834804002000,4
190834804002016,4
190834804002017,4
190834804002018,4
190834804002056,4
190834804002057,4
190834804002058,4
190834804002087,4
190834801001069,4
190834801001070,4
190834801001075,4
190834801001076,4
190834801001077,4
190834801001098,4
190834801002068,4
190834801002069,4
190834801002070,4
190834801002071,4
190834801002072,4
190834801002073,4
190834801002074,4
190834801002077,4
190834801002078,4
190834801002079,4
190834801002080,4
190834801002083,4
190834801002084,4
190834801002085,4
190834801002086,4
190834801002087,4
190834801002088,4
190834801002091,4
190834801002092,4
190834801002093,4
190834801002094,4
190834801002095,4
190834801002096,4
190834801002097,4
190834801002098,4
190834801002099,4
190834801002100,4
190834801002101,4
190834801002102,4
190834801002103,4
190834801002104,4
190834801002105,4
190834801002106,4
190834801002107,4
190834801002108,4
190834801002109,4
190834801002110,4
190834801002111,4
190834801002112,4
190834801002113,4
190834801002114,4
190834801002115,4
190834801002116,4
190834801002117,4
190834801002118,4
190834801002119,4
190834801002120,4
190834801002121,4
190834801002122,4
190834801002123,4
190834801002124,4
190834801002125,4
190834801002126,4
190834801002127,4
190834801002128,4
190834801002129,4
190834801002130,4
190834801002131,4
190834801002132,4
190834801002133,4
190834801002134,4
190834801002135,4
190834801002136,4
190834801002140,4
190834801002151,4
190834801002152,4
190834801002153,4
190834801002157,4
190834801002159,4
190834802001076,4
190834802001077,4
190834802002046,4
190834804001157,4
190834806003001,4
190834801001078,4
190834801001079,4
190834801001083,4
190834801001085,4
190834801001086,4
190834801001087,4
190834801001088,4
190834801001094,4
190834801001095,4
190834801001096,4
190834801001099,4
190834801002000,4
190834801002001,4
190834801002002,4
190834801002003,4
190834801002004,4
190834801002005,4
190834801002006,4
190834801002007,4
190834801002008,4
190834801002009,4
190834801002010,4
190834801002011,4
190834801002012,4
190834801002013,4
190834801002014,4
190834801002015,4
190834801002016,4
190834801002017,4
190834801002018,4
190834801002019,4
190834801002020,4
190834801002021,4
190834801002022,4
190834801002023,4
190834801002024,4
190834801002025,4
190834801002026,4
190834801002027,4
190834801002028,4
190834801002029,4
190834801002030,4
190834801002031,4
190834801002032,4
190834801002033,4
190834801002034,4
190834801002035,4
190834801002036,4
190834801002037,4
190834801002038,4
190834801002039,4
190834801002040,4
190834801002041,4
190834801002042,4
190834801002043,4
190834801002044,4
190834801002045,4
190834801002046,4
190834801002047,4
190834801002048,4
190834801002049,4
190834801002050,4
190834801002051,4
190834801002052,4
190834801002053,4
190834801002054,4
190834801002055,4
190834801002056,4
190834801002057,4
190834801002058,4
190834801002059,4
190834801002060,4
190834801002061,4
190834801002062,4
190834801002063,4
190834801002064,4
190834801002065,4
190834801002066,4
190834801002067,4
190834801002081,4
190834801002082,4
190834801002089,4
190834801002090,4
190834801002142,4
190834801002143,4
190834801002144,4
190834801002145,4
190834801002146,4
190834801002147,4
190834801002148,4
190834801002149,4
190834801002154,4
190834801002155,4
190834801002156,4
190834801002158,4
190834806001000,4
190834806001001,4
190834806001002,4
190834806001003,4
190834806001004,4
190834806001005,4
190834806001006,4
190834806001007,4
190834806001008,4
190834806001026,4
190834806003000,4
190834801002137,4
190834801002138,4
190834801002139,4
190834801002141,4
190834801002150,4
190834805001034,4
190834805001035,4
190834805001036,4
190834805001037,4
190834805001038,4
190834805001039,4
190834805001040,4
190834805001041,4
190834805001042,4
190834805001043,4
190834805001044,4
190834805001045,4
190834805001066,4
190834805001067,4
190834805001068,4
190834805001069,4
190834805001070,4
190834805001071,4
190834805001072,4
190834805001073,4
190834805001074,4
190834805001075,4
190834805001076,4
190834805001077,4
190834805001078,4
190834805001079,4
190834805001080,4
190834805001081,4
190834805001082,4
190834805001085,4
190834805001086,4
190834805001087,4
190834805001088,4
190834805001089,4
190834805001090,4
190834805001091,4
190834805001092,4
190834805001093,4
190834805001094,4
190834805001095,4
190834805001096,4
190834805001097,4
190834805001098,4
190834805001102,4
190834805001103,4
190834805001104,4
190834805001105,4
190834805001125,4
190834805001126,4
190834805001127,4
190834805001128,4
190834805001155,4
190834805001158,4
190834806003002,4
190834806003004,4
190834806003005,4
190834806003006,4
190834806003007,4
190834806003008,4
190834806003009,4
190834806003010,4
190834806003011,4
190834802001069,4
190834802001070,4
190834802001078,4
190834803001052,4
190834803001053,4
190834804001057,4
190834804001058,4
190834804001059,4
190834804001060,4
190834804001061,4
190834804001062,4
190834804001063,4
190834804001064,4
190834804001065,4
190834804001066,4
190834804001067,4
190834804001068,4
190834804001071,4
190834804001072,4
190834804001073,4
190834804001074,4
190834804001075,4
190834804001076,4
190834804001077,4
190834804001078,4
190834804001079,4
190834804001080,4
190834804001081,4
190834804001082,4
190834804001083,4
190834804001084,4
190834804001085,4
190834804001136,4
190834804001137,4
190834804001138,4
190834804001139,4
190834804001140,4
190834804001141,4
190834804001142,4
190834804001143,4
190834804001144,4
190834804001145,4
190834804001146,4
190834804001147,4
190834804001148,4
190834804001149,4
190834804001150,4
190834804001151,4
190834804001152,4
190834804001153,4
190834804001154,4
190834804001155,4
190834804001156,4
190834804001158,4
190834804001159,4
190834804001160,4
190834804001161,4
190834804001175,4
190834804001176,4
190834804001177,4
190834804001178,4
190834804001219,4
190834804001220,4
190834804001221,4
190834804001222,4
190834804001223,4
190834804001224,4
190834804001235,4
190834804001236,4
190834804001000,4
190834804001001,4
190834804001002,4
190834804001003,4
190834804001004,4
190834804001005,4
190834804001006,4
190834804001007,4
190834804001008,4
190834804001009,4
190834804001010,4
190834804001011,4
190834804001012,4
190834804001013,4
190834804001014,4
190834804001015,4
190834804001016,4
190834804001017,4
190834804001018,4
190834804001019,4
190834804001020,4
190834804001021,4
190834804001022,4
190834804001023,4
190834804001024,4
190834804001025,4
190834804001026,4
190834804001027,4
190834804001028,4
190834804001029,4
190834804001030,4
190834804001031,4
190834804001032,4
190834804001033,4
190834804001034,4
190834804001035,4
190834804001036,4
190834804001037,4
190834804001038,4
190834804001039,4
190834804001040,4
190834804001041,4
190834804001042,4
190834804001043,4
190834804001044,4
190834804001045,4
190834804001046,4
190834804001047,4
190834804001048,4
190834804001049,4
190834804001095,4
190834804002001,4
190834804002002,4
190834804002003,4
190834804002004,4
190834804002005,4
190834804002006,4
190834804002007,4
190834804002008,4
190834804002009,4
190834804002010,4
190834804002011,4
190834804002012,4
190834804002013,4
190834804002014,4
190834804002015,4
190834804002019,4
190834804002020,4
190834804002021,4
190834804002022,4
190834804002023,4
190834804002024,4
190834804002025,4
190834804002026,4
190834804002027,4
190834804002028,4
190834804002029,4
190834804002030,4
190834804002031,4
190834804002032,4
190834804002033,4
190834804002034,4
190834804002035,4
190834804002036,4
190834804002037,4
190834804002038,4
190834804002039,4
190834804002040,4
190834804002041,4
190834804002042,4
190834804002043,4
190834804002044,4
190834804002045,4
190834804002046,4
190834804002047,4
190834804002048,4
190834804002049,4
190834804002050,4
190834804002051,4
190834804002052,4
190834804002053,4
190834804002054,4
190834804002055,4
190834804002059,4
190834804002060,4
190834804002061,4
190834804002062,4
190834804002063,4
190834804002064,4
190834804002065,4
190834804002066,4
190834804002067,4
190834804002068,4
190834804002069,4
190834804002070,4
190834804002071,4
190834804002072,4
190834804002073,4
190834804002074,4
190834804002075,4
190834804002076,4
190834804002077,4
190834804002078,4
190834804002079,4
190834804002080,4
190834804002081,4
190834804002082,4
190834804002083,4
190834804002084,4
190834804002085,4
190834804002086,4
190834804002088,4
190834804002089,4
190834804002090,4
190834804002091,4
190834804002092,4
190834804002093,4
190834804002094,4
190834804002095,4
190834804002096,4
190834804002097,4
190834804001050,4
190834804001051,4
190834804001052,4
190834804001053,4
190834804001054,4
190834804001055,4
190834804001056,4
190834804001069,4
190834804001070,4
190834804001086,4
190834804001087,4
190834804001088,4
190834804001089,4
190834804001090,4
190834804001091,4
190834804001092,4
190834804001093,4
190834804001094,4
190834804001096,4
190834804001097,4
190834804001098,4
190834804001099,4
190834804001100,4
190834804001101,4
190834804001102,4
190834804001103,4
190834804001104,4
190834804001105,4
190834804001106,4
190834804001107,4
190834804001108,4
190834804001109,4
190834804001110,4
190834804001111,4
190834804001112,4
190834804001113,4
190834804001114,4
190834804001115,4
190834804001116,4
190834804001117,4
190834804001118,4
190834804001119,4
190834804001120,4
190834804001121,4
190834804001124,4
190834804001125,4
190834804001126,4
190834804001127,4
190834804001128,4
190834804001129,4
190834804001130,4
190834804001131,4
190834804001132,4
190834804001133,4
190834804001134,4
190834804001135,4
190834804001162,4
190834804001163,4
190834804001164,4
190834804001165,4
190834804001166,4
190834804001167,4
190834804001168,4
190834804001169,4
190834804001170,4
190834804001171,4
190834804001172,4
190834804001173,4
190834804001174,4
190834804001185,4
190834804001186,4
190834804001187,4
190834804001188,4
190834804001189,4
190834804001190,4
190834804001234,4
190834804001237,4
190834804001238,4
190834804001122,4
190834804001123,4
190834804001179,4
190834804001180,4
190834804001181,4
190834804001182,4
190834804001183,4
190834804001184,4
190834804001191,4
190834804001192,4
190834804001193,4
190834804001194,4
190834804001195,4
190834804001196,4
190834804001197,4
190834804001198,4
190834804001199,4
190834804001200,4
190834804001201,4
190834804001202,4
190834804001203,4
190834804001204,4
190834804001205,4
190834804001206,4
190834804001207,4
190834804001208,4
190834804001209,4
190834804001210,4
190834804001211,4
190834804001212,4
190834804001213,4
190834804001214,4
190834804001215,4
190834804001216,4
190834804001217,4
190834804001218,4
190834804001229,4
190834804001230,4
190834804001231,4
190834804001232,4
190834804001233,4
190834804003000,4
190834804003001,4
190834804003002,4
190834804003003,4
190834804003004,4
190834804003005,4
190834804003006,4
190834804003007,4
190834804003008,4
190834804003009,4
190834804003010,4
190834804003011,4
190834804003012,4
190834804003013,4
190834804003014,4
190834804003015,4
190834804003016,4
190834804003017,4
190834804003018,4
190834804003019,4
190834804003020,4
190834804003021,4
190834804003022,4
190834804003023,4
190834804003024,4
190834804003025,4
190834804003026,4
190834804003027,4
190834804003028,4
190834804003029,4
190834804003030,4
190834804003031,4
190834804003032,4
190834804003033,4
190834804003040,4
190834804003041,4
190834804003046,4
190834804001225,4
190834804001226,4
190834804001227,4
190834804001228,4
190834805001046,4
190834805001047,4
190834805001048,4
190834805001049,4
190834805001050,4
190834805001051,4
190834805001052,4
190834805001053,4
190834805001054,4
190834805001055,4
190834805001056,4
190834805001057,4
190834805001058,4
190834805001059,4
190834805001060,4
190834805001061,4
190834805001062,4
190834805001063,4
190834805001064,4
190834805001065,4
190834805001099,4
190834805001100,4
190834805001101,4
190834805001106,4
190834805001107,4
190834805001108,4
190834805001109,4
190834805001110,4
190834805001111,4
190834805001112,4
190834805001113,4
190834805001114,4
190834805001115,4
190834805001116,4
190834805001117,4
190834805001118,4
190834805001119,4
190834805001120,4
190834805001121,4
190834805001122,4
190834805001123,4
190834805001124,4
190834805001146,4
190834805003000,4
190834805003001,4
190834805003002,4
190834805003003,4
190834805003004,4
190834805003005,4
190834805003013,4
190834805003044,4
190834805003048,4
190834805003049,4
190834805003050,4
190834804003034,4
190834804003035,4
190834804003036,4
190834804003037,4
190834804003038,4
190834804003039,4
190834804003042,4
190834804003043,4
190834804003044,4
190834804003045,4
190834804003047,4
190834804003048,4
190834804003049,4
190834804003050,4
190834804003051,4
190834804003052,4
190834804003053,4
190834804003054,4
190834804003055,4
190834804003056,4
190834804003057,4
190834804003058,4
190834804003059,4
190834804003060,4
190834804003061,4
190834804003062,4
190834804003063,4
190834804003064,4
190834804003065,4
190834804003066,4
190834804003067,4
190834804003068,4
190834804003069,4
190834804003070,4
190834804003071,4
190834804003072,4
190834804003073,4
190834804003074,4
190834804003075,4
190834804003076,4
190834804003077,4
190834804003078,4
190834804003079,4
190834804003080,4
190834804003081,4
190834804003082,4
190834804003083,4
190834804003084,4
190834804003085,4
190834804003086,4
190834804003087,4
190834804003088,4
190834804003089,4
190834804003090,4
190834804003091,4
190834804003092,4
190834804003093,4
190834804003094,4
190834804003095,4
190834804003096,4
190834804003097,4
190834804003098,4
190834804003099,4
190834804003100,4
190834805001000,4
190834805001001,4
190834805001002,4
190834805001003,4
190834805001004,4
190834805001005,4
190834805001006,4
190834805001007,4
190834805001008,4
190834805001009,4
190834805001010,4
190834805001011,4
190834805001012,4
190834805001013,4
190834805001014,4
190834805001015,4
190834805001016,4
190834805001017,4
190834805001018,4
190834805001023,4
190834805001024,4
190834805001025,4
190834805001026,4
190834805001027,4
190834805001028,4
190834805001029,4
190834805001030,4
190834805001031,4
190834805001032,4
190834805001033,4
190834805001083,4
190834805001084,4
190834805001150,4
190834805001151,4
190834805001152,4
190834805001156,4
190834805001157,4
190834806001009,4
190834806001010,4
190834806001011,4
190834806001012,4
190834806001013,4
190834806001014,4
190834806001015,4
190834806001016,4
190834806001017,4
190834806001018,4
190834806001019,4
190834806001020,4
190834806001021,4
190834806001022,4
190834806001023,4
190834806001024,4
190834806001025,4
190834806001027,4
190834806001069,4
190834806001070,4
190834806001071,4
190834806001072,4
190834806001073,4
190834806002000,4
190834806002001,4
190834806002002,4
190834806002003,4
190834806002004,4
190834806002005,4
190834806002037,4
190834806002038,4
190834806002039,4
190834806002054,4
190834806002055,4
190834806002056,4
190834806002057,4
190834806002058,4
190834806003003,4
190834805001019,4
190834805001020,4
190834805001021,4
190834805001022,4
190834805001129,4
190834805001130,4
190834805001131,4
190834805001132,4
190834805001134,4
190834805001135,4
190834805001136,4
190834805001137,4
190834805001138,4
190834805001139,4
190834805001140,4
190834805001141,4
190834805001142,4
190834805001143,4
190834805001144,4
190834805001145,4
190834805001147,4
190834805001148,4
190834805001149,4
190834805001153,4
190834805001154,4
190834805004000,4
190834805004001,4
190834805004002,4
190834805004003,4
190834805004004,4
190834805004005,4
190834805004006,4
190834805004007,4
190834805004008,4
190834805004009,4
190834805004010,4
190834805004011,4
190834805004012,4
190834805004013,4
190834805004014,4
190834805004015,4
190834805004016,4
190834805004017,4
190834805004018,4
190834805004019,4
190834805004020,4
190834805004021,4
190834805004022,4
190834805004023,4
190834805004024,4
190834805004025,4
190834805004026,4
190834805004027,4
190834805004028,4
190834805004029,4
190834805004030,4
190834805004031,4
190834805004032,4
190834805004033,4
190834805004034,4
190834805004035,4
190834805004036,4
190834805004037,4
190834805004038,4
190834805004039,4
190834805004040,4
190834805004041,4
190834805004042,4
190834805004043,4
190834805004044,4
190834805004045,4
190834805004046,4
190834805004047,4
190834805004048,4
190834805004049,4
190834805004050,4
190834805004051,4
190834805004052,4
190834805004053,4
190834805004054,4
190834805004055,4
190834805004056,4
190834805004057,4
190834805004058,4
190834805004059,4
190834805004060,4
190834805004061,4
190834805004062,4
190834805004063,4
190834805004069,4
190834805004070,4
190834805004081,4
190834805004082,4
190834805004083,4
190834805004084,4
190834805004085,4
190834805004086,4
190834805004087,4
190834805004088,4
190834805004089,4
190834805004090,4
190834805004091,4
190834805004092,4
190834805004093,4
190834805004094,4
190834805004095,4
190834805004096,4
190834805004097,4
190834805004098,4
190834805004099,4
190834805004100,4
190834805004101,4
190834805004102,4
190834805004103,4
190834805004104,4
190834805004105,4
190834805001133,4
190834805002000,4
190834805002001,4
190834805002002,4
190834805002003,4
190834805002004,4
190834805002016,4
190834805002017,4
190834805002019,4
190834805002020,4
190834805002021,4
190834805002022,4
190834805002023,4
190834805002024,4
190834805002025,4
190834805002026,4
190834805002027,4
190834805002028,4
190834805002029,4
190834805002030,4
190834805002031,4
190834805002032,4
190834805002033,4
190834805002034,4
190834805002035,4
190834805002036,4
190834805002037,4
190834805002038,4
190834805002039,4
190834805002040,4
190834805002041,4
190834805002042,4
190834805002043,4
190834805002073,4
190834805002074,4
190834805002075,4
190834805002076,4
190834805002077,4
190834805002078,4
190834805002079,4
190834805002080,4
190834805002081,4
190834805002082,4
190834805002083,4
190834805002084,4
190834805002085,4
190834805002086,4
190834805002087,4
190834805002088,4
190834805002089,4
190834805002090,4
190834805002091,4
190834805002092,4
190834805002093,4
190834805002094,4
190834805002095,4
190834805002096,4
190834805002097,4
190834805002098,4
190834805002099,4
190834805002100,4
190834805002101,4
190834805002102,4
190834805002103,4
190834805002104,4
190834805002105,4
190834805002106,4
190834805002120,4
190834805002126,4
190834805002127,4
190834805002005,4
190834805002006,4
190834805002007,4
190834805002008,4
190834805002009,4
190834805002010,4
190834805002011,4
190834805002012,4
190834805002013,4
190834805002014,4
190834805002015,4
190834805002018,4
190834805002044,4
190834805002045,4
190834805002046,4
190834805002047,4
190834805002048,4
190834805002049,4
190834805002050,4
190834805002051,4
190834805002052,4
190834805002053,4
190834805002054,4
190834805002055,4
190834805002056,4
190834805002057,4
190834805002058,4
190834805002059,4
190834805002060,4
190834805002061,4
190834805002062,4
190834805002063,4
190834805002064,4
190834805002065,4
190834805002066,4
190834805002067,4
190834805002068,4
190834805002069,4
190834805002070,4
190834805002071,4
190834805002072,4
190834805002107,4
190834805002108,4
190834805002109,4
190834805002110,4
190834805002111,4
190834805002112,4
190834805002113,4
190834805002114,4
190834805002115,4
190834805002116,4
190834805002117,4
190834805002118,4
190834805002119,4
190834805002121,4
190834805002122,4
190834805002123,4
190834805002124,4
190834805002125,4
190834805003006,4
190834805003007,4
190834805003008,4
190834805003009,4
190834805003010,4
190834805003011,4
190834805003012,4
190834805003014,4
190834805003015,4
190834805003016,4
190834805003017,4
190834805003018,4
190834805003019,4
190834805003020,4
190834805003021,4
190834805003022,4
190834805003023,4
190834805003024,4
190834805003025,4
190834805003026,4
190834805003027,4
190834805003028,4
190834805003029,4
190834805003030,4
190834805003031,4
190834805003032,4
190834805003033,4
190834805003034,4
190834805003035,4
190834805003036,4
190834805003037,4
190834805003038,4
190834805003039,4
190834805003040,4
190834805003041,4
190834805003042,4
190834805003043,4
190834805003045,4
190834805003046,4
190834805003047,4
190834805003051,4
190834805003052,4
190834805004064,4
190834805004065,4
190834805004066,4
190834805004067,4
190834805004068,4
190834805004071,4
190834805004072,4
190834805004073,4
190834805004074,4
190834805004075,4
190834805004076,4
190834805004077,4
190834805004078,4
190834805004079,4
190834805004080,4
190834806001028,4
190834806001029,4
190834806001030,4
190834806001031,4
190834806001032,4
190834806001033,4
190834806001034,4
190834806001035,4
190834806001036,4
190834806001037,4
190834806001038,4
190834806001039,4
190834806001040,4
190834806001041,4
190834806001042,4
190834806001043,4
190834806001044,4
190834806001045,4
190834806001046,4
190834806001047,4
190834806001048,4
190834806001049,4
190834806001050,4
190834806001051,4
190834806001052,4
190834806001053,4
190834806001054,4
190834806001055,4
190834806001056,4
190834806001057,4
190834806001058,4
190834806001059,4
190834806001060,4
190834806001061,4
190834806001062,4
190834806001063,4
190834806001064,4
190834806001065,4
190834806001066,4
190834806001067,4
190834806001068,4
190834806002006,4
190834806002007,4
190834806002008,4
190834806002009,4
190834806002010,4
190834806002011,4
190834806002012,4
190834806002013,4
190834806002014,4
190834806002015,4
190834806002016,4
190834806002017,4
190834806002018,4
190834806002019,4
190834806002020,4
190834806002021,4
190834806002022,4
190834806002023,4
190834806002024,4
190834806002025,4
190834806002026,4
190834806002027,4
190834806002028,4
190834806002029,4
190834806002030,4
190834806002031,4
190834806002032,4
190834806002033,4
190834806002034,4
190834806002035,4
190834806002036,4
190834806002040,4
190834806002041,4
190834806002042,4
190834806002043,4
190834806002044,4
190834806002045,4
190834806002046,4
190834806002047,4
190834806002048,4
190834806002049,4
190834806002050,4
190834806002051,4
190834806002052,4
190834806002053,4
190834806003012,4
190834806003013,4
190834806003014,4
190834806003015,4
190834806003016,4
190834806003017,4
190834806003018,4
190834806003019,4
190834806003020,4
190834806003021,4
190834806003022,4
190834806003023,4
190834806003024,4
190834806003025,4
190834806003026,4
190834806003027,4
190834806003028,4
190834806003029,4
190834806003030,4
190834806003031,4
190834806003032,4
190834806003033,4
190834806003034,4
190834806003035,4
190834806003036,4
190834806003037,4
190834806003038,4
190834806003039,4
190834806003040,4
190834806003041,4
190834806003042,4
190834806003043,4
190834806003044,4
190834806003045,4
190834806003046,4
190834806003047,4
190834806003048,4
190834806003049,4
190834806003050,4
190834806003051,4
190834806003052,4
190834806003053,4
190834806003054,4
190834806003055,4
190834806003056,4
190834806003057,4
190834806003058,4
190834806003059,4
190852901001000,4
190852901001001,4
190852901001002,4
190852901001077,4
190852901001162,4
190852901002013,4
190852901002014,4
190852901002015,4
190852901002110,4
190852901002111,4
190852901002112,4
190852901002113,4
190852901002114,4
190852901002115,4
190852901002116,4
190852901002117,4
190852901002118,4
190852901002119,4
190852901002120,4
190852901002121,4
190852901002122,4
190852901002123,4
190852901002124,4
190852901002125,4
190852901002126,4
190852901002127,4
190852901002128,4
190852901002130,4
190852901002131,4
190852901002132,4
190852901002133,4
190852901002134,4
190852901002135,4
190852901002136,4
190852901002137,4
190852901002138,4
190852901002139,4
190852901002140,4
190852901002141,4
190852901002142,4
190852901002143,4
190852901002147,4
190852901002148,4
190852901002149,4
190852901002153,4
190852901002157,4
190852901002162,4
190852901002163,4
190852901002164,4
190852901002169,4
190852901002170,4
190852901002171,4
190852901002172,4
190852901002179,4
190852901002180,4
190852901002217,4
190852901002218,4
190852902002073,4
190852902002125,4
190852901001003,4
190852901001004,4
190852901001005,4
190852901001006,4
190852901001007,4
190852901001008,4
190852901001009,4
190852901001054,4
190852901001055,4
190852901001056,4
190852901001057,4
190852901001058,4
190852901001059,4
190852901001060,4
190852901001061,4
190852901001062,4
190852901001063,4
190852901001064,4
190852901001065,4
190852901001066,4
190852901001067,4
190852901001068,4
190852901001069,4
190852901001070,4
190852901001071,4
190852901001072,4
190852901001073,4
190852901001074,4
190852901001075,4
190852901001076,4
190852901001078,4
190852901001079,4
190852901001080,4
190852901001081,4
190852901001082,4
190852901001083,4
190852901001084,4
190852901001085,4
190852901001086,4
190852901001087,4
190852901001088,4
190852901001089,4
190852901001090,4
190852901001091,4
190852901001092,4
190852901001093,4
190852901001094,4
190852901001095,4
190852901001096,4
190852901001101,4
190852901002129,4
190852901002181,4
190852901002182,4
190852901002183,4
190852901002184,4
190852901002185,4
190852901002186,4
190852901002190,4
190852901002191,4
190852901002192,4
190852901002193,4
190852901002195,4
190852901002196,4
190852901002198,4
190852901002199,4
190852901002203,4
190852901002204,4
190852901002209,4
190852901002215,4
190852901001010,4
190852901001011,4
190852901001012,4
190852901001013,4
190852901001014,4
190852901001015,4
190852901001016,4
190852901001017,4
190852901001018,4
190852901001019,4
190852901001020,4
190852901001021,4
190852901001022,4
190852901001023,4
190852901001024,4
190852901001025,4
190852901001026,4
190852901001027,4
190852901001028,4
190852901001029,4
190852901001030,4
190852901001031,4
190852901001032,4
190852901001033,4
190852901001034,4
190852901001035,4
190852901001036,4
190852901001037,4
190852901001038,4
190852901001039,4
190852901001040,4
190852901001041,4
190852901001042,4
190852901001043,4
190852901001044,4
190852901001045,4
190852901001046,4
190852901001047,4
190852901001048,4
190852901001049,4
190852901001050,4
190852901001051,4
190852901001052,4
190852901001053,4
190852901001097,4
190852901001098,4
190852901001099,4
190852901001100,4
190852901001102,4
190852901001103,4
190852901001104,4
190852901001105,4
190852901001106,4
190852901001107,4
190852901001108,4
190852901001109,4
190852901001110,4
190852901001111,4
190852901001112,4
190852901001113,4
190852901001114,4
190852901001115,4
190852901001116,4
190852901001117,4
190852901001118,4
190852901001119,4
190852901001120,4
190852901001121,4
190852901001122,4
190852901001123,4
190852901001124,4
190852901001125,4
190852901001126,4
190852901001127,4
190852901001128,4
190852901001129,4
190852901001130,4
190852901001131,4
190852901001132,4
190852901001133,4
190852901001134,4
190852901001135,4
190852901001136,4
190852901001137,4
190852901001138,4
190852901001139,4
190852901001140,4
190852901001141,4
190852901001142,4
190852901001143,4
190852901001144,4
190852901001145,4
190852901001146,4
190852901001147,4
190852901001148,4
190852901001149,4
190852901001150,4
190852901001151,4
190852901001152,4
190852901001153,4
190852901001154,4
190852901001155,4
190852901001156,4
190852901001157,4
190852901001158,4
190852901001159,4
190852901001160,4
190852901001161,4
190852901001163,4
190852901001164,4
190852901001165,4
190852901001166,4
190852901001167,4
190852901001168,4
190852901001169,4
190852901001170,4
190852901001173,4
190852901001174,4
190852901001175,4
190852901001176,4
190852901001177,4
190852901001178,4
190852901001179,4
190852901001182,4
190852901002187,4
190852901002188,4
190852901002189,4
190852901001171,4
190852901001172,4
190852901001180,4
190852901001181,4
190852901001183,4
190852901001184,4
190852901001185,4
190852901001186,4
190852901002213,4
190852901002214,4
190852902001019,4
190852902001020,4
190852902001021,4
190852902001022,4
190852902001023,4
190852902001024,4
190852902001025,4
190852902001026,4
190852902001027,4
190852902001028,4
190852902001029,4
190852902001030,4
190852902001031,4
190852902001032,4
190852902001033,4
190852902001039,4
190852902001040,4
190852902001093,4
190852902001094,4
190852902001095,4
190852902001096,4
190852902001097,4
190852902001098,4
190852902001099,4
190852902001100,4
190852902001101,4
190852902001102,4
190852902001103,4
190852902001104,4
190852902001105,4
190852902001106,4
190852902001107,4
190852902001108,4
190852902001109,4
190852902001110,4
190852902001111,4
190852902001112,4
190852902001113,4
190852902001114,4
190852902001115,4
190852902001116,4
190852902001117,4
190852902001118,4
190852902001122,4
190852902001123,4
190852902001125,4
190852902001126,4
190852902001127,4
190852902001128,4
190852902001129,4
190852902001130,4
190852903001133,4
190852903001134,4
190852903001135,4
190852901002000,4
190852901002001,4
190852901002002,4
190852901002003,4
190852901002004,4
190852901002005,4
190852901002006,4
190852901002030,4
190852901002031,4
190852901002032,4
190852901002033,4
190852901002034,4
190852901002055,4
190852901002056,4
190852901002057,4
190852901002058,4
190852901002059,4
190852901002061,4
190852901002062,4
190852901002063,4
190852901002064,4
190852901002065,4
190852901002066,4
190852901002067,4
190852901002068,4
190852901002069,4
190852901002070,4
190852901002071,4
190852901002072,4
190852901002073,4
190852901002074,4
190852901002075,4
190852901002076,4
190852901002079,4
190852901002080,4
190852901002081,4
190852901002082,4
190852901002083,4
190852901002084,4
190852901002085,4
190852901002086,4
190852901002087,4
190852901002088,4
190852901002089,4
190852901002090,4
190852901002101,4
190852901002102,4
190852901002103,4
190852901002216,4
190852901003000,4
190852901003001,4
190852901003002,4
190852901003052,4
190852901003053,4
190852901003054,4
190852902002000,4
190852902002001,4
190852902002002,4
190852902002003,4
190852902002009,4
190852901002007,4
190852901002008,4
190852901002009,4
190852901002010,4
190852901002011,4
190852901002012,4
190852901002016,4
190852901002017,4
190852901002018,4
190852901002019,4
190852901002020,4
190852901002021,4
190852901002022,4
190852901002023,4
190852901002024,4
190852901002025,4
190852901002026,4
190852901002027,4
190852901002028,4
190852901002029,4
190852901002077,4
190852901002078,4
190852901002100,4
190852901002105,4
190852901002106,4
190852901002107,4
190852901002108,4
190852901002109,4
190852901002150,4
190852901002151,4
190852901002152,4
190852901002154,4
190852901002155,4
190852901002156,4
190852901002158,4
190852901002159,4
190852901002160,4
190852901002161,4
190852901002221,4
190852902002061,4
190852902002062,4
190852902002063,4
190852902003000,4
190852901002035,4
190852901002036,4
190852901002037,4
190852901002038,4
190852901002039,4
190852901002040,4
190852901002041,4
190852901002042,4
190852901002043,4
190852901002044,4
190852901002045,4
190852901002046,4
190852901002047,4
190852901002048,4
190852901002049,4
190852901002050,4
190852901002051,4
190852901002052,4
190852901002053,4
190852901002054,4
190852901002060,4
190852901002104,4
190852901002219,4
190852901003003,4
190852901003004,4
190852901003005,4
190852901003006,4
190852901003007,4
190852901003008,4
190852901003009,4
190852901003010,4
190852901003011,4
190852901003012,4
190852901003013,4
190852901003014,4
190852901003015,4
190852901003016,4
190852901003017,4
190852901003018,4
190852901003019,4
190852901003020,4
190852901003021,4
190852901003022,4
190852901003023,4
190852901003024,4
190852901003025,4
190852901003026,4
190852901003027,4
190852901003028,4
190852901003029,4
190852901003030,4
190852901003031,4
190852901003032,4
190852901003033,4
190852901003034,4
190852901003035,4
190852901003036,4
190852901003037,4
190852901003038,4
190852901003039,4
190852901003040,4
190852901003041,4
190852901003042,4
190852901003043,4
190852901003044,4
190852901003045,4
190852901003046,4
190852901003047,4
190852901003048,4
190852901003049,4
190852901003050,4
190852901003051,4
190852901002091,4
190852901002092,4
190852901002093,4
190852901002096,4
190852902002004,4
190852902002005,4
190852902002006,4
190852902002007,4
190852902002008,4
190852902002010,4
190852902002011,4
190852902002012,4
190852902002013,4
190852902002014,4
190852902002015,4
190852902002016,4
190852902002017,4
190852902002018,4
190852902002019,4
190852902002020,4
190852902002021,4
190852902002022,4
190852902002023,4
190852902002025,4
190852902002026,4
190852902002027,4
190852902002028,4
190852902002029,4
190852902002030,4
190852902002031,4
190852902002032,4
190852902002033,4
190852902002034,4
190852902002035,4
190852902002036,4
190852902002037,4
190852902002038,4
190852902002039,4
190852902002040,4
190852902002041,4
190852902002042,4
190852902002043,4
190852902002044,4
190852902002045,4
190852902002046,4
190852902002047,4
190852902002048,4
190852902002049,4
190852902002050,4
190852902002051,4
190852902002052,4
190852902002140,4
190852902002141,4
190852901002094,4
190852901002095,4
190852901002097,4
190852901002098,4
190852901002099,4
190852901002167,4
190852901002168,4
190852901002220,4
190852902002024,4
190852902002053,4
190852902002054,4
190852902002055,4
190852902002056,4
190852902002057,4
190852902002058,4
190852902002059,4
190852902002060,4
190852902002064,4
190852902002065,4
190852902002066,4
190852902002067,4
190852902002082,4
190852902002083,4
190852902002084,4
190852902002085,4
190852902002086,4
190852902002087,4
190852902002088,4
190852902002089,4
190852902002090,4
190852902002091,4
190852902002092,4
190852902002112,4
190852902002113,4
190852902002114,4
190852902002115,4
190852902002116,4
190852902002121,4
190852902002122,4
190852902002126,4
190852902002130,4
190852902002131,4
190852902002132,4
190852902002137,4
190852902002138,4
190852902002139,4
190852902002142,4
190852902003001,4
190852902003002,4
190852902003003,4
190852902003004,4
190852902003005,4
190852902003006,4
190852902003007,4
190852902003008,4
190852902003009,4
190852902003010,4
190852902003011,4
190852902003012,4
190852902003013,4
190852902003014,4
190852902003015,4
190852902003016,4
190852902003017,4
190852902003018,4
190852902003019,4
190852902003020,4
190852902003021,4
190852902003022,4
190852902003023,4
190852902003024,4
190852902003025,4
190852902003026,4
190852902003027,4
190852902003028,4
190852902003029,4
190852902003030,4
190852902003031,4
190852902003032,4
190852902003033,4
190852902003034,4
190852902003035,4
190852902003036,4
190852902003037,4
190852902003038,4
190852902003039,4
190852902003040,4
190852902003041,4
190852902003042,4
190852902003043,4
190852902003044,4
190852902003045,4
190852902003046,4
190852902003047,4
190852902003048,4
190852902003049,4
190852902003050,4
190852902003051,4
190852902003052,4
190852902003053,4
190852902003054,4
190852902003055,4
190852902003056,4
190852902003057,4
190852902003058,4
190852902003059,4
190852902003060,4
190852902003061,4
190852902003062,4
190852902003063,4
190852902003064,4
190852902003065,4
190852902003066,4
190852902003067,4
190852902003068,4
190852902003069,4
190852902003070,4
190852902003071,4
190852902003072,4
190852902003073,4
190852902003074,4
190852902003075,4
190852902003076,4
190852902003077,4
190852902003078,4
190852902003079,4
190852902003080,4
190852902003081,4
190852901002144,4
190852901002145,4
190852901002146,4
190852901002165,4
190852901002166,4
190852901002173,4
190852901002174,4
190852901002175,4
190852901002176,4
190852901002177,4
190852901002178,4
190852901002210,4
190852901002211,4
190852901002212,4
190852902001000,4
190852902001001,4
190852902001002,4
190852902001003,4
190852902001011,4
190852902001012,4
190852902001013,4
190852902001054,4
190852902001055,4
190852902001056,4
190852902001057,4
190852902001065,4
190852902001066,4
190852902001067,4
190852902001068,4
190852902001069,4
190852902001070,4
190852902001071,4
190852902001072,4
190852902001073,4
190852902001074,4
190852902001075,4
190852902001076,4
190852902001077,4
190852902001078,4
190852902001079,4
190852902001080,4
190852902001081,4
190852902001082,4
190852902001083,4
190852902001084,4
190852902001085,4
190852902001087,4
190852902002068,4
190852902002069,4
190852902002070,4
190852902002071,4
190852902002072,4
190852902002074,4
190852902002075,4
190852902002076,4
190852902002077,4
190852902002078,4
190852902002079,4
190852902002080,4
190852902002081,4
190852902002093,4
190852902002094,4
190852902002095,4
190852902002096,4
190852902002097,4
190852902002098,4
190852902002099,4
190852902002100,4
190852902002101,4
190852902002102,4
190852902002103,4
190852902002104,4
190852902002105,4
190852902002106,4
190852902002107,4
190852902002108,4
190852902002109,4
190852902002110,4
190852902002111,4
190852902002117,4
190852902002118,4
190852902002119,4
190852902002120,4
190852902002143,4
190852902002144,4
190852902002145,4
190852902002146,4
190852902002147,4
190852902002148,4
190852903001090,4
190852903001091,4
190852903001092,4
190852903001093,4
190852903001100,4
190852903001101,4
190852903002002,4
190852903002003,4
190852903003000,4
190852903003001,4
190852901002194,4
190852901002197,4
190852901002200,4
190852901002201,4
190852901002202,4
190852901002205,4
190852901002206,4
190852901002207,4
190852901002208,4
190852902001004,4
190852902001005,4
190852902001006,4
190852902001007,4
190852902001008,4
190852902001009,4
190852902001010,4
190852902001014,4
190852902001015,4
190852902001016,4
190852902001017,4
190852902001018,4
190852902001034,4
190852902001035,4
190852902001036,4
190852902001037,4
190852902001038,4
190852902001041,4
190852902001042,4
190852902001043,4
190852902001044,4
190852902001045,4
190852902001046,4
190852902001047,4
190852902001048,4
190852902001049,4
190852902001050,4
190852902001051,4
190852902001052,4
190852902001053,4
190852902001058,4
190852902001060,4
190852902001061,4
190852902001091,4
190852902001092,4
190852902001134,4
190852902001059,4
190852902001062,4
190852902001063,4
190852902001064,4
190852902001086,4
190852902001089,4
190852902001133,4
190852903001105,4
190852903001107,4
190852903001108,4
190852903001109,4
190852903001110,4
190852903001111,4
190852903001112,4
190852903001113,4
190852903001114,4
190852903001115,4
190852903001116,4
190852903001117,4
190852903001118,4
190852903001119,4
190852903001120,4
190852903001122,4
190852903001123,4
190852903001152,4
190852903001153,4
190852903001157,4
190852903001158,4
190852903001161,4
190852903001162,4
190852903001163,4
190852903001164,4
190852903001166,4
190852903001167,4
190852903001168,4
190852903001169,4
190852903001170,4
190852903001171,4
190852903001172,4
190852903001173,4
190852903001174,4
190852903001175,4
190852903001176,4
190852903001177,4
190852903001178,4
190852903001196,4
190852903001197,4
190852903001203,4
190852903001204,4
190852903001205,4
190852903001212,4
190852903001223,4
190852903001224,4
190852903001225,4
190852903001226,4
190852903001232,4
190852903001233,4
190852905001055,4
190852905001056,4
190852905001057,4
190852902001088,4
190852902001090,4
190852903001094,4
190852903001095,4
190852903001096,4
190852903001097,4
190852903001098,4
190852903001099,4
190852903001102,4
190852903001103,4
190852903001104,4
190852903001106,4
190852903001179,4
190852903001180,4
190852903001181,4
190852903001182,4
190852903001183,4
190852903001184,4
190852903001185,4
190852903001186,4
190852903001187,4
190852903001188,4
190852903001189,4
190852903001190,4
190852903001191,4
190852903001192,4
190852903001193,4
190852903001194,4
190852903001195,4
190852903001198,4
190852903001199,4
190852903001200,4
190852903001201,4
190852903001202,4
190852903001227,4
190852905001005,4
190852905001024,4
190852902001119,4
190852902001120,4
190852902001121,4
190852902001124,4
190852902001131,4
190852902001132,4
190852903001121,4
190852903001124,4
190852903001125,4
190852903001126,4
190852903001127,4
190852903001128,4
190852903001129,4
190852903001130,4
190852903001131,4
190852903001132,4
190852903001136,4
190852903001139,4
190852903001140,4
190852903001141,4
190852903001142,4
190852903001143,4
190852903001144,4
190852903001145,4
190852903001146,4
190852903001147,4
190852903001148,4
190852903001149,4
190852903001150,4
190852903001151,4
190852903001165,4
190852902002123,4
190852902002124,4
190852902002127,4
190852902002128,4
190852902002129,4
190852902002133,4
190852902002134,4
190852902002135,4
190852902002136,4
190852903001011,4
190852903001012,4
190852903001013,4
190852903001014,4
190852903001015,4
190852903001016,4
190852903001017,4
190852903001018,4
190852903001019,4
190852903001020,4
190852903001021,4
190852903001022,4
190852903001023,4
190852903001024,4
190852903001025,4
190852903001026,4
190852903001027,4
190852903001028,4
190852903001029,4
190852903001030,4
190852903001031,4
190852903001032,4
190852903001071,4
190852903001072,4
190852903001073,4
190852903001074,4
190852903001075,4
190852903001076,4
190852903001077,4
190852903001078,4
190852903001079,4
190852903001080,4
190852903001081,4
190852903001082,4
190852903001083,4
190852903001084,4
190852903001085,4
190852903001086,4
190852903001087,4
190852903001088,4
190852903001089,4
190852903001228,4
190852903001235,4
190852903001236,4
190852903001237,4
190852903001238,4
190852903001239,4
190852903001240,4
190852903001241,4
190852903002000,4
190852903002001,4
190852903002004,4
190852903002005,4
190852903002006,4
190852903002007,4
190852903002008,4
190852903002009,4
190852903002010,4
190852903002011,4
190852903002012,4
190852903002013,4
190852903002014,4
190852903002015,4
190852903002016,4
190852903002017,4
190852903002018,4
190852903002019,4
190852903002020,4
190852903002021,4
190852903002022,4
190852903002023,4
190852903002024,4
190852903002025,4
190852903002026,4
190852903002027,4
190852903002028,4
190852903002029,4
190852903002030,4
190852903002031,4
190852903002032,4
190852903002033,4
190852903002034,4
190852903002035,4
190852903002036,4
190852903002037,4
190852903002038,4
190852903002039,4
190852903002040,4
190852903002041,4
190852903002042,4
190852903002043,4
190852903002044,4
190852903002045,4
190852903002046,4
190852903002047,4
190852903002048,4
190852903002049,4
190852903002050,4
190852903002051,4
190852903003002,4
190852903003003,4
190852903003004,4
190852903003005,4
190852903003006,4
190852903003007,4
190852903003008,4
190852903003009,4
190852903003010,4
190852903003011,4
190852903003012,4
190852903003013,4
190852903003014,4
190852903003015,4
190852903003016,4
190852903003017,4
190852903003018,4
190852903003019,4
190852903003020,4
190852903003021,4
190852903003022,4
190852903003023,4
190852903003024,4
190852903003025,4
190852903003026,4
190852903003027,4
190852903003028,4
190852905001000,4
190852905001001,4
190852905001002,4
190852905001003,4
190852905001004,4
190852905002013,4
190852905002014,4
190852905002015,4
190852905002016,4
190852905002017,4
190852905002019,4
190852903001000,4
190852903001001,4
190852903001002,4
190852903001003,4
190852903001004,4
190852903001005,4
190852903001006,4
190852903001007,4
190852903001008,4
190852903001009,4
190852903001010,4
190852903001033,4
190852903001034,4
190852903001035,4
190852903001036,4
190852903001037,4
190852903001038,4
190852903001039,4
190852903001040,4
190852903001041,4
190852903001042,4
190852903001043,4
190852903001044,4
190852903001045,4
190852903001046,4
190852903001047,4
190852903001048,4
190852903001049,4
190852903001050,4
190852903001051,4
190852903001052,4
190852903001053,4
190852903001054,4
190852903001055,4
190852903001056,4
190852903001057,4
190852903001058,4
190852903001059,4
190852903001060,4
190852903001061,4
190852903001062,4
190852903001063,4
190852903001064,4
190852903001065,4
190852903001066,4
190852903001067,4
190852903001068,4
190852903001069,4
190852903001070,4
190852905002005,4
190852905002006,4
190852905002007,4
190852905002008,4
190852905002009,4
190852905002010,4
190852905002011,4
190852905002012,4
190852905002036,4
190852905002216,4
190852903001137,4
190852903001138,4
190852903001234,4
190852903001242,4
190852903001243,4
190852905001054,4
190852905001058,4
190852905001059,4
190852905001060,4
190852905001061,4
190852905001062,4
190852905001063,4
190852905001064,4
190852905001065,4
190852905001066,4
190852905001067,4
190852905001068,4
190852905001069,4
190852905001070,4
190852905001071,4
190852905001072,4
190852905001075,4
190852905001076,4
190852905001077,4
190852905001078,4
190852905001079,4
190852905001080,4
190852905001083,4
190852905001084,4
190852905001085,4
190852905001086,4
190852905001087,4
190852905001088,4
190852905001089,4
190852905001090,4
190852905001091,4
190852905001092,4
190852905001093,4
190852905001094,4
190852905001095,4
190852905001096,4
190852905001097,4
190852905001098,4
190852905001099,4
190852905001103,4
190852905001104,4
190852905001105,4
190852905001112,4
190852905001113,4
190852905001114,4
190852905001115,4
190852905001116,4
190852905001117,4
190852905001118,4
190852905001119,4
190852905001120,4
190852905001121,4
190852905001122,4
190852905001123,4
190852905001124,4
190852905001127,4
190852905001128,4
190852905001129,4
190852905001130,4
190852905001135,4
190852905001136,4
190852903001154,4
190852903001155,4
190852903001156,4
190852903001159,4
190852903001160,4
190852903001206,4
190852903001207,4
190852903001208,4
190852903001209,4
190852903001210,4
190852903001211,4
190852903001213,4
190852903001214,4
190852903001215,4
190852903001216,4
190852903001217,4
190852903001218,4
190852903001219,4
190852903001220,4
190852903001221,4
190852903001222,4
190852903001229,4
190852905001006,4
190852905001007,4
190852905001008,4
190852905001009,4
190852905001010,4
190852905001011,4
190852905001012,4
190852905001013,4
190852905001014,4
190852905001028,4
190852905001029,4
190852905001030,4
190852905001031,4
190852905001032,4
190852905001033,4
190852905001171,4
190852905001172,4
190852905001173,4
190852905001174,4
190852905001175,4
190852905001176,4
190852905001177,4
190852905001178,4
190852905001179,4
190852905001180,4
190852905001181,4
190852905001184,4
190852905001185,4
190852905002018,4
190852905002021,4
190852905002022,4
190852905002023,4
190852905002024,4
190852905002025,4
190852905002119,4
190852905002120,4
190852905002121,4
190852905002122,4
190852905002123,4
190852905002124,4
190852905002125,4
190852905002126,4
190852905002146,4
190852905002147,4
190852905002148,4
190852905002149,4
190852905002150,4
190852905002151,4
190852905002152,4
190852905002153,4
190852905002154,4
190852905002155,4
190852905002156,4
190852905002157,4
190852903001230,4
190852903001231,4
190852904001000,4
190852904001001,4
190852904001002,4
190852904001003,4
190852904001004,4
190852904001005,4
190852904001006,4
190852904001007,4
190852904001008,4
190852904001009,4
190852904001010,4
190852904001011,4
190852904001012,4
190852904001013,4
190852904001014,4
190852904001015,4
190852904001016,4
190852904001017,4
190852904001018,4
190852904001019,4
190852904001020,4
190852904001021,4
190852904001022,4
190852904001023,4
190852904001024,4
190852904001025,4
190852904001026,4
190852904001027,4
190852904001028,4
190852904001029,4
190852904001030,4
190852904001031,4
190852904001032,4
190852904001033,4
190852904001034,4
190852904001035,4
190852904001036,4
190852904001037,4
190852904001038,4
190852904001039,4
190852904001040,4
190852904001041,4
190852904001042,4
190852904001043,4
190852904001044,4
190852904001045,4
190852904001046,4
190852904001047,4
190852904001048,4
190852904001049,4
190852904001050,4
190852904001051,4
190852904001052,4
190852904001053,4
190852904001054,4
190852904002000,4
190852904002001,4
190852904002002,4
190852904002003,4
190852904002004,4
190852904002005,4
190852904002006,4
190852904002007,4
190852904002008,4
190852904002009,4
190852904002010,4
190852904002011,4
190852904002012,4
190852904002013,4
190852904002014,4
190852904002015,4
190852904002016,4
190852904002017,4
190852904002018,4
190852904002019,4
190852904002020,4
190852904002021,4
190852904002022,4
190852904002023,4
190852904002024,4
190852904002025,4
190852904002026,4
190852904002027,4
190852904002028,4
190852904002029,4
190852904002030,4
190852904002031,4
190852904002032,4
190852904002033,4
190852904002034,4
190852904002035,4
190852904002036,4
190852904002037,4
190852904002038,4
190852904002039,4
190852904002040,4
190852904002041,4
190852904002042,4
190852904002043,4
190852904002044,4
190852904002045,4
190852904002046,4
190852904002047,4
190852904002048,4
190852904002049,4
190852904002050,4
190852904002051,4
190852904002052,4
190852904002053,4
190852904003000,4
190852904003001,4
190852904003002,4
190852904003003,4
190852904003004,4
190852904003005,4
190852904003006,4
190852904003007,4
190852904003008,4
190852904003009,4
190852904003010,4
190852904003011,4
190852904003012,4
190852904003013,4
190852904003014,4
190852904003015,4
190852904003016,4
190852904003017,4
190852904003018,4
190852904003019,4
190852904003020,4
190852904003021,4
190852904003022,4
190852904003023,4
190852904003024,4
190852904003025,4
190852904003026,4
190852904003027,4
190852904003028,4
190852904003029,4
190852904003030,4
190852904003031,4
190852904003032,4
190852904003033,4
190852905001015,4
190852905001016,4
190852905001017,4
190852905001018,4
190852905001019,4
190852905001020,4
190852905001021,4
190852905001022,4
190852905001023,4
190852905001025,4
190852905001026,4
190852905001027,4
190852905001034,4
190852905001035,4
190852905001036,4
190852905001037,4
190852905001038,4
190852905001039,4
190852905001040,4
190852905001041,4
190852905001042,4
190852905001043,4
190852905001044,4
190852905001045,4
190852905001046,4
190852905001047,4
190852905001048,4
190852905001049,4
190852905001050,4
190852905001051,4
190852905001052,4
190852905001053,4
190852905001073,4
190852905001074,4
190852905001081,4
190852905001082,4
190852905001100,4
190852905001101,4
190852905001102,4
190852905001106,4
190852905001107,4
190852905001108,4
190852905001109,4
190852905001110,4
190852905001111,4
190852905001125,4
190852905001126,4
190852905001131,4
190852905001132,4
190852905001133,4
190852905001134,4
190852905001137,4
190852905001138,4
190852905001139,4
190852905001140,4
190852905001141,4
190852905001142,4
190852905001143,4
190852905001144,4
190852905001145,4
190852905001146,4
190852905001147,4
190852905001148,4
190852905001149,4
190852905001150,4
190852905001151,4
190852905001152,4
190852905001153,4
190852905001154,4
190852905001155,4
190852905001156,4
190852905001157,4
190852905001158,4
190852905001159,4
190852905001160,4
190852905001161,4
190852905001162,4
190852905001163,4
190852905001164,4
190852905001165,4
190852905001166,4
190852905001167,4
190852905001168,4
190852905001169,4
190852905001170,4
190852905001182,4
190852905001183,4
190852905001186,4
190852905001187,4
190852905001188,4
190852905001189,4
190852905002000,4
190852905002001,4
190852905002002,4
190852905002003,4
190852905002004,4
190852905002039,4
190852905002040,4
190852905002041,4
190852905002042,4
190852905002043,4
190852905002045,4
190852905002046,4
190852905002047,4
190852905002048,4
190852905002049,4
190852905002050,4
190852905002051,4
190852905002052,4
190852905002053,4
190852905002054,4
190852905002055,4
190852905002056,4
190852905002057,4
190852905002058,4
190852905002059,4
190852905002060,4
190852905002061,4
190852905002062,4
190852905002063,4
190852905002064,4
190852905002065,4
190852905002066,4
190852905002067,4
190852905002068,4
190852905002069,4
190852905002070,4
190852905002071,4
190852905002072,4
190852905002073,4
190852905002074,4
190852905002075,4
190852905002076,4
190852905002077,4
190852905002078,4
190852905002079,4
190852905002080,4
190852905002081,4
190852905002082,4
190852905002083,4
190852905002084,4
190852905002085,4
190852905002086,4
190852905002087,4
190852905002088,4
190852905002089,4
190852905002090,4
190852905002091,4
190852905002092,4
190852905002093,4
190852905002094,4
190852905002095,4
190852905002096,4
190852905002097,4
190852905002098,4
190852905002099,4
190852905002100,4
190852905002101,4
190852905002102,4
190852905002103,4
190852905002104,4
190852905002169,4
190852905002170,4
190852905002174,4
190852905002175,4
190852905002176,4
190852905002177,4
190852905002178,4
190852905002179,4
190852905002180,4
190852905002181,4
190852905002182,4
190852905002183,4
190852905002184,4
190852905002185,4
190852905002186,4
190852905002187,4
190852905002188,4
190852905002189,4
190852905002190,4
190852905002191,4
190852905002192,4
190852905002193,4
190852905002194,4
190852905002195,4
190852905002196,4
190852905002197,4
190852905002198,4
190852905002199,4
190852905002200,4
190852905002201,4
190852905002202,4
190852905002203,4
190852905002204,4
190852905002205,4
190852905002206,4
190852905002207,4
190852905002208,4
190852905002211,4
190852905002212,4
190852905002213,4
190852905002214,4
190852905002215,4
190852905002020,4
190852905002026,4
190852905002027,4
190852905002028,4
190852905002029,4
190852905002030,4
190852905002031,4
190852905002032,4
190852905002033,4
190852905002034,4
190852905002035,4
190852905002037,4
190852905002038,4
190852905002044,4
190852905002105,4
190852905002106,4
190852905002107,4
190852905002108,4
190852905002109,4
190852905002110,4
190852905002111,4
190852905002112,4
190852905002113,4
190852905002114,4
190852905002115,4
190852905002116,4
190852905002117,4
190852905002118,4
190852905002127,4
190852905002128,4
190852905002129,4
190852905002130,4
190852905002131,4
190852905002132,4
190852905002133,4
190852905002134,4
190852905002135,4
190852905002136,4
190852905002137,4
190852905002138,4
190852905002139,4
190852905002140,4
190852905002141,4
190852905002142,4
190852905002143,4
190852905002144,4
190852905002145,4
190852905002158,4
190852905002159,4
190852905002160,4
190852905002161,4
190852905002162,4
190852905002163,4
190852905002164,4
190852905002165,4
190852905002166,4
190852905002167,4
190852905002168,4
190852905002171,4
190852905002172,4
190852905002173,4
190852905002209,4
190852905002210,4
190879701001000,2
190879701001001,2
190879701001002,2
190879701001003,2
190879701001004,2
190879701001005,2
190879701001006,2
190879701001007,2
190879701001008,2
190879701001009,2
190879701001010,2
190879701001011,2
190879701001012,2
190879701001013,2
190879701001014,2
190879701001015,2
190879701001016,2
190879701001017,2
190879701001018,2
190879701001019,2
190879701001020,2
190879701001021,2
190879701001022,2
190879701001023,2
190879701001024,2
190879701001025,2
190879701001026,2
190879701001027,2
190879701001028,2
190879701001029,2
190879701001030,2
190879701001031,2
190879701001032,2
190879701001033,2
190879701001034,2
190879701001035,2
190879701001036,2
190879701001037,2
190879701001038,2
190879701001039,2
190879701001040,2
190879701001041,2
190879701001042,2
190879701001043,2
190879701001044,2
190879701001045,2
190879701001046,2
190879701001047,2
190879701001048,2
190879701001049,2
190879701001050,2
190879701001051,2
190879701001052,2
190879701001053,2
190879701001054,2
190879701001055,2
190879701001056,2
190879701001057,2
190879701001058,2
190879701001059,2
190879701001060,2
190879701001061,2
190879701001062,2
190879701001063,2
190879701001064,2
190879701001065,2
190879701001066,2
190879701001067,2
190879701001068,2
190879701001069,2
190879701001070,2
190879701001071,2
190879701001072,2
190879701001073,2
190879701001074,2
190879701001075,2
190879701001076,2
190879701001077,2
190879701001078,2
190879701001079,2
190879701001080,2
190879701001081,2
190879701001082,2
190879701001083,2
190879701001084,2
190879701001085,2
190879701001086,2
190879701001087,2
190879701001088,2
190879701001089,2
190879701001090,2
190879701001091,2
190879701005000,2
190879701005001,2
190879701005002,2
190879701005003,2
190879701005004,2
190879701005005,2
190879701005006,2
190879701005017,2
190879701005021,2
190879701005022,2
190879701005023,2
190879701005024,2
190879701005025,2
190879701005026,2
190879701005027,2
190879701005028,2
190879701005029,2
190879701005030,2
190879701005031,2
190879701005032,2
190879701005033,2
190879701005034,2
190879701005035,2
190879701005047,2
190879701005049,2
190879701005050,2
190879701005051,2
190879701005052,2
190879701005053,2
190879701005054,2
190879701005055,2
190879701005056,2
190879701005057,2
190879701005058,2
190879701005059,2
190879701005060,2
190879701005061,2
190879701005062,2
190879701005063,2
190879701005064,2
190879701005065,2
190879701005066,2
190879701005067,2
190879701005068,2
190879701005069,2
190879701005073,2
190879701005074,2
190879701005075,2
190879701005076,2
190879701005077,2
190879701005078,2
190879701005079,2
190879701005082,2
190879701005083,2
190879701005084,2
190879701005085,2
190879701005086,2
190879701005087,2
190879701005088,2
190879701005089,2
190879701002000,2
190879701002001,2
190879701002002,2
190879701002003,2
190879701002004,2
190879701002005,2
190879701002006,2
190879701002007,2
190879701002008,2
190879701002009,2
190879701002010,2
190879701002011,2
190879701002012,2
190879701002013,2
190879701002014,2
190879701002015,2
190879701002016,2
190879701002017,2
190879701002018,2
190879701002019,2
190879701002022,2
190879701002023,2
190879701002024,2
190879701002025,2
190879701002026,2
190879701002033,2
190879701002034,2
190879701002035,2
190879701002036,2
190879701002037,2
190879701002101,2
190879701002102,2
190879701005007,2
190879701005008,2
190879701005009,2
190879701005010,2
190879701005011,2
190879701005012,2
190879701005013,2
190879701005014,2
190879701005015,2
190879701005016,2
190879701005018,2
190879701005019,2
190879701005020,2
190879701005036,2
190879701005037,2
190879701005038,2
190879701005039,2
190879701005040,2
190879701005041,2
190879701005042,2
190879701005043,2
190879701005044,2
190879701005045,2
190879701005046,2
190879701005048,2
190879701005070,2
190879701005071,2
190879701005072,2
190879701005096,2
190879701005097,2
190879701005098,2
190879701005099,2
190879701005100,2
190879701005101,2
190879701005102,2
190879701005103,2
190879701005104,2
190879701005105,2
190879701005107,2
190879701005108,2
190879701002020,2
190879701002021,2
190879701002027,2
190879701002028,2
190879701002029,2
190879701002030,2
190879701002031,2
190879701002032,2
190879701002038,2
190879701002039,2
190879701002040,2
190879701002041,2
190879701002042,2
190879701002043,2
190879701002044,2
190879701002045,2
190879701002046,2
190879701002047,2
190879701002048,2
190879701002049,2
190879701002050,2
190879701002051,2
190879701002052,2
190879701002053,2
190879701002054,2
190879701002055,2
190879701002056,2
190879701002057,2
190879701002058,2
190879701002059,2
190879701002060,2
190879701002061,2
190879701002062,2
190879701002063,2
190879701002064,2
190879701002065,2
190879701002066,2
190879701002067,2
190879701002068,2
190879701002069,2
190879701002070,2
190879701002071,2
190879701002072,2
190879701002073,2
190879701002074,2
190879701002075,2
190879701002076,2
190879701002077,2
190879701002078,2
190879701002079,2
190879701002080,2
190879701002081,2
190879701002082,2
190879701002083,2
190879701002084,2
190879701002085,2
190879701002097,2
190879701002099,2
190879702002000,2
190879702002024,2
190879702002025,2
190879702002027,2
190879702002028,2
190879702002029,2
190879702002038,2
190879702002039,2
190879702002047,2
190879703004000,2
190879703004001,2
190879703004002,2
190879703004003,2
190879703004004,2
190879703004006,2
190879703004007,2
190879703004008,2
190879703004009,2
190879703004010,2
190879701002086,2
190879701002087,2
190879701002088,2
190879701002089,2
190879701002092,2
190879701002093,2
190879701002094,2
190879701002095,2
190879701002096,2
190879701002100,2
190879702002045,2
190879702002046,2
190879702002058,2
190879702002065,2
190879702002066,2
190879702002067,2
190879702002068,2
190879702002069,2
190879702002070,2
190879702002079,2
190879702002080,2
190879702002098,2
190879702002099,2
190879702002100,2
190879702002101,2
190879702002102,2
190879702002108,2
190879702003000,2
190879702003001,2
190879702003002,2
190879702003003,2
190879702003004,2
190879702003005,2
190879702003006,2
190879702003007,2
190879702003008,2
190879702003009,2
190879702003010,2
190879702003011,2
190879702003012,2
190879702003016,2
190879702003017,2
190879702003018,2
190879702003023,2
190879702003024,2
190879702003025,2
190879702003026,2
190879702003027,2
190879702003028,2
190879702003029,2
190879702003030,2
190879702003132,2
190879702003138,2
190879702003139,2
190879702003140,2
190879702003141,2
190879703001025,2
190879703001026,2
190879703001027,2
190879703001028,2
190879703001038,2
190879703001039,2
190879703001040,2
190879703001042,2
190879703001043,2
190879703001045,2
190879703001047,2
190879703001048,2
190879703001049,2
190879703001059,2
190879703001060,2
190879703002002,2
190879703002003,2
190879703002004,2
190879703002005,2
190879703002006,2
190879703002007,2
190879703002014,2
190879703002015,2
190879703002016,2
190879703002017,2
190879703002068,2
190879703004005,2
190879703004011,2
190879703004012,2
190879704001029,2
190879704001033,2
190879704001034,2
190879704001035,2
190879704001046,2
190879704001049,2
190879704001050,2
190879704001051,2
190879704001052,2
190879704001053,2
190879704001054,2
190879704001056,2
190879704001057,2
190879704002000,2
190879704002007,2
190879704002045,2
190879704002046,2
190879704005000,2
190879704005014,2
190879704005015,2
190879704005016,2
190879704005017,2
190879704005021,2
190879704005022,2
190879704005023,2
190879704005024,2
190879701002090,2
190879701002091,2
190879703001000,2
190879703001001,2
190879703001002,2
190879703001003,2
190879703001004,2
190879703001005,2
190879703001006,2
190879703001007,2
190879703001008,2
190879703001009,2
190879703001010,2
190879703001011,2
190879703001012,2
190879703001013,2
190879703001014,2
190879703001015,2
190879703001016,2
190879703001017,2
190879703001018,2
190879703001019,2
190879703001020,2
190879703001021,2
190879703001022,2
190879703001023,2
190879703001024,2
190879703001029,2
190879703001030,2
190879703001031,2
190879703001032,2
190879703001033,2
190879703001034,2
190879703001035,2
190879703001036,2
190879703001037,2
190879703001044,2
190879703001046,2
190879703001050,2
190879703001051,2
190879703001052,2
190879703001053,2
190879703001054,2
190879703001055,2
190879703001056,2
190879703001057,2
190879703001058,2
190879703001061,2
190879703001062,2
190879703001063,2
190879703001064,2
190879703001065,2
190879703002000,2
190879703002001,2
190879703002008,2
190879703002009,2
190879703002010,2
190879703002011,2
190879703002012,2
190879703002013,2
190879703002018,2
190879703002019,2
190879703002020,2
190879703002021,2
190879703002022,2
190879703002023,2
190879703002024,2
190879703002025,2
190879703002026,2
190879703002027,2
190879703002028,2
190879703002029,2
190879703002030,2
190879703002031,2
190879703002032,2
190879703002033,2
190879703002034,2
190879703002035,2
190879703002036,2
190879703002037,2
190879703002038,2
190879703002039,2
190879703002040,2
190879703002041,2
190879703002042,2
190879703002043,2
190879703002044,2
190879703002045,2
190879703002046,2
190879703002047,2
190879703002048,2
190879703002049,2
190879703002050,2
190879703002051,2
190879703002052,2
190879703002053,2
190879703002054,2
190879703002055,2
190879703002056,2
190879703002057,2
190879703002058,2
190879703002059,2
190879703002060,2
190879703002061,2
190879703002062,2
190879703002063,2
190879703002064,2
190879703002065,2
190879703002066,2
190879703002067,2
190879703003000,2
190879703003001,2
190879703003002,2
190879703003003,2
190879703003004,2
190879703003005,2
190879703003006,2
190879703003007,2
190879703003008,2
190879703003009,2
190879703003010,2
190879703003011,2
190879703003012,2
190879703003013,2
190879703003014,2
190879703003015,2
190879703003016,2
190879703003017,2
190879703003018,2
190879703003019,2
190879703003020,2
190879703003021,2
190879703003022,2
190879703003023,2
190879703003024,2
190879703003025,2
190879703003026,2
190879703003027,2
190879703003028,2
190879703003029,2
190879703003030,2
190879703003031,2
190879703003032,2
190879703003033,2
190879703003034,2
190879703003035,2
190879703003036,2
190879703003037,2
190879703003038,2
190879703003039,2
190879703003040,2
190879703003041,2
190879703003042,2
190879703004013,2
190879703004014,2
190879703004015,2
190879703004016,2
190879703004017,2
190879703004018,2
190879703004019,2
190879703004020,2
190879703004021,2
190879703004022,2
190879703004023,2
190879703004024,2
190879703004025,2
190879703004026,2
190879703004027,2
190879703004028,2
190879703004029,2
190879703004030,2
190879703004031,2
190879703004032,2
190879703004033,2
190879703004034,2
190879704001000,2
190879704001001,2
190879704001002,2
190879704001003,2
190879704001004,2
190879704001005,2
190879704001006,2
190879704001007,2
190879704001008,2
190879704001009,2
190879704001010,2
190879704001011,2
190879704001012,2
190879704001013,2
190879704001014,2
190879704001015,2
190879704001016,2
190879704001017,2
190879704001018,2
190879704001019,2
190879704001020,2
190879704001021,2
190879704001022,2
190879704001023,2
190879704001024,2
190879704001025,2
190879704001026,2
190879704001027,2
190879704001028,2
190879704001030,2
190879704001031,2
190879704001032,2
190879704001036,2
190879704001037,2
190879704001038,2
190879704001039,2
190879704001040,2
190879704001041,2
190879704001042,2
190879704001043,2
190879704001044,2
190879704001045,2
190879704001047,2
190879704001048,2
190879704001055,2
190879704002001,2
190879704002002,2
190879704002003,2
190879704002004,2
190879704002005,2
190879704002006,2
190879704002008,2
190879704002009,2
190879704002010,2
190879704002011,2
190879704002012,2
190879704002013,2
190879704002014,2
190879704002015,2
190879704002016,2
190879704002017,2
190879704002018,2
190879704002019,2
190879704002020,2
190879704002021,2
190879704002022,2
190879704002023,2
190879704002024,2
190879704002025,2
190879704002026,2
190879704002027,2
190879704002028,2
190879704002029,2
190879704002030,2
190879704002031,2
190879704002032,2
190879704002033,2
190879704002034,2
190879704002035,2
190879704002036,2
190879704002037,2
190879704002038,2
190879704002039,2
190879704002040,2
190879704002041,2
190879704002042,2
190879704002043,2
190879704002044,2
190879704003000,2
190879704003001,2
190879704003002,2
190879704003003,2
190879704003004,2
190879704003005,2
190879704003006,2
190879704003007,2
190879704003008,2
190879704003009,2
190879704003010,2
190879704003011,2
190879704003012,2
190879704003013,2
190879704003014,2
190879704003015,2
190879704003016,2
190879704003017,2
190879704003018,2
190879704003019,2
190879704003020,2
190879704003021,2
190879704003022,2
190879704003023,2
190879704003024,2
190879704003025,2
190879704003026,2
190879704003027,2
190879704003028,2
190879704003029,2
190879704003030,2
190879704003031,2
190879704003032,2
190879704003033,2
190879704003034,2
190879704003035,2
190879704003036,2
190879704003037,2
190879704003038,2
190879704003039,2
190879704003040,2
190879704003041,2
190879704003042,2
190879704004000,2
190879704004001,2
190879704004002,2
190879704004003,2
190879704004004,2
190879704004005,2
190879704004006,2
190879704004007,2
190879704004008,2
190879704004009,2
190879704004010,2
190879704004011,2
190879704004012,2
190879704004013,2
190879704004014,2
190879704004015,2
190879704004016,2
190879704004017,2
190879704004018,2
190879704004019,2
190879704004020,2
190879704004021,2
190879704004022,2
190879704004023,2
190879704004024,2
190879704004025,2
190879704004026,2
190879704004027,2
190879704004028,2
190879704005001,2
190879704005002,2
190879704005003,2
190879704005004,2
190879704005005,2
190879704005006,2
190879704005007,2
190879704005008,2
190879704005009,2
190879704005010,2
190879704005011,2
190879704005012,2
190879704005013,2
190879704005018,2
190879704005019,2
190879704005020,2
190879701002098,2
190879701003000,2
190879701003001,2
190879701003002,2
190879701003003,2
190879701003004,2
190879701003005,2
190879701003006,2
190879701003007,2
190879701003008,2
190879701003009,2
190879701003010,2
190879701003011,2
190879701003012,2
190879701003013,2
190879701003014,2
190879701003015,2
190879701003016,2
190879701003017,2
190879701003018,2
190879701003019,2
190879701003020,2
190879701003021,2
190879701003022,2
190879701003023,2
190879701003024,2
190879701003025,2
190879701003026,2
190879701003027,2
190879701003028,2
190879701003029,2
190879701003030,2
190879701003031,2
190879701003032,2
190879701003033,2
190879701003034,2
190879701003035,2
190879701003036,2
190879701003037,2
190879701003038,2
190879701003039,2
190879701003040,2
190879701003041,2
190879701003042,2
190879701003043,2
190879701003044,2
190879701003045,2
190879701003046,2
190879701003047,2
190879701003048,2
190879701003049,2
190879701003050,2
190879701003051,2
190879701003052,2
190879701003053,2
190879701003054,2
190879701003055,2
190879701003056,2
190879701003057,2
190879701003058,2
190879701003059,2
190879701003060,2
190879701003061,2
190879701003062,2
190879701003063,2
190879701003064,2
190879701003065,2
190879701003066,2
190879701004000,2
190879701004001,2
190879701004002,2
190879701004003,2
190879701004004,2
190879701004005,2
190879701004006,2
190879701004007,2
190879701004008,2
190879701004014,2
190879701004015,2
190879701004016,2
190879701004017,2
190879701004018,2
190879701004019,2
190879701004020,2
190879701004021,2
190879701004022,2
190879701004023,2
190879701004024,2
190879701004025,2
190879701004026,2
190879701004027,2
190879701004028,2
190879701004029,2
190879701004030,2
190879701004031,2
190879701004032,2
190879701004033,2
190879701004034,2
190879701004035,2
190879701004036,2
190879701004037,2
190879701004038,2
190879701004039,2
190879701004040,2
190879701004041,2
190879701004042,2
190879701004043,2
190879701004044,2
190879701004045,2
190879701004046,2
190879701004047,2
190879701004048,2
190879701004049,2
190879701004050,2
190879701004051,2
190879701004052,2
190879701004053,2
190879701004054,2
190879701004055,2
190879701004056,2
190879701004057,2
190879701004058,2
190879701004059,2
190879701004060,2
190879701004061,2
190879701004062,2
190879701004064,2
190879701004067,2
190879701004068,2
190879701004069,2
190879701004075,2
190879701004091,2
190879701004009,2
190879701004010,2
190879701004011,2
190879701004012,2
190879701004013,2
190879701004063,2
190879701004065,2
190879701004066,2
190879701004070,2
190879701004071,2
190879701004072,2
190879701004073,2
190879701004074,2
190879701004076,2
190879701004077,2
190879701004078,2
190879701004079,2
190879701004080,2
190879701004081,2
190879701004082,2
190879701004083,2
190879701004084,2
190879701004085,2
190879701004086,2
190879701004087,2
190879701004088,2
190879701004089,2
190879701004090,2
190879702001000,2
190879702001001,2
190879702001002,2
190879702001003,2
190879702001004,2
190879702001005,2
190879702001006,2
190879702001014,2
190879702001015,2
190879702001016,2
190879702002001,2
190879702002002,2
190879702002003,2
190879702002004,2
190879702002005,2
190879702002006,2
190879702002007,2
190879702002008,2
190879702002009,2
190879702002010,2
190879702002011,2
190879702002012,2
190879702002013,2
190879702002014,2
190879702002015,2
190879702002016,2
190879702002017,2
190879702002018,2
190879702002019,2
190879702002020,2
190879702002021,2
190879702002022,2
190879702002023,2
190879702002026,2
190879702002030,2
190879702002031,2
190879702002034,2
190879702002035,2
190879702002036,2
190879702002037,2
190879702002042,2
190879702002043,2
190879702002109,2
190879701005080,2
190879701005081,2
190879701005090,2
190879701005091,2
190879701005092,2
190879701005093,2
190879701005094,2
190879701005095,2
190879701005106,2
190879705002000,2
190879705002001,2
190879705002002,2
190879705002003,2
190879705002004,2
190879705002005,2
190879705002006,2
190879705002007,2
190879705002008,2
190879705002009,2
190879705002010,2
190879705002011,2
190879705002012,2
190879705002013,2
190879705002014,2
190879705002015,2
190879705002016,2
190879705002017,2
190879705002018,2
190879705002019,2
190879705002020,2
190879705002021,2
190879705002022,2
190879705002023,2
190879705002024,2
190879705002025,2
190879705002026,2
190879705002027,2
190879705002028,2
190879705002029,2
190879705002030,2
190879705002031,2
190879705002032,2
190879705002033,2
190879705002034,2
190879705002035,2
190879705002036,2
190879705002037,2
190879705002038,2
190879705002039,2
190879705002040,2
190879705002041,2
190879705002042,2
190879705002043,2
190879705002044,2
190879705002045,2
190879705002046,2
190879705002047,2
190879705002048,2
190879705002049,2
190879705002050,2
190879705002051,2
190879705002052,2
190879705002053,2
190879705002054,2
190879705002055,2
190879705002056,2
190879705002057,2
190879705002063,2
190879705002087,2
190879705002088,2
190879705002089,2
190879705002090,2
190879705002091,2
190879705002092,2
190879705002093,2
190879705002094,2
190879705002095,2
190879705002096,2
190879705002097,2
190879705002098,2
190879705002099,2
190879702001007,2
190879702001008,2
190879702001009,2
190879702001010,2
190879702001011,2
190879702001012,2
190879702001013,2
190879702001017,2
190879702001018,2
190879702001019,2
190879702001020,2
190879702001021,2
190879702001022,2
190879702001023,2
190879702001024,2
190879702001025,2
190879702001026,2
190879702001027,2
190879702001028,2
190879702001029,2
190879702001030,2
190879702001031,2
190879702001032,2
190879702001033,2
190879702001034,2
190879702001035,2
190879702001036,2
190879702001037,2
190879702001038,2
190879702001039,2
190879702001040,2
190879702001041,2
190879702001042,2
190879702001043,2
190879702001044,2
190879702001045,2
190879702001046,2
190879702001047,2
190879702001048,2
190879702001049,2
190879702001050,2
190879702001051,2
190879702001052,2
190879702001053,2
190879702001054,2
190879702001055,2
190879702001056,2
190879702001057,2
190879702001058,2
190879702001059,2
190879702001060,2
190879702001061,2
190879702001062,2
190879702001063,2
190879702001064,2
190879702001065,2
190879702001066,2
190879702001067,2
190879702001068,2
190879702001069,2
190879702001070,2
190879702001071,2
190879702001072,2
190879702001073,2
190879702001074,2
190879702001075,2
190879702001076,2
190879702001077,2
190879702001078,2
190879702001083,2
190879702001084,2
190879702001085,2
190879702001131,2
190879702002032,2
190879702002033,2
190879702002040,2
190879702002041,2
190879702002044,2
190879702002048,2
190879702002049,2
190879702002050,2
190879702002051,2
190879702002052,2
190879702002053,2
190879702002054,2
190879702002055,2
190879702002056,2
190879702002057,2
190879702002059,2
190879702002060,2
190879702002061,2
190879702002062,2
190879702002063,2
190879702002064,2
190879702002071,2
190879702002072,2
190879702002073,2
190879702002074,2
190879702002075,2
190879702002076,2
190879702002077,2
190879702002078,2
190879702002081,2
190879702002082,2
190879702002083,2
190879702002084,2
190879702002085,2
190879702002086,2
190879702002087,2
190879702002088,2
190879702002089,2
190879702002090,2
190879702002091,2
190879702002092,2
190879702002093,2
190879702002094,2
190879702002095,2
190879702002096,2
190879702002097,2
190879702002103,2
190879702002104,2
190879702002105,2
190879702002106,2
190879702002107,2
190879702003013,2
190879702003014,2
190879702003015,2
190879702003044,2
190879702003045,2
190879702003046,2
190879702003047,2
190879703001041,2
190879702001079,2
190879702001080,2
190879702001081,2
190879702001082,2
190879702001086,2
190879702001087,2
190879702001088,2
190879702001089,2
190879702001090,2
190879702001091,2
190879702001092,2
190879702001093,2
190879702001094,2
190879702001095,2
190879702001096,2
190879702001097,2
190879702001098,2
190879702001099,2
190879702001100,2
190879702001101,2
190879702001102,2
190879702001103,2
190879702001104,2
190879702001105,2
190879702001115,2
190879702001118,2
190879702001119,2
190879702001120,2
190879702001121,2
190879702001122,2
190879702001123,2
190879702001124,2
190879702001125,2
190879702001126,2
190879702001127,2
190879702001130,2
190879702001132,2
190879702003043,2
190879702003048,2
190879702003049,2
190879702003074,2
190879702003075,2
190879702003076,2
190879702003077,2
190879702003078,2
190879702003079,2
190879702003080,2
190879702003081,2
190879702003082,2
190879702003083,2
190879702003084,2
190879702003085,2
190879702003086,2
190879702003087,2
190879702003088,2
190879702003089,2
190879702003090,2
190879702003091,2
190879702003092,2
190879702003093,2
190879702003094,2
190879702003095,2
190879702003096,2
190879702003097,2
190879702003098,2
190879702003099,2
190879702003100,2
190879702003101,2
190879702003102,2
190879702003103,2
190879702003104,2
190879702003105,2
190879702003106,2
190879702003107,2
190879702003108,2
190879702003109,2
190879702003110,2
190879702003111,2
190879702003112,2
190879702003113,2
190879702003114,2
190879702003115,2
190879702003116,2
190879702003117,2
190879702003118,2
190879702003119,2
190879702003127,2
190879702003128,2
190879702003129,2
190879702003130,2
190879702003131,2
190879702001106,2
190879702001107,2
190879702001108,2
190879702001109,2
190879702001110,2
190879702001111,2
190879702001112,2
190879702001113,2
190879702001114,2
190879702001116,2
190879702001117,2
190879702001128,2
190879702001129,2
190879702003019,2
190879702003020,2
190879702003021,2
190879702003022,2
190879702003031,2
190879702003032,2
190879702003033,2
190879702003034,2
190879702003035,2
190879702003036,2
190879702003037,2
190879702003038,2
190879702003039,2
190879702003040,2
190879702003041,2
190879702003042,2
190879702003050,2
190879702003051,2
190879702003052,2
190879702003053,2
190879702003054,2
190879702003055,2
190879702003056,2
190879702003057,2
190879702003058,2
190879702003059,2
190879702003060,2
190879702003061,2
190879702003062,2
190879702003063,2
190879702003064,2
190879702003065,2
190879702003066,2
190879702003067,2
190879702003068,2
190879702003069,2
190879702003070,2
190879702003071,2
190879702003072,2
190879702003073,2
190879702003120,2
190879702003121,2
190879702003122,2
190879702003123,2
190879702003124,2
190879702003125,2
190879702003126,2
190879702003133,2
190879702003134,2
190879702003135,2
190879702003136,2
190879702003137,2
190879702003142,2
190879702003144,2
190879702003145,2
190879702003146,2
190879702003147,2
190879702003154,2
190879702003156,2
190879705005026,2
190879705005027,2
190879705005028,2
190879705005029,2
190879705005030,2
190879705005058,2
190879702003143,2
190879702003148,2
190879702003149,2
190879702003150,2
190879702003151,2
190879702003152,2
190879702003153,2
190879702003155,2
190879705002114,2
190879705002115,2
190879705002116,2
190879705002117,2
190879705002118,2
190879705002119,2
190879705002120,2
190879705002121,2
190879705002122,2
190879705002123,2
190879705002124,2
190879705003039,2
190879705003040,2
190879705003041,2
190879705003042,2
190879705004035,2
190879705005000,2
190879705005001,2
190879705005002,2
190879705005003,2
190879705005004,2
190879705005005,2
190879705005006,2
190879705005007,2
190879705005008,2
190879705005009,2
190879705005010,2
190879705005011,2
190879705005012,2
190879705005013,2
190879705005014,2
190879705005015,2
190879705005016,2
190879705005017,2
190879705005018,2
190879705005019,2
190879705005020,2
190879705005021,2
190879705005022,2
190879705005023,2
190879705005024,2
190879705005025,2
190879705005031,2
190879705005032,2
190879705005033,2
190879705005034,2
190879705005035,2
190879705005036,2
190879705005037,2
190879705005038,2
190879705005039,2
190879705005040,2
190879705005041,2
190879705005042,2
190879705005043,2
190879705005044,2
190879705005045,2
190879705005046,2
190879705005047,2
190879705005048,2
190879705005049,2
190879705005050,2
190879705005051,2
190879705005052,2
190879705005053,2
190879705005054,2
190879705005055,2
190879705005056,2
190879705005057,2
190879705005059,2
190879705005060,2
190879705001000,2
190879705001001,2
190879705001002,2
190879705001003,2
190879705001004,2
190879705001005,2
190879705001006,2
190879705001007,2
190879705001008,2
190879705001009,2
190879705001010,2
190879705001011,2
190879705001012,2
190879705001013,2
190879705001014,2
190879705001015,2
190879705001016,2
190879705001017,2
190879705001018,2
190879705001019,2
190879705001020,2
190879705001021,2
190879705001022,2
190879705001023,2
190879705001024,2
190879705001025,2
190879705001026,2
190879705001027,2
190879705001028,2
190879705001029,2
190879705001030,2
190879705001031,2
190879705001032,2
190879705001033,2
190879705001034,2
190879705001035,2
190879705001036,2
190879705001037,2
190879705001038,2
190879705001039,2
190879705001040,2
190879705001041,2
190879705001042,2
190879705001043,2
190879705001044,2
190879705001045,2
190879705001046,2
190879705001047,2
190879705001048,2
190879705001049,2
190879705001050,2
190879705001051,2
190879705002058,2
190879705002059,2
190879705002060,2
190879705002061,2
190879705002062,2
190879705002064,2
190879705002065,2
190879705002066,2
190879705002067,2
190879705002068,2
190879705002069,2
190879705002070,2
190879705002071,2
190879705002072,2
190879705002073,2
190879705002074,2
190879705002075,2
190879705002076,2
190879705002077,2
190879705002078,2
190879705002079,2
190879705002080,2
190879705002081,2
190879705002082,2
190879705002083,2
190879705002084,2
190879705002085,2
190879705002086,2
190879705002100,2
190879705002101,2
190879705002102,2
190879705002103,2
190879705002104,2
190879705002105,2
190879705002106,2
190879705002107,2
190879705002108,2
190879705002109,2
190879705002110,2
190879705002111,2
190879705002112,2
190879705002113,2
190879705003000,2
190879705003001,2
190879705003002,2
190879705003003,2
190879705003004,2
190879705003005,2
190879705003006,2
190879705003007,2
190879705003008,2
190879705003009,2
190879705003010,2
190879705003011,2
190879705003012,2
190879705003013,2
190879705003014,2
190879705003015,2
190879705003016,2
190879705003017,2
190879705003018,2
190879705003019,2
190879705003020,2
190879705003021,2
190879705003022,2
190879705003023,2
190879705003024,2
190879705003025,2
190879705003026,2
190879705003027,2
190879705003028,2
190879705003029,2
190879705003030,2
190879705003031,2
190879705003032,2
190879705003033,2
190879705003034,2
190879705003035,2
190879705003036,2
190879705003037,2
190879705003038,2
190879705004000,2
190879705004001,2
190879705004002,2
190879705004003,2
190879705004004,2
190879705004005,2
190879705004006,2
190879705004007,2
190879705004008,2
190879705004009,2
190879705004010,2
190879705004011,2
190879705004012,2
190879705004013,2
190879705004014,2
190879705004015,2
190879705004016,2
190879705004017,2
190879705004018,2
190879705004019,2
190879705004020,2
190879705004021,2
190879705004022,2
190879705004023,2
190879705004024,2
190879705004025,2
190879705004026,2
190879705004027,2
190879705004028,2
190879705004029,2
190879705004030,2
190879705004031,2
190879705004032,2
190879705004033,2
190879705004034,2
190899601001000,1
190899601001001,1
190899601001002,1
190899601001003,1
190899601001004,1
190899601001005,1
190899601001006,1
190899601001007,1
190899601001008,1
190899601001009,1
190899601001010,1
190899601001011,1
190899601001012,1
190899601001013,1
190899601001014,1
190899601001015,1
190899601001016,1
190899601001017,1
190899601001018,1
190899601001019,1
190899601001020,1
190899601001021,1
190899601001022,1
190899601001023,1
190899601001024,1
190899601001025,1
190899601001026,1
190899601001027,1
190899601001028,1
190899601001029,1
190899601001030,1
190899601001031,1
190899601001032,1
190899601001033,1
190899601001034,1
190899601001035,1
190899601001036,1
190899601001037,1
190899601001038,1
190899601001039,1
190899601001040,1
190899601001041,1
190899601001042,1
190899601001043,1
190899601001044,1
190899601001045,1
190899601001046,1
190899601001047,1
190899601001048,1
190899601001049,1
190899601001050,1
190899601001051,1
190899601001052,1
190899601001053,1
190899601001054,1
190899601001055,1
190899601001056,1
190899601001057,1
190899601001058,1
190899601001059,1
190899601001060,1
190899601001061,1
190899601001062,1
190899601001063,1
190899601001064,1
190899601001065,1
190899601001066,1
190899601001067,1
190899601001068,1
190899601001069,1
190899601001070,1
190899601001071,1
190899601001072,1
190899601001073,1
190899601001074,1
190899601001075,1
190899601001076,1
190899601001077,1
190899601001078,1
190899601001079,1
190899601001080,1
190899601001081,1
190899601001082,1
190899601001083,1
190899601001084,1
190899601001085,1
190899601001086,1
190899601001087,1
190899601001088,1
190899601001089,1
190899601001090,1
190899601001091,1
190899601001092,1
190899601001093,1
190899601001094,1
190899601001095,1
190899601001096,1
190899601001097,1
190899601001098,1
190899601001099,1
190899601001100,1
190899601001101,1
190899601001102,1
190899601001103,1
190899601001104,1
190899601001105,1
190899601001106,1
190899601001107,1
190899601001108,1
190899601001109,1
190899601001110,1
190899601001111,1
190899601001112,1
190899601001113,1
190899601001114,1
190899601001115,1
190899601001116,1
190899601001117,1
190899601001118,1
190899601001119,1
190899601001120,1
190899601001121,1
190899601001122,1
190899601001123,1
190899601001124,1
190899601001125,1
190899601001126,1
190899601001127,1
190899601001128,1
190899601001129,1
190899601001130,1
190899601001131,1
190899601001132,1
190899601001133,1
190899601001134,1
190899601001135,1
190899601001136,1
190899601001137,1
190899601001138,1
190899601001139,1
190899601001140,1
190899601001141,1
190899601001142,1
190899601001143,1
190899601002000,1
190899601002001,1
190899601002002,1
190899601002003,1
190899601002004,1
190899601002005,1
190899601002006,1
190899601002007,1
190899601002008,1
190899601002009,1
190899601002010,1
190899601002011,1
190899601002012,1
190899601002013,1
190899601002014,1
190899601002015,1
190899601002016,1
190899601002017,1
190899601002018,1
190899601002019,1
190899601003000,1
190899601003001,1
190899601003002,1
190899601003003,1
190899601003004,1
190899601003005,1
190899601003006,1
190899601003007,1
190899601003008,1
190899601003009,1
190899601003010,1
190899601003011,1
190899601003012,1
190899601003013,1
190899601003014,1
190899601003015,1
190899601003016,1
190899601003017,1
190899601003018,1
190899601003019,1
190899601003020,1
190899601003021,1
190899601003022,1
190899601003023,1
190899601003024,1
190899601003025,1
190899601003026,1
190899601003027,1
190899601003028,1
190899601003029,1
190899601003030,1
190899601003031,1
190899601003032,1
190899601003033,1
190899601003034,1
190899601003035,1
190899601003036,1
190899601003037,1
190899601003038,1
190899601003039,1
190899601003040,1
190899601003041,1
190899601003042,1
190899601003043,1
190899601003044,1
190899601003045,1
190899601003046,1
190899601003047,1
190899601003048,1
190899601003049,1
190899601003050,1
190899601003051,1
190899601003052,1
190899601003053,1
190899601003054,1
190899601003055,1
190899601003056,1
190899602001110,1
190899602001111,1
190899602001112,1
190899602001113,1
190899602001115,1
190899602001116,1
190899602001117,1
190899602001118,1
190899602001121,1
190899602001122,1
190899602001126,1
190899602001127,1
190899602001128,1
190899602001131,1
190899602001132,1
190899602001133,1
190899602001134,1
190899602001135,1
190899602002000,1
190899602002001,1
190899602002002,1
190899602002003,1
190899602002004,1
190899602002007,1
190899602002008,1
190899602002009,1
190899602002011,1
190899602002012,1
190899602002015,1
190899602002016,1
190899602002017,1
190899602002018,1
190899602002019,1
190899602002024,1
190899602002106,1
190899602002107,1
190899602002108,1
190899602001000,1
190899602001001,1
190899602001002,1
190899602001003,1
190899602001004,1
190899602001005,1
190899602001006,1
190899602001007,1
190899602001008,1
190899602001009,1
190899602001010,1
190899602001011,1
190899602001012,1
190899602001013,1
190899602001014,1
190899602001086,1
190899602001087,1
190899602001088,1
190899602001089,1
190899602001090,1
190899602001091,1
190899602001092,1
190899602001093,1
190899602001094,1
190899602001095,1
190899602001096,1
190899602001097,1
190899602001098,1
190899602001099,1
190899602001100,1
190899602001101,1
190899602001102,1
190899602001103,1
190899602001104,1
190899602001105,1
190899602001106,1
190899602001107,1
190899602001108,1
190899602001109,1
190899602001015,1
190899602001016,1
190899602001017,1
190899602001018,1
190899602001019,1
190899602001020,1
190899602001021,1
190899602001022,1
190899602001023,1
190899602001024,1
190899602001025,1
190899602001026,1
190899602001027,1
190899602001028,1
190899602001029,1
190899602001030,1
190899602001031,1
190899602001032,1
190899602001033,1
190899602001034,1
190899602001035,1
190899602001036,1
190899602001037,1
190899602001038,1
190899602001039,1
190899602001040,1
190899602001041,1
190899602001042,1
190899602001043,1
190899602001044,1
190899602001045,1
190899602001046,1
190899602001047,1
190899602001048,1
190899602001049,1
190899602001050,1
190899602001051,1
190899602001052,1
190899602001053,1
190899602001054,1
190899602001055,1
190899602001056,1
190899602001057,1
190899602001058,1
190899602001059,1
190899602001060,1
190899602001061,1
190899602001062,1
190899602001063,1
190899602001064,1
190899602001065,1
190899602001066,1
190899602001067,1
190899602001068,1
190899602001069,1
190899602001070,1
190899602001071,1
190899602001072,1
190899602001073,1
190899602001074,1
190899602001075,1
190899602001076,1
190899602001079,1
190899602001083,1
190899602001084,1
190899602001085,1
190899602001142,1
190899602001159,1
190899602001199,1
190899603001000,1
190899603001027,1
190899603001028,1
190899603001029,1
190899603001030,1
190899603001034,1
190899602001077,1
190899602001078,1
190899602001080,1
190899602001081,1
190899602001082,1
190899602001114,1
190899602001119,1
190899602001120,1
190899602001123,1
190899602001124,1
190899602001125,1
190899602001129,1
190899602001130,1
190899602001136,1
190899602001137,1
190899602001138,1
190899602001139,1
190899602001140,1
190899602001141,1
190899602001143,1
190899602001144,1
190899602001145,1
190899602001146,1
190899602001147,1
190899602001148,1
190899602001149,1
190899602001150,1
190899602001151,1
190899602001152,1
190899602001153,1
190899602001156,1
190899602002020,1
190899602002021,1
190899602002022,1
190899602002023,1
190899602001154,1
190899602001155,1
190899602001157,1
190899602001158,1
190899602001160,1
190899602001161,1
190899602001162,1
190899602001163,1
190899602001164,1
190899602001165,1
190899602001166,1
190899602001167,1
190899602001168,1
190899602001169,1
190899602001170,1
190899602001171,1
190899602001172,1
190899602001173,1
190899602001174,1
190899602001175,1
190899602001176,1
190899602001177,1
190899602001178,1
190899602001179,1
190899602001180,1
190899602001181,1
190899602001182,1
190899602001183,1
190899602001184,1
190899602001185,1
190899602001186,1
190899602001187,1
190899602001188,1
190899602001189,1
190899602001190,1
190899602001191,1
190899602001192,1
190899602001193,1
190899602001194,1
190899602001195,1
190899602001196,1
190899602001197,1
190899602001198,1
190899602001200,1
190899602002026,1
190899602002027,1
190899602002028,1
190899602002044,1
190899602002045,1
190899602002055,1
190899602002058,1
190899602002059,1
190899602002090,1
190899602002091,1
190899602002098,1
190899602002099,1
190899602002100,1
190899602002101,1
190899602002102,1
190899602002103,1
190899602002104,1
190899603001131,1
190899603001132,1
190899603001133,1
190899603001134,1
190899603001152,1
190899603001153,1
190899603001154,1
190899603001155,1
190899603001161,1
190899603001162,1
190899603001172,1
190899602002005,1
190899602002006,1
190899602002010,1
190899602002013,1
190899602002014,1
190899602002025,1
190899602002029,1
190899602002030,1
190899602002031,1
190899602002032,1
190899602002033,1
190899602002034,1
190899602002035,1
190899602002036,1
190899602002037,1
190899602002038,1
190899602002039,1
190899602002040,1
190899602002041,1
190899602002042,1
190899602002043,1
190899602002046,1
190899602002047,1
190899602002048,1
190899602002049,1
190899602002050,1
190899602002051,1
190899602002052,1
190899602002053,1
190899602002054,1
190899602002056,1
190899602002057,1
190899602002060,1
190899602002061,1
190899602002062,1
190899602002063,1
190899602002064,1
190899602002065,1
190899602002066,1
190899602002067,1
190899602002068,1
190899602002069,1
190899602002070,1
190899602002071,1
190899602002073,1
190899602002074,1
190899602002092,1
190899602002093,1
190899602002094,1
190899602002095,1
190899602002096,1
190899602002097,1
190899602002105,1
190899602002109,1
190899602002072,1
190899602002075,1
190899602002076,1
190899602002077,1
190899602002078,1
190899602002079,1
190899602002080,1
190899602002081,1
190899602002082,1
190899602002083,1
190899602002084,1
190899602002085,1
190899602002086,1
190899602002087,1
190899602002088,1
190899602002089,1
190899603001001,1
190899603001002,1
190899603001003,1
190899603001004,1
190899603001005,1
190899603001006,1
190899603001007,1
190899603001008,1
190899603001009,1
190899603001010,1
190899603001011,1
190899603001012,1
190899603001013,1
190899603001014,1
190899603001015,1
190899603001016,1
190899603001017,1
190899603001018,1
190899603001019,1
190899603001020,1
190899603001021,1
190899603001022,1
190899603001023,1
190899603001024,1
190899603001025,1
190899603001026,1
190899603001031,1
190899603001032,1
190899603001033,1
190899603001035,1
190899603001036,1
190899603001037,1
190899603001038,1
190899603001039,1
190899603001040,1
190899603001041,1
190899603001042,1
190899603001043,1
190899603001047,1
190899603001048,1
190899603001049,1
190899603001050,1
190899603001051,1
190899603001052,1
190899603001055,1
190899603001056,1
190899603001169,1
190899603001170,1
190899603001171,1
190899603002000,1
190899603002001,1
190899603002020,1
190899603002021,1
190899603002022,1
190899603002028,1
190899603002029,1
190899603002030,1
190899603002031,1
190899603001044,1
190899603001045,1
190899603001046,1
190899603001053,1
190899603001054,1
190899603001057,1
190899603001058,1
190899603001059,1
190899603001060,1
190899603001061,1
190899603001062,1
190899603001063,1
190899603001064,1
190899603001065,1
190899603001066,1
190899603001067,1
190899603001068,1
190899603001069,1
190899603001070,1
190899603001071,1
190899603001072,1
190899603001073,1
190899603001074,1
190899603001075,1
190899603001076,1
190899603001077,1
190899603001078,1
190899603001079,1
190899603001080,1
190899603001081,1
190899603001082,1
190899603001083,1
190899603001084,1
190899603001085,1
190899603001086,1
190899603001087,1
190899603001088,1
190899603001089,1
190899603001090,1
190899603001099,1
190899603001100,1
190899603001101,1
190899603002048,1
190899603002049,1
190899603002050,1
190899603002051,1
190899603001091,1
190899603001092,1
190899603001093,1
190899603001094,1
190899603001095,1
190899603001096,1
190899603001097,1
190899603001098,1
190899603001102,1
190899603001103,1
190899603001104,1
190899603001105,1
190899603001106,1
190899603001107,1
190899603001108,1
190899603001109,1
190899603001110,1
190899603001111,1
190899603001112,1
190899603001113,1
190899603001114,1
190899603001115,1
190899603001116,1
190899603001117,1
190899603001118,1
190899603001119,1
190899603001120,1
190899603001121,1
190899603001122,1
190899603001123,1
190899603001124,1
190899603001125,1
190899603001126,1
190899603001127,1
190899603001128,1
190899603001129,1
190899603001130,1
190899603001135,1
190899603001136,1
190899603001137,1
190899603001138,1
190899603001139,1
190899603001140,1
190899603001141,1
190899603001142,1
190899603001143,1
190899603001144,1
190899603001145,1
190899603001146,1
190899603001147,1
190899603001148,1
190899603001149,1
190899603001150,1
190899603001151,1
190899603001156,1
190899603001157,1
190899603001158,1
190899603001159,1
190899603001160,1
190899603001163,1
190899603001164,1
190899603001165,1
190899603001166,1
190899603001167,1
190899603001168,1
190899603002144,1
190899603002145,1
190899603002146,1
190899603002170,1
190899603002250,1
190899603002002,1
190899603002003,1
190899603002004,1
190899603002005,1
190899603002006,1
190899603002007,1
190899603002008,1
190899603002009,1
190899603002010,1
190899603002011,1
190899603002012,1
190899603002013,1
190899603002014,1
190899603002015,1
190899603002016,1
190899603002017,1
190899603002018,1
190899603002019,1
190899603002023,1
190899603002024,1
190899603002025,1
190899603002026,1
190899603002027,1
190899603002032,1
190899603002033,1
190899603002035,1
190899603002036,1
190899603002034,1
190899603002037,1
190899603002038,1
190899603002039,1
190899603002040,1
190899603002041,1
190899603002042,1
190899603002043,1
190899603002044,1
190899603002045,1
190899603002046,1
190899603002047,1
190899603002052,1
190899603002053,1
190899603002054,1
190899603002055,1
190899603002056,1
190899603002057,1
190899603002058,1
190899603002059,1
190899603002060,1
190899603002061,1
190899603002062,1
190899603002063,1
190899603002064,1
190899603002065,1
190899603002066,1
190899603002067,1
190899603002068,1
190899603002069,1
190899603002073,1
190899603002074,1
190899603002075,1
190899603002076,1
190899603002079,1
190899603002080,1
190899603002081,1
190899603002082,1
190899603002083,1
190899603002088,1
190899603002070,1
190899603002071,1
190899603002072,1
190899603002077,1
190899603002078,1
190899603002232,1
190899603002233,1
190899603002234,1
190899603002235,1
190899603002236,1
190899603002237,1
190899603002238,1
190899603002239,1
190899603002240,1
190899603002241,1
190899603002242,1
190899603002243,1
190899603002244,1
190899603002245,1
190899603002246,1
190899603002247,1
190899603002248,1
190899603002249,1
190899603002084,1
190899603002085,1
190899603002086,1
190899603002087,1
190899603002089,1
190899603002090,1
190899603002091,1
190899603002092,1
190899603002093,1
190899603002094,1
190899603002095,1
190899603002096,1
190899603002097,1
190899603002098,1
190899603002099,1
190899603002100,1
190899603002101,1
190899603002102,1
190899603002103,1
190899603002104,1
190899603002105,1
190899603002106,1
190899603002107,1
190899603002108,1
190899603002109,1
190899603002110,1
190899603002111,1
190899603002112,1
190899603002113,1
190899603002114,1
190899603002115,1
190899603002116,1
190899603002117,1
190899603002118,1
190899603002119,1
190899603002120,1
190899603002121,1
190899603002122,1
190899603002123,1
190899603002124,1
190899603002125,1
190899603002126,1
190899603002127,1
190899603002128,1
190899603002129,1
190899603002130,1
190899603002131,1
190899603002132,1
190899603002133,1
190899603002134,1
190899603002135,1
190899603002136,1
190899603002137,1
190899603002138,1
190899603002139,1
190899603002140,1
190899603002141,1
190899603002142,1
190899603002143,1
190899603002176,1
190899603002177,1
190899603002178,1
190899603002179,1
190899603002180,1
190899603002181,1
190899603002182,1
190899603002183,1
190899603002184,1
190899603002185,1
190899603002186,1
190899603002187,1
190899603002188,1
190899603002189,1
190899603002190,1
190899603002191,1
190899603002192,1
190899603002193,1
190899603002194,1
190899603002195,1
190899603002196,1
190899603002197,1
190899603002198,1
190899603002199,1
190899603002200,1
190899603002201,1
190899603002202,1
190899603002251,1
190899603002147,1
190899603002148,1
190899603002149,1
190899603002150,1
190899603002151,1
190899603002152,1
190899603002153,1
190899603002154,1
190899603002155,1
190899603002156,1
190899603002157,1
190899603002158,1
190899603002159,1
190899603002160,1
190899603002161,1
190899603002162,1
190899603002163,1
190899603002164,1
190899603002165,1
190899603002166,1
190899603002167,1
190899603002168,1
190899603002169,1
190899603002171,1
190899603002172,1
190899603002173,1
190899603002174,1
190899603002175,1
190899603002203,1
190899603002204,1
190899603002205,1
190899603002206,1
190899603002207,1
190899603002208,1
190899603002209,1
190899603002210,1
190899603002211,1
190899603002212,1
190899603002213,1
190899603002214,1
190899603002215,1
190899603002216,1
190899603002217,1
190899603002218,1
190899603002219,1
190899603002220,1
190899603002221,1
190899603002222,1
190899603002223,1
190899603002224,1
190899603002225,1
190899603002226,1
190899603002227,1
190899603002228,1
190899603002229,1
190899603002230,1
190899603002231,1
190919701001000,4
190919701001001,4
190919701001002,4
190919701001003,4
190919701001004,4
190919701001005,4
190919701001006,4
190919701001086,4
190919701001087,4
190919701001088,4
190919701001089,4
190919701001090,4
190919701001091,4
190919701001092,4
190919701001093,4
190919701001105,4
190919701001106,4
190919701001127,4
190919701001128,4
190919701001129,4
190919701001130,4
190919701001131,4
190919701001132,4
190919701001133,4
190919701001134,4
190919701001135,4
190919701001147,4
190919701001148,4
190919701001149,4
190919701001150,4
190919701001151,4
190919701001152,4
190919701001157,4
190919701001158,4
190919701001159,4
190919701001160,4
190919701001161,4
190919701001162,4
190919701001163,4
190919701001164,4
190919701001165,4
190919701001166,4
190919701001167,4
190919701001168,4
190919701001169,4
190919701001170,4
190919701001171,4
190919701001172,4
190919701001173,4
190919701001174,4
190919701001175,4
190919701001176,4
190919701001177,4
190919701001178,4
190919701001179,4
190919701001180,4
190919701001181,4
190919701001186,4
190919701001187,4
190919701001188,4
190919701001189,4
190919701001190,4
190919701001191,4
190919701001192,4
190919701001194,4
190919701003034,4
190919701003035,4
190919701003036,4
190919701001007,4
190919701001008,4
190919701001009,4
190919701001010,4
190919701001011,4
190919701001012,4
190919701001195,4
190919701001013,4
190919701001014,4
190919701001015,4
190919701001016,4
190919701001017,4
190919701001018,4
190919701001021,4
190919701001022,4
190919701001030,4
190919701001031,4
190919701001032,4
190919701001033,4
190919701001034,4
190919701001035,4
190919701001036,4
190919701001037,4
190919701001038,4
190919701001039,4
190919701001040,4
190919701001041,4
190919701001042,4
190919701001043,4
190919701001044,4
190919701001045,4
190919701001046,4
190919701001047,4
190919701001048,4
190919701001049,4
190919701001050,4
190919701001051,4
190919701001052,4
190919701001053,4
190919701001054,4
190919701001055,4
190919701001056,4
190919701001057,4
190919701001058,4
190919701001059,4
190919701001060,4
190919701001061,4
190919701001062,4
190919701001063,4
190919701001064,4
190919701001065,4
190919701001066,4
190919701001067,4
190919701001068,4
190919701001069,4
190919701001070,4
190919701001071,4
190919701001072,4
190919701001073,4
190919701001074,4
190919701001075,4
190919701001076,4
190919701001077,4
190919701001078,4
190919701001079,4
190919701001080,4
190919701001081,4
190919701001082,4
190919701001083,4
190919701001084,4
190919701001085,4
190919701001094,4
190919701001095,4
190919701001096,4
190919701001097,4
190919701001098,4
190919701001099,4
190919701001100,4
190919701001101,4
190919701001102,4
190919701001103,4
190919701001104,4
190919701001107,4
190919701001108,4
190919701001109,4
190919701001110,4
190919701001111,4
190919701001112,4
190919701001113,4
190919701001114,4
190919701001115,4
190919701001116,4
190919701001119,4
190919701001120,4
190919701001123,4
190919701001124,4
190919701001125,4
190919701001126,4
190919701001141,4
190919701001142,4
190919701001143,4
190919701001144,4
190919701001019,4
190919701001020,4
190919701001023,4
190919701001024,4
190919701001025,4
190919701001026,4
190919701001027,4
190919701001028,4
190919701001029,4
190919701001117,4
190919701001118,4
190919701001121,4
190919701001122,4
190919701001196,4
190919702003000,4
190919702003001,4
190919702003002,4
190919702003003,4
190919702003004,4
190919702003005,4
190919702003065,4
190919702003066,4
190919702003067,4
190919702003068,4
190919702003069,4
190919702003070,4
190919702003075,4
190919702003076,4
190919702003077,4
190919702003078,4
190919702003079,4
190919702003080,4
190919702003081,4
190919702003082,4
190919702003083,4
190919702003084,4
190919702003085,4
190919702003086,4
190919702003087,4
190919702003090,4
190919702003091,4
190919702003092,4
190919702003093,4
190919702003094,4
190919702003095,4
190919702003096,4
190919702003097,4
190919702003098,4
190919702003099,4
190919702003100,4
190919702003101,4
190919702003102,4
190919702003103,4
190919702003104,4
190919702003105,4
190919702003106,4
190919702003107,4
190919702003108,4
190919702003109,4
190919702003110,4
190919702003111,4
190919702003112,4
190919702003113,4
190919702003114,4
190919702003115,4
190919702003116,4
190919702003117,4
190919702003118,4
190919702003119,4
190919702003120,4
190919702003121,4
190919702003122,4
190919702003123,4
190919702003124,4
190919702003125,4
190919702003126,4
190919702003127,4
190919702003128,4
190919702003129,4
190919702003130,4
190919702003131,4
190919702003132,4
190919702003133,4
190919702003134,4
190919702003135,4
190919702003136,4
190919702003137,4
190919702003138,4
190919702003139,4
190919702003140,4
190919702003141,4
190919702003142,4
190919702003145,4
190919702003146,4
190919702003147,4
190919702003148,4
190919702003149,4
190919702003150,4
190919702003161,4
190919701001136,4
190919701001137,4
190919701001138,4
190919701001139,4
190919701001140,4
190919701001145,4
190919701001146,4
190919701001153,4
190919701001154,4
190919701001155,4
190919701001156,4
190919701001193,4
190919701003081,4
190919701003082,4
190919701003083,4
190919701003084,4
190919701003085,4
190919701003086,4
190919701003087,4
190919701003088,4
190919701003089,4
190919701003090,4
190919701003091,4
190919701003094,4
190919701003095,4
190919701003096,4
190919701003097,4
190919701003098,4
190919701003099,4
190919701003100,4
190919701003101,4
190919701003102,4
190919701003103,4
190919701003105,4
190919701003106,4
190919701003122,4
190919701003123,4
190919703002000,4
190919701001182,4
190919701001183,4
190919701001184,4
190919701001185,4
190919701003000,4
190919701003001,4
190919701003002,4
190919701003003,4
190919701003004,4
190919701003005,4
190919701003006,4
190919701003007,4
190919701003008,4
190919701003009,4
190919701003010,4
190919701003011,4
190919701003012,4
190919701003013,4
190919701003014,4
190919701003015,4
190919701003016,4
190919701003017,4
190919701003018,4
190919701003019,4
190919701003020,4
190919701003021,4
190919701003022,4
190919701003023,4
190919701003024,4
190919701003025,4
190919701003026,4
190919701003027,4
190919701003028,4
190919701003030,4
190919701003057,4
190919701003058,4
190919701003059,4
190919701003128,4
190919701001197,4
190919701001198,4
190919701001199,4
190919701003092,4
190919701003093,4
190919701003104,4
190919702002000,4
190919702002001,4
190919702002002,4
190919702002003,4
190919702002004,4
190919702002005,4
190919702002040,4
190919702002043,4
190919702002044,4
190919702002045,4
190919702002046,4
190919702002047,4
190919702002048,4
190919702002049,4
190919702002050,4
190919702002051,4
190919702002052,4
190919702002059,4
190919702002060,4
190919702002061,4
190919702002062,4
190919702002063,4
190919702002064,4
190919702002065,4
190919702002066,4
190919702002067,4
190919702002068,4
190919702002077,4
190919702002078,4
190919702002079,4
190919702002080,4
190919702002081,4
190919702002082,4
190919702002083,4
190919702002084,4
190919702002085,4
190919702002086,4
190919702002087,4
190919702002088,4
190919702002089,4
190919702002090,4
190919702002091,4
190919702002092,4
190919702002095,4
190919702002096,4
190919702002097,4
190919702002098,4
190919702002099,4
190919702002100,4
190919702002105,4
190919702003143,4
190919702003144,4
190919702003151,4
190919702003155,4
190919702003156,4
190919702003160,4
190919703002001,4
190919704001000,4
190919704001001,4
190919704001007,4
190919704001008,4
190919704001009,4
190919704001010,4
190919701002000,4
190919701002001,4
190919701002002,4
190919701002003,4
190919701002004,4
190919701002005,4
190919701002006,4
190919701002018,4
190919701002019,4
190919701002020,4
190919701002021,4
190919701002038,4
190919701002039,4
190919701002040,4
190919701002041,4
190919701002042,4
190919701002043,4
190919701002044,4
190919701002045,4
190919701002046,4
190919701002047,4
190919701002048,4
190919701002049,4
190919701002050,4
190919701002051,4
190919701002052,4
190919701002053,4
190919701002054,4
190919701002055,4
190919701002056,4
190919701002057,4
190919701002058,4
190919701002059,4
190919701002060,4
190919701002061,4
190919701002062,4
190919701002063,4
190919701002064,4
190919701002065,4
190919701002066,4
190919701002067,4
190919701002068,4
190919701002069,4
190919701002070,4
190919701002071,4
190919701002072,4
190919701002073,4
190919701002074,4
190919701002075,4
190919701002076,4
190919701002077,4
190919701002078,4
190919701002079,4
190919701002080,4
190919701002081,4
190919701002082,4
190919701002083,4
190919701002084,4
190919701002085,4
190919701002086,4
190919701002087,4
190919701002088,4
190919701002089,4
190919701002090,4
190919701002091,4
190919701002092,4
190919701002093,4
190919701002094,4
190919701002095,4
190919701002123,4
190919701002007,4
190919701002008,4
190919701002009,4
190919701002010,4
190919701002011,4
190919701002012,4
190919701002013,4
190919701002014,4
190919701002015,4
190919701002016,4
190919701002017,4
190919701002022,4
190919701002023,4
190919701002024,4
190919701002025,4
190919701002026,4
190919701002027,4
190919701002028,4
190919701002029,4
190919701002030,4
190919701002031,4
190919701002032,4
190919701002033,4
190919701002034,4
190919701002035,4
190919701002036,4
190919701002037,4
190919701002096,4
190919701002097,4
190919701002098,4
190919701002099,4
190919701002100,4
190919701002101,4
190919701002102,4
190919701002103,4
190919701002104,4
190919701002105,4
190919701002106,4
190919701002107,4
190919701002108,4
190919701002109,4
190919701002110,4
190919701002111,4
190919701002112,4
190919701002113,4
190919701002116,4
190919701002117,4
190919701002118,4
190919701002119,4
190919701002120,4
190919701002121,4
190919701002122,4
190919703001042,4
190919703003028,4
190919703003053,4
190919703003056,4
190919703003057,4
190919701002114,4
190919701002115,4
190919702001000,4
190919702001001,4
190919702001002,4
190919702001045,4
190919702001046,4
190919702001047,4
190919702001048,4
190919702001049,4
190919702001050,4
190919702001072,4
190919702001073,4
190919702001074,4
190919702001075,4
190919702001076,4
190919702001077,4
190919702001078,4
190919702001079,4
190919702001080,4
190919702001081,4
190919702001082,4
190919702001115,4
190919702001116,4
190919702001117,4
190919702001120,4
190919702001121,4
190919702001122,4
190919702001123,4
190919702001124,4
190919702001125,4
190919702001126,4
190919702001127,4
190919702001128,4
190919702001129,4
190919702001130,4
190919702001131,4
190919702001132,4
190919703001040,4
190919703001041,4
190919704001011,4
190919704001012,4
190919704001034,4
190919704001035,4
190919704001088,4
190919704001089,4
190919704001095,4
190919704001096,4
190919704001097,4
190919701003029,4
190919701003031,4
190919701003032,4
190919701003033,4
190919701003037,4
190919701003038,4
190919701003039,4
190919701003040,4
190919701003041,4
190919701003042,4
190919701003043,4
190919701003044,4
190919701003045,4
190919701003046,4
190919701003047,4
190919701003048,4
190919701003049,4
190919701003050,4
190919701003051,4
190919701003052,4
190919701003053,4
190919701003054,4
190919701003055,4
190919701003056,4
190919701003060,4
190919701003061,4
190919701003062,4
190919701003063,4
190919701003064,4
190919701003065,4
190919701003066,4
190919701003067,4
190919701003068,4
190919701003069,4
190919701003070,4
190919701003071,4
190919701003072,4
190919701003073,4
190919701003074,4
190919701003075,4
190919701003076,4
190919701003077,4
190919701003078,4
190919701003079,4
190919701003080,4
190919701003107,4
190919701003108,4
190919701003109,4
190919701003110,4
190919701003111,4
190919701003112,4
190919701003113,4
190919701003114,4
190919701003115,4
190919701003116,4
190919701003117,4
190919701003118,4
190919701003119,4
190919701003120,4
190919701003121,4
190919701003124,4
190919701003125,4
190919701003126,4
190919701003127,4
190919702001003,4
190919702001004,4
190919702001005,4
190919702001006,4
190919702001007,4
190919702001008,4
190919702001030,4
190919702001038,4
190919702001039,4
190919702001040,4
190919702001041,4
190919702001042,4
190919702001043,4
190919702001044,4
190919702001051,4
190919702001052,4
190919702001053,4
190919702001054,4
190919702001055,4
190919702001056,4
190919702001057,4
190919702001058,4
190919702001059,4
190919702001061,4
190919702001062,4
190919702001063,4
190919702001064,4
190919702001065,4
190919702001066,4
190919702001067,4
190919702001068,4
190919702001069,4
190919702001070,4
190919702001071,4
190919702001083,4
190919702001084,4
190919702001085,4
190919702001086,4
190919702001087,4
190919702001088,4
190919702001089,4
190919702001090,4
190919702001091,4
190919702001092,4
190919702001093,4
190919702001094,4
190919702001095,4
190919702001096,4
190919702001097,4
190919702001098,4
190919702001099,4
190919702001100,4
190919702001101,4
190919702001102,4
190919702001103,4
190919702001104,4
190919702001105,4
190919702001106,4
190919702001107,4
190919702001108,4
190919702001109,4
190919702001110,4
190919702001111,4
190919702001112,4
190919702001113,4
190919702001114,4
190919702001118,4
190919702001119,4
190919702001136,4
190919702001137,4
190919702001009,4
190919702001010,4
190919702001011,4
190919702001012,4
190919702001013,4
190919702001014,4
190919702001015,4
190919702001016,4
190919702001017,4
190919702001018,4
190919702001019,4
190919702001020,4
190919702001021,4
190919702001022,4
190919702001023,4
190919702001024,4
190919702001025,4
190919702001026,4
190919702001027,4
190919702001028,4
190919702001029,4
190919702001031,4
190919702001032,4
190919702001033,4
190919702001034,4
190919702001035,4
190919702001036,4
190919702001037,4
190919702001060,4
190919702001133,4
190919702001134,4
190919702001135,4
190919702002075,4
190919702002006,4
190919702002007,4
190919702002008,4
190919702002009,4
190919702002010,4
190919702002011,4
190919702002012,4
190919702002013,4
190919702002014,4
190919702002015,4
190919702002016,4
190919702002017,4
190919702002018,4
190919702002019,4
190919702002020,4
190919702002021,4
190919702002022,4
190919702002023,4
190919702002024,4
190919702002025,4
190919702002026,4
190919702002027,4
190919702002028,4
190919702002029,4
190919702002030,4
190919702002031,4
190919702002032,4
190919702002033,4
190919702002034,4
190919702002035,4
190919702002036,4
190919702002037,4
190919702002038,4
190919702002039,4
190919702002041,4
190919702002042,4
190919702002053,4
190919702002054,4
190919702002055,4
190919702002056,4
190919702002057,4
190919702002058,4
190919702002069,4
190919702002070,4
190919702002071,4
190919702002072,4
190919702002073,4
190919702002074,4
190919702002076,4
190919702002093,4
190919702002094,4
190919702002101,4
190919702002102,4
190919702002103,4
190919702002104,4
190919702003152,4
190919702003153,4
190919702003158,4
190919702003159,4
190919702003006,4
190919702003007,4
190919702003008,4
190919702003009,4
190919702003010,4
190919702003011,4
190919702003012,4
190919702003013,4
190919702003014,4
190919702003015,4
190919702003016,4
190919702003017,4
190919702003018,4
190919702003019,4
190919702003020,4
190919702003021,4
190919702003022,4
190919702003023,4
190919702003024,4
190919702003025,4
190919702003026,4
190919702003027,4
190919702003028,4
190919702003029,4
190919702003030,4
190919702003031,4
190919702003032,4
190919702003033,4
190919702003034,4
190919702003035,4
190919702003036,4
190919702003037,4
190919702003038,4
190919702003039,4
190919702003040,4
190919702003041,4
190919702003042,4
190919702003043,4
190919702003044,4
190919702003045,4
190919702003046,4
190919702003047,4
190919702003048,4
190919702003049,4
190919702003050,4
190919702003051,4
190919702003052,4
190919702003053,4
190919702003054,4
190919702003055,4
190919702003056,4
190919702003057,4
190919702003058,4
190919702003059,4
190919702003060,4
190919702003061,4
190919702003062,4
190919702003063,4
190919702003064,4
190919702003071,4
190919702003072,4
190919702003073,4
190919702003074,4
190919702003088,4
190919702003089,4
190919702003154,4
190919702003157,4
190919702003162,4
190919702003163,4
190919703001000,4
190919703002028,4
190919703002029,4
190919703003000,4
190919703003001,4
190919703003002,4
190919703003003,4
190919703003004,4
190919703003005,4
190919703003006,4
190919703003007,4
190919703003008,4
190919703003009,4
190919703003010,4
190919703003011,4
190919703003012,4
190919703003013,4
190919703003014,4
190919703003015,4
190919703003016,4
190919703003017,4
190919703003018,4
190919703003019,4
190919703003020,4
190919703003021,4
190919703003022,4
190919703003023,4
190919703003024,4
190919703003025,4
190919703003026,4
190919703003027,4
190919703003029,4
190919703003030,4
190919703003031,4
190919703003032,4
190919703003033,4
190919703003034,4
190919703003035,4
190919703003036,4
190919703003037,4
190919703003038,4
190919703003039,4
190919703003040,4
190919703003041,4
190919703003042,4
190919703003043,4
190919703003044,4
190919703003045,4
190919703003046,4
190919703003047,4
190919703003048,4
190919703003049,4
190919703003050,4
190919703003051,4
190919703003052,4
190919703003054,4
190919703003055,4
190919703001001,4
190919703001002,4
190919703001003,4
190919703001004,4
190919703001005,4
190919703001006,4
190919703001007,4
190919703001008,4
190919703001009,4
190919703001010,4
190919703001011,4
190919703001012,4
190919703001013,4
190919703001014,4
190919703001015,4
190919703001016,4
190919703001017,4
190919703001018,4
190919703001019,4
190919703001020,4
190919703001021,4
190919703001022,4
190919703001023,4
190919703001024,4
190919703001025,4
190919703001026,4
190919703001027,4
190919703001028,4
190919703001029,4
190919703001030,4
190919703001031,4
190919703001032,4
190919703001033,4
190919703001034,4
190919703001035,4
190919703001036,4
190919703001037,4
190919703001038,4
190919703001039,4
190919703001043,4
190919703001044,4
190919703001045,4
190919703002002,4
190919703002003,4
190919703002004,4
190919703002005,4
190919703002006,4
190919703002007,4
190919703002008,4
190919703002009,4
190919703002010,4
190919703002011,4
190919703002012,4
190919703002013,4
190919703002014,4
190919703002015,4
190919703002016,4
190919703002017,4
190919703002018,4
190919703002019,4
190919703002020,4
190919703002021,4
190919703002022,4
190919703002023,4
190919703002024,4
190919703002025,4
190919703002026,4
190919703002027,4
190919703002030,4
190919703002031,4
190919703002032,4
190919703002033,4
190919703002034,4
190919703002035,4
190919703002036,4
190919703002037,4
190919703002038,4
190919703002039,4
190919703002040,4
190919703002041,4
190919703002042,4
190919703002043,4
190919703002044,4
190919704001002,4
190919704001003,4
190919704001004,4
190919704001005,4
190919704001006,4
190919704001013,4
190919704001014,4
190919704001015,4
190919704001016,4
190919704001017,4
190919704001018,4
190919704001019,4
190919704001020,4
190919704001021,4
190919704001022,4
190919704001023,4
190919704001024,4
190919704001025,4
190919704001026,4
190919704001027,4
190919704001028,4
190919704001029,4
190919704001030,4
190919704001031,4
190919704001032,4
190919704001033,4
190919704001036,4
190919704001037,4
190919704001038,4
190919704001039,4
190919704001040,4
190919704001041,4
190919704001042,4
190919704001043,4
190919704001044,4
190919704001045,4
190919704001046,4
190919704001047,4
190919704001048,4
190919704001049,4
190919704001050,4
190919704001051,4
190919704001052,4
190919704001053,4
190919704001054,4
190919704001055,4
190919704001056,4
190919704001057,4
190919704001058,4
190919704001059,4
190919704001060,4
190919704001061,4
190919704001062,4
190919704001063,4
190919704001064,4
190919704001065,4
190919704001066,4
190919704001067,4
190919704001068,4
190919704001069,4
190919704001070,4
190919704001071,4
190919704001072,4
190919704001073,4
190919704001074,4
190919704001075,4
190919704001076,4
190919704001077,4
190919704001078,4
190919704001079,4
190919704001080,4
190919704001081,4
190919704001082,4
190919704001083,4
190919704001084,4
190919704001085,4
190919704001086,4
190919704001087,4
190919704001090,4
190919704001091,4
190919704001092,4
190919704001093,4
190919704001094,4
190919704001098,4
190919704001099,4
190919704002000,4
190919704002001,4
190919704002002,4
190919704002003,4
190919704002004,4
190919704002005,4
190919704002006,4
190919704002007,4
190919704002008,4
190919704002009,4
190919704002010,4
190919704002011,4
190919704002012,4
190919704002013,4
190919704002014,4
190919704002015,4
190919704002016,4
190919704002017,4
190919704002018,4
190919704002019,4
190919704002020,4
190919704002021,4
190919704002022,4
190919704002023,4
190919704002024,4
190919704002025,4
190919704002026,4
190919704002027,4
190919704002028,4
190930901001000,4
190930901001001,4
190930901001002,4
190930901001003,4
190930901001004,4
190930901001005,4
190930901001006,4
190930901001007,4
190930901001008,4
190930901001100,4
190930901001101,4
190930901001102,4
190930901001103,4
190930901001104,4
190930901001105,4
190930901001106,4
190930901001107,4
190930901001108,4
190930901001109,4
190930901001110,4
190930901001111,4
190930901001112,4
190930901001113,4
190930901001114,4
190930901001115,4
190930901001116,4
190930901001117,4
190930901001118,4
190930901001119,4
190930901001120,4
190930901001121,4
190930901001122,4
190930901001123,4
190930901001124,4
190930901001125,4
190930901001126,4
190930901001127,4
190930901001128,4
190930901001129,4
190930901001130,4
190930901001131,4
190930901001132,4
190930901001133,4
190930901001134,4
190930901001135,4
190930901001136,4
190930901001137,4
190930901001138,4
190930901001139,4
190930901001140,4
190930901001141,4
190930901001142,4
190930901001143,4
190930901001144,4
190930901001145,4
190930901001146,4
190930901001147,4
190930901001148,4
190930901001149,4
190930901001150,4
190930901001151,4
190930901001152,4
190930901001153,4
190930901001154,4
190930901001155,4
190930901001156,4
190930901001157,4
190930901001158,4
190930901001159,4
190930901001160,4
190930901001161,4
190930901001162,4
190930901001163,4
190930901001176,4
190930901001177,4
190930901001178,4
190930901001179,4
190930901001180,4
190930901001181,4
190930901001184,4
190930901001185,4
190930901001186,4
190930901001187,4
190930901001188,4
190930901001189,4
190930901001190,4
190930901001191,4
190930901001192,4
190930901001193,4
190930901001194,4
190930901001195,4
190930901001196,4
190930901001197,4
190930901001198,4
190930901001199,4
190930901001200,4
190930901001201,4
190930901001202,4
190930901001203,4
190930901001204,4
190930901001205,4
190930901001206,4
190930901001207,4
190930901001208,4
190930901001210,4
190930901001211,4
190930901001009,4
190930901001010,4
190930901001011,4
190930901001012,4
190930901001013,4
190930901001014,4
190930901001015,4
190930901001016,4
190930901001017,4
190930901001048,4
190930901001049,4
190930901001050,4
190930901001051,4
190930901001052,4
190930901001075,4
190930901001076,4
190930901001077,4
190930901001078,4
190930901001083,4
190930901001087,4
190930901001088,4
190930901001089,4
190930901001090,4
190930901001091,4
190930901001092,4
190930901001093,4
190930901001094,4
190930901001095,4
190930901001096,4
190930901001097,4
190930901001098,4
190930901001099,4
190930901001164,4
190930901001165,4
190930901001166,4
190930901001167,4
190930901001168,4
190930901001169,4
190930901001170,4
190930901001171,4
190930901001172,4
190930901001173,4
190930901001174,4
190930901001175,4
190930901001182,4
190930901001183,4
190930901001209,4
190930901001212,4
190930901001214,4
190930901002000,4
190930901002007,4
190930901002018,4
190930901002057,4
190930901002061,4
190930901002063,4
190930901001018,4
190930901001019,4
190930901001020,4
190930901001021,4
190930901001022,4
190930901001023,4
190930901001024,4
190930901001025,4
190930901001026,4
190930901001027,4
190930901001028,4
190930901001029,4
190930901001030,4
190930901001031,4
190930901001032,4
190930901001033,4
190930901001034,4
190930901001035,4
190930901001036,4
190930901001037,4
190930901001038,4
190930901001039,4
190930901001040,4
190930901001041,4
190930901001042,4
190930901001043,4
190930901001044,4
190930901001045,4
190930901001046,4
190930901001047,4
190930901001053,4
190930901001054,4
190930901001055,4
190930901001056,4
190930901001057,4
190930901001058,4
190930901001059,4
190930901001060,4
190930901001061,4
190930901001062,4
190930901001063,4
190930901001064,4
190930901001065,4
190930901001066,4
190930901001067,4
190930901001068,4
190930901001069,4
190930901001070,4
190930901001071,4
190930901001072,4
190930901001073,4
190930901001074,4
190930901001079,4
190930901001080,4
190930901001081,4
190930901001082,4
190930901001084,4
190930901001085,4
190930901001086,4
190930901001213,4
190930901001215,4
190930901002001,4
190930901002002,4
190930901002003,4
190930901002004,4
190930901002005,4
190930901002006,4
190930901002008,4
190930901002009,4
190930901002010,4
190930901002011,4
190930901002012,4
190930901002013,4
190930901002014,4
190930901002015,4
190930901002016,4
190930901002017,4
190930901002019,4
190930901002021,4
190930901002022,4
190930901002023,4
190930901002024,4
190930901002025,4
190930901002026,4
190930901002027,4
190930901002028,4
190930901002029,4
190930901002030,4
190930901002031,4
190930901002032,4
190930901002033,4
190930901002034,4
190930901002035,4
190930901002036,4
190930901002037,4
190930901002038,4
190930901002039,4
190930901002040,4
190930901002041,4
190930901002042,4
190930901002043,4
190930901002044,4
190930901002045,4
190930901002046,4
190930901002047,4
190930901002048,4
190930901002049,4
190930901002050,4
190930901002051,4
190930901002052,4
190930901002053,4
190930901002054,4
190930901002055,4
190930901002056,4
190930901002058,4
190930901002059,4
190930901002060,4
190930901002062,4
190930901002065,4
190930901002066,4
190930901002120,4
190930901002121,4
190930901002122,4
190930901002123,4
190930901002124,4
190930901002125,4
190930901002126,4
190930901002127,4
190930901002128,4
190930901002129,4
190930901002130,4
190930901002132,4
190930901002133,4
190930901002134,4
190930901002135,4
190930901002136,4
190930901002137,4
190930901002138,4
190930901002139,4
190930901002140,4
190930901002141,4
190930901002020,4
190930901002064,4
190930901002067,4
190930901002068,4
190930901002069,4
190930901002079,4
190930901002080,4
190930901002081,4
190930901002082,4
190930901002083,4
190930901002084,4
190930901002085,4
190930901002086,4
190930901002087,4
190930901002088,4
190930901002089,4
190930901002090,4
190930901002091,4
190930901002111,4
190930901002112,4
190930901002113,4
190930901002114,4
190930901002115,4
190930901002117,4
190930901002118,4
190930901002119,4
190930902001012,4
190930902001013,4
190930902001014,4
190930902001015,4
190930902001016,4
190930902001017,4
190930902001018,4
190930902001040,4
190930902001041,4
190930902001057,4
190930902001058,4
190930902001059,4
190930902001060,4
190930902001077,4
190930902001078,4
190930902001079,4
190930902001080,4
190930902001081,4
190930902001082,4
190930902001083,4
190930902001084,4
190930902001135,4
190930902001136,4
190930902001137,4
190930902001138,4
190930902001139,4
190930902001140,4
190930902001141,4
190930902001142,4
190930902001143,4
190930902001144,4
190930902001145,4
190930902001146,4
190930902001147,4
190930902001148,4
190930902001168,4
190930902001169,4
190930902001170,4
190930902001171,4
190930902001256,4
190930901002070,4
190930901002071,4
190930901002072,4
190930901002073,4
190930901002074,4
190930901002075,4
190930901002076,4
190930901002077,4
190930901002078,4
190930901002092,4
190930901002093,4
190930901002094,4
190930901002095,4
190930901002096,4
190930901002097,4
190930901002098,4
190930901002099,4
190930901002100,4
190930901002101,4
190930901002102,4
190930901002103,4
190930901002104,4
190930901002105,4
190930901002106,4
190930901002107,4
190930901002108,4
190930901002109,4
190930901002110,4
190930901002116,4
190930901002131,4
190930902001085,4
190930902001086,4
190930902001087,4
190930902001088,4
190930902001089,4
190930902001090,4
190930902001091,4
190930902001092,4
190930902001093,4
190930902001094,4
190930902001095,4
190930902001096,4
190930902001097,4
190930902001098,4
190930902001099,4
190930902001100,4
190930902001101,4
190930902001102,4
190930902001103,4
190930902001104,4
190930902001105,4
190930902001106,4
190930902001113,4
190930902001114,4
190930902001115,4
190930902001127,4
190930902001128,4
190930902001129,4
190930902001130,4
190930902001131,4
190930902001132,4
190930902001133,4
190930902001134,4
190930902001153,4
190930902001154,4
190930902001155,4
190930902001254,4
190930902001255,4
190930902001000,4
190930902001001,4
190930902001002,4
190930902001003,4
190930902001004,4
190930902001005,4
190930902001006,4
190930902001007,4
190930902001008,4
190930902001009,4
190930902001010,4
190930902001011,4
190930902001019,4
190930902001020,4
190930902001021,4
190930902001022,4
190930902001023,4
190930902001024,4
190930902001025,4
190930902001026,4
190930902001027,4
190930902001028,4
190930902001029,4
190930902001030,4
190930902001031,4
190930902001032,4
190930902001033,4
190930902001034,4
190930902001035,4
190930902001036,4
190930902001037,4
190930902001038,4
190930902001039,4
190930902001042,4
190930902001043,4
190930902001044,4
190930902001045,4
190930902001046,4
190930902001047,4
190930902001048,4
190930902001049,4
190930902001050,4
190930902001051,4
190930902001052,4
190930902001053,4
190930902001054,4
190930902001055,4
190930902001056,4
190930902001061,4
190930902001062,4
190930902001063,4
190930902001064,4
190930902001065,4
190930902001066,4
190930902001067,4
190930902001068,4
190930902001069,4
190930902001070,4
190930902001071,4
190930902001072,4
190930902001073,4
190930902001074,4
190930902001075,4
190930902001076,4
190930902001264,4
190930902001270,4
190930902001271,4
190930902001107,4
190930902001108,4
190930902001109,4
190930902001110,4
190930902001111,4
190930902001112,4
190930902001116,4
190930902001117,4
190930902001118,4
190930902001119,4
190930902001120,4
190930902001121,4
190930902001122,4
190930902001123,4
190930902001124,4
190930902001125,4
190930902001126,4
190930902001149,4
190930902001150,4
190930902001151,4
190930902001152,4
190930902001156,4
190930902001157,4
190930902001158,4
190930902001159,4
190930902001160,4
190930902001161,4
190930902001162,4
190930902001163,4
190930902001164,4
190930902001165,4
190930902001166,4
190930902001167,4
190930902001172,4
190930902001173,4
190930902001174,4
190930902001175,4
190930902001176,4
190930902001177,4
190930902001178,4
190930902001179,4
190930902001180,4
190930902001181,4
190930902001182,4
190930902001183,4
190930902001184,4
190930902001185,4
190930902001186,4
190930902001187,4
190930902001188,4
190930902001189,4
190930902001190,4
190930902001191,4
190930902001192,4
190930902001193,4
190930902001194,4
190930902001195,4
190930902001196,4
190930902001197,4
190930902001198,4
190930902001199,4
190930902001200,4
190930902001201,4
190930902001202,4
190930902001203,4
190930902001204,4
190930902001205,4
190930902001206,4
190930902001207,4
190930902001208,4
190930902001209,4
190930902001210,4
190930902001211,4
190930902001212,4
190930902001213,4
190930902001214,4
190930902001215,4
190930902001216,4
190930902001217,4
190930902001218,4
190930902001219,4
190930902001220,4
190930902001221,4
190930902001222,4
190930902001223,4
190930902001224,4
190930902001225,4
190930902001226,4
190930902001227,4
190930902001228,4
190930902001229,4
190930902001230,4
190930902001231,4
190930902001232,4
190930902001233,4
190930902001234,4
190930902001235,4
190930902001236,4
190930902001237,4
190930902001238,4
190930902001239,4
190930902001240,4
190930902001241,4
190930902001242,4
190930902001243,4
190930902001247,4
190930902001248,4
190930902001252,4
190930902001253,4
190930902002074,4
190930902002075,4
190930902002076,4
190930902002077,4
190930902002081,4
190930902002082,4
190930902002083,4
190930902002150,4
190930902002151,4
190930902002152,4
190930902002157,4
190930902001244,4
190930902001245,4
190930902001246,4
190930902001249,4
190930902001250,4
190930902001251,4
190930902001278,4
190930902002147,4
190930902002148,4
190930902002149,4
190930902002153,4
190930902002154,4
190930902002155,4
190930902002156,4
190930902002158,4
190930902002159,4
190930902002160,4
190930902002161,4
190930902002162,4
190930902002163,4
190930902002164,4
190930902002165,4
190930902002208,4
190930902002209,4
190930902002210,4
190930902002211,4
190930902002212,4
190930902002213,4
190930902002214,4
190930902002215,4
190930902002216,4
190930902002217,4
190930902002218,4
190930902002219,4
190930902002220,4
190930902002221,4
190930902002222,4
190930902002223,4
190930902002224,4
190930902002225,4
190930902002226,4
190930902002227,4
190930902002228,4
190930902002229,4
190930902002230,4
190930902002231,4
190930902002232,4
190930902002233,4
190930902002234,4
190930902002235,4
190930902002236,4
190930902002256,4
190930902001257,4
190930902001258,4
190930902001259,4
190930902001260,4
190930902002071,4
190930902002072,4
190930902002073,4
190930902002079,4
190930902002080,4
190930903001000,4
190930903001001,4
190930903001002,4
190930903001003,4
190930903001004,4
190930903001005,4
190930903001006,4
190930903001007,4
190930903001008,4
190930903001009,4
190930903001010,4
190930903001011,4
190930903001012,4
190930903001013,4
190930903001014,4
190930903001015,4
190930903001016,4
190930903001017,4
190930903001018,4
190930903001019,4
190930903001020,4
190930903001021,4
190930903001022,4
190930903001023,4
190930903001024,4
190930903001025,4
190930903001026,4
190930903001027,4
190930903001028,4
190930903001029,4
190930903001030,4
190930903001031,4
190930903001032,4
190930903001033,4
190930903001034,4
190930903001035,4
190930903001036,4
190930903001037,4
190930903001038,4
190930903001039,4
190930903001040,4
190930903001041,4
190930903001042,4
190930903001043,4
190930903001044,4
190930903001045,4
190930903001046,4
190930903001047,4
190930903001048,4
190930903001049,4
190930903001050,4
190930903001051,4
190930903001052,4
190930903001053,4
190930903001054,4
190930903001055,4
190930903001056,4
190930903001057,4
190930903001058,4
190930903001059,4
190930903001060,4
190930903001061,4
190930903001062,4
190930903001063,4
190930903001064,4
190930903001065,4
190930903001066,4
190930903001067,4
190930903001068,4
190930903001069,4
190930903001070,4
190930903001071,4
190930903001072,4
190930903001073,4
190930903001074,4
190930903001075,4
190930903001076,4
190930903001077,4
190930903001078,4
190930903001079,4
190930903001080,4
190930903001081,4
190930903001082,4
190930903001083,4
190930903001084,4
190930903001085,4
190930903001086,4
190930903001087,4
190930903001088,4
190930903001089,4
190930903001090,4
190930903001091,4
190930903001092,4
190930903001093,4
190930903001094,4
190930903001095,4
190930903001096,4
190930903001097,4
190930903001098,4
190930903001099,4
190930903001100,4
190930903001101,4
190930903001102,4
190930903001103,4
190930903001104,4
190930903001105,4
190930903001106,4
190930903001107,4
190930903001108,4
190930903001109,4
190930903001110,4
190930903001111,4
190930903002000,4
190930903002001,4
190930903002002,4
190930903002003,4
190930903002004,4
190930903002005,4
190930903002006,4
190930903002007,4
190930903002008,4
190930903002009,4
190930903002010,4
190930903002011,4
190930903002012,4
190930903002013,4
190930903002014,4
190930903002015,4
190930903002016,4
190930903002017,4
190930903002018,4
190930903002019,4
190930903002020,4
190930903002021,4
190930903002022,4
190930903002023,4
190930903002024,4
190930903002025,4
190930903002026,4
190930903002027,4
190930903002028,4
190930903002029,4
190930903002030,4
190930903002031,4
190930903002032,4
190930903002033,4
190930903002034,4
190930903002035,4
190930903002036,4
190930903002037,4
190930903002038,4
190930903002039,4
190930903002040,4
190930903002041,4
190930903002042,4
190930903002043,4
190930903002044,4
190930903002045,4
190930903002046,4
190930903002047,4
190930903002048,4
190930903003000,4
190930903003001,4
190930903003002,4
190930903003003,4
190930903003004,4
190930903003005,4
190930903003006,4
190930903003007,4
190930903003008,4
190930903003009,4
190930903003010,4
190930903003011,4
190930903003012,4
190930903003013,4
190930903003014,4
190930903003015,4
190930903003016,4
190930903003017,4
190930903003018,4
190930903003019,4
190930903003020,4
190930903003021,4
190930903003022,4
190930903003023,4
190930903003024,4
190930903003025,4
190930903003026,4
190930903003027,4
190930903003028,4
190930903003029,4
190930903003030,4
190930903003031,4
190930903003032,4
190930903003033,4
190930902001261,4
190930902001262,4
190930902001263,4
190930902001265,4
190930902001266,4
190930902001267,4
190930902001268,4
190930902001269,4
190930902001272,4
190930902001273,4
190930902001274,4
190930902001275,4
190930902001276,4
190930902001277,4
190930902001279,4
190930902001280,4
190930902001281,4
190930902001282,4
190930902001283,4
190930902002000,4
190930902002001,4
190930902002002,4
190930902002003,4
190930902002004,4
190930902002005,4
190930902002006,4
190930902002007,4
190930902002008,4
190930902002009,4
190930902002010,4
190930902002011,4
190930902002012,4
190930902002013,4
190930902002014,4
190930902002015,4
190930902002016,4
190930902002017,4
190930902002018,4
190930902002019,4
190930902002020,4
190930902002021,4
190930902002022,4
190930902002023,4
190930902002024,4
190930902002025,4
190930902002026,4
190930902002027,4
190930902002028,4
190930902002029,4
190930902002030,4
190930902002031,4
190930902002032,4
190930902002033,4
190930902002034,4
190930902002035,4
190930902002036,4
190930902002037,4
190930902002038,4
190930902002039,4
190930902002040,4
190930902002041,4
190930902002042,4
190930902002043,4
190930902002044,4
190930902002045,4
190930902002046,4
190930902002047,4
190930902002048,4
190930902002049,4
190930902002050,4
190930902002051,4
190930902002052,4
190930902002053,4
190930902002054,4
190930902002055,4
190930902002056,4
190930902002057,4
190930902002058,4
190930902002059,4
190930902002060,4
190930902002061,4
190930902002062,4
190930902002063,4
190930902002095,4
190930902002240,4
190930902002241,4
190930902002242,4
190930902002243,4
190930902002244,4
190930902002245,4
190930902002246,4
190930902002247,4
190930902002248,4
190930902002249,4
190930902002250,4
190930902002251,4
190930902002252,4
190930902002253,4
190930902002254,4
190930902002255,4
190930902002064,4
190930902002065,4
190930902002091,4
190930902002092,4
190930902002093,4
190930902002094,4
190930902002096,4
190930902002101,4
190930902002102,4
190930902002103,4
190930902002104,4
190930902002105,4
190930902002106,4
190930902002107,4
190930902002108,4
190930902002109,4
190930902002110,4
190930902002111,4
190930902002112,4
190930902002113,4
190930902002114,4
190930902002115,4
190930902002116,4
190930902002117,4
190930902002118,4
190930902002119,4
190930902002120,4
190930902002121,4
190930902002122,4
190930902002123,4
190930902002125,4
190930902002126,4
190930902002127,4
190930902002128,4
190930902002129,4
190930902002130,4
190930902002131,4
190930902002132,4
190930902002133,4
190930902002134,4
190930902002135,4
190930902002182,4
190930902002183,4
190930902002187,4
190930902002188,4
190930902002189,4
190930902002190,4
190930902002191,4
190930902002192,4
190930902002193,4
190930902002194,4
190930902002195,4
190930902002196,4
190930902002197,4
190930902002198,4
190930902002204,4
190930902002205,4
190930902002066,4
190930902002067,4
190930902002068,4
190930902002069,4
190930902002070,4
190930902002078,4
190930902002084,4
190930902002085,4
190930902002086,4
190930902002087,4
190930902002088,4
190930902002089,4
190930902002090,4
190930902002097,4
190930902002098,4
190930902002099,4
190930902002100,4
190930902002124,4
190930902002136,4
190930902002137,4
190930902002138,4
190930902002139,4
190930902002140,4
190930902002141,4
190930902002142,4
190930902002143,4
190930902002144,4
190930902002145,4
190930902002146,4
190930902002166,4
190930902002167,4
190930902002168,4
190930902002169,4
190930902002170,4
190930902002171,4
190930902002172,4
190930902002173,4
190930902002174,4
190930902002175,4
190930902002176,4
190930902002177,4
190930902002178,4
190930902002179,4
190930902002180,4
190930902002181,4
190930902002184,4
190930902002185,4
190930902002186,4
190930902002199,4
190930902002200,4
190930902002201,4
190930902002202,4
190930902002203,4
190930902002206,4
190930902002207,4
190930902002237,4
190930902002238,4
190930902002239,4
190959601001000,1
190959601001001,1
190959601001002,1
190959601001003,1
190959601001004,1
190959601001005,1
190959601001006,1
190959601001007,1
190959601001008,1
190959601001009,1
190959601001010,1
190959601001011,1
190959601001012,1
190959601001013,1
190959601001014,1
190959601001015,1
190959601001016,1
190959601001017,1
190959601001018,1
190959601001019,1
190959601001020,1
190959601001021,1
190959601001022,1
190959601001023,1
190959601001024,1
190959601001025,1
190959601001026,1
190959601001027,1
190959601001028,1
190959601001029,1
190959601001030,1
190959601001031,1
190959601001032,1
190959601001033,1
190959601001034,1
190959601001035,1
190959601001036,1
190959601001037,1
190959601001038,1
190959601001039,1
190959601001040,1
190959601001041,1
190959601001042,1
190959601001043,1
190959601001044,1
190959601001045,1
190959601001046,1
190959601001047,1
190959601001048,1
190959601001049,1
190959601001050,1
190959601001051,1
190959601001052,1
190959601001053,1
190959601001054,1
190959601001055,1
190959601001056,1
190959601001057,1
190959601001058,1
190959601001059,1
190959601001060,1
190959601001061,1
190959601001062,1
190959601001063,1
190959601001064,1
190959601001065,1
190959601001066,1
190959601001067,1
190959601001068,1
190959601001069,1
190959601001070,1
190959601001071,1
190959601002000,1
190959601002001,1
190959601002015,1
190959601002016,1
190959601002017,1
190959601002018,1
190959601002019,1
190959601002020,1
190959601002021,1
190959601002022,1
190959601002023,1
190959601002024,1
190959601002025,1
190959601002026,1
190959601002027,1
190959601002028,1
190959601002029,1
190959601002030,1
190959601002035,1
190959601002036,1
190959601002037,1
190959601002038,1
190959601002039,1
190959601002040,1
190959601002041,1
190959601002042,1
190959601002043,1
190959601002044,1
190959601002045,1
190959601002046,1
190959601002047,1
190959601001072,1
190959601001073,1
190959601001074,1
190959601001075,1
190959601002065,1
190959601002066,1
190959601003000,1
190959601003001,1
190959601003002,1
190959601003003,1
190959601003004,1
190959601003005,1
190959601003006,1
190959601003007,1
190959601003008,1
190959601003009,1
190959601003043,1
190959601003044,1
190959601003050,1
190959601003051,1
190959601003052,1
190959601003053,1
190959601003054,1
190959601003055,1
190959601003072,1
190959601003073,1
190959601003074,1
190959601003075,1
190959601003076,1
190959601003077,1
190959601003078,1
190959601003079,1
190959601003080,1
190959601003081,1
190959601003082,1
190959601003083,1
190959601003084,1
190959601003085,1
190959601003086,1
190959601003087,1
190959601003088,1
190959601003089,1
190959601003090,1
190959601003091,1
190959601003092,1
190959601003093,1
190959601003094,1
190959601003095,1
190959601003096,1
190959601003097,1
190959601003098,1
190959601003099,1
190959601003100,1
190959601003101,1
190959601003102,1
190959601003103,1
190959601003104,1
190959601003105,1
190959601003106,1
190959601003107,1
190959601003108,1
190959601003109,1
190959601003110,1
190959601003111,1
190959601003112,1
190959601003113,1
190959601003114,1
190959601003115,1
190959601003116,1
190959601003117,1
190959601003118,1
190959601003119,1
190959601003132,1
190959601003133,1
190959601003140,1
190959601003142,1
190959601003143,1
190959601003144,1
190959601003146,1
190959601003147,1
190959601002002,1
190959601002003,1
190959601002004,1
190959601002005,1
190959601002006,1
190959601002007,1
190959601002008,1
190959601002009,1
190959601002010,1
190959601002011,1
190959601002012,1
190959601002013,1
190959601002014,1
190959601002031,1
190959601002032,1
190959601002033,1
190959601002034,1
190959601002048,1
190959601002049,1
190959601002050,1
190959601002051,1
190959601002052,1
190959601002053,1
190959601002054,1
190959601002055,1
190959601002056,1
190959601002057,1
190959601002058,1
190959601002059,1
190959601002060,1
190959601002061,1
190959601002062,1
190959601002067,1
190959601002068,1
190959601002069,1
190959601002070,1
190959601002071,1
190959601002072,1
190959601002073,1
190959601002074,1
190959601003013,1
190959601003014,1
190959601003015,1
190959601003016,1
190959602001000,1
190959602001003,1
190959602001087,1
190959602003000,1
190959602004000,1
190959602004095,1
190959602004096,1
190959602004100,1
190959601002063,1
190959601002064,1
190959601003010,1
190959601003011,1
190959601003012,1
190959601003017,1
190959601003018,1
190959601003019,1
190959601003020,1
190959601003021,1
190959601003022,1
190959601003023,1
190959601003024,1
190959601003025,1
190959601003026,1
190959601003027,1
190959601003028,1
190959601003029,1
190959601003030,1
190959601003031,1
190959601003032,1
190959601003033,1
190959601003034,1
190959601003035,1
190959601003036,1
190959601003037,1
190959601003038,1
190959601003039,1
190959601003040,1
190959601003041,1
190959601003042,1
190959601003045,1
190959601003046,1
190959601003047,1
190959601003048,1
190959601003049,1
190959601003056,1
190959601003057,1
190959601003058,1
190959601003059,1
190959601003060,1
190959601003061,1
190959601003062,1
190959601003063,1
190959601003064,1
190959601003065,1
190959601003066,1
190959601003067,1
190959601003068,1
190959601003069,1
190959601003128,1
190959601003139,1
190959601003145,1
190959602002012,1
190959602004094,1
190959602004101,1
190959604001002,1
190959604003023,1
190959601003070,1
190959601003071,1
190959601003120,1
190959601003121,1
190959601003137,1
190959601003138,1
190959604001001,1
190959604001005,1
190959604001011,1
190959604003001,1
190959604003002,1
190959604003005,1
190959604003006,1
190959604003009,1
190959604003010,1
190959604003011,1
190959604003012,1
190959604003013,1
190959604003014,1
190959604003015,1
190959604003017,1
190959604003018,1
190959604003019,1
190959604003020,1
190959604003021,1
190959604003022,1
190959604003024,1
190959604003025,1
190959604003026,1
190959604003027,1
190959604003028,1
190959604003029,1
190959604003030,1
190959604003031,1
190959604003032,1
190959604003033,1
190959604003035,1
190959604003036,1
190959604003037,1
190959604004000,1
190959604004026,1
190959604004038,1
190959604004039,1
190959604004042,1
190959604004043,1
190959604004044,1
190959604004045,1
190959601003122,1
190959601003123,1
190959601003124,1
190959601003125,1
190959601003126,1
190959601003127,1
190959601003129,1
190959601003130,1
190959601003131,1
190959601003134,1
190959601003135,1
190959601003136,1
190959601003141,1
190959604001000,1
190959604001003,1
190959604001004,1
190959604001006,1
190959604001007,1
190959604001008,1
190959604001009,1
190959604001010,1
190959604001012,1
190959604001013,1
190959604001014,1
190959604001015,1
190959604001016,1
190959604001017,1
190959604001018,1
190959604001019,1
190959604001020,1
190959604001021,1
190959604001022,1
190959604001023,1
190959604001024,1
190959604001025,1
190959604001026,1
190959604001027,1
190959604001028,1
190959604001029,1
190959604001030,1
190959604001031,1
190959604001032,1
190959604001033,1
190959604001034,1
190959604001035,1
190959604001036,1
190959604001037,1
190959604001038,1
190959604001039,1
190959604001040,1
190959604001041,1
190959604001042,1
190959604001043,1
190959604001044,1
190959604001045,1
190959604001046,1
190959604001047,1
190959604001048,1
190959604001049,1
190959604001050,1
190959604001051,1
190959604001052,1
190959604001053,1
190959604001054,1
190959604001055,1
190959604001056,1
190959604001057,1
190959604001058,1
190959604001059,1
190959604001060,1
190959604001061,1
190959604001062,1
190959604001063,1
190959604001064,1
190959604001065,1
190959604001066,1
190959604001067,1
190959604001068,1
190959604001069,1
190959604001070,1
190959604001071,1
190959604003003,1
190959604003004,1
190959604003016,1
190959604004001,1
190959604004002,1
190959604004003,1
190959604004004,1
190959604004005,1
190959604004006,1
190959604004007,1
190959604004008,1
190959604004009,1
190959604004010,1
190959604004011,1
190959604004012,1
190959604004013,1
190959604004014,1
190959604004015,1
190959604004016,1
190959604004017,1
190959604004018,1
190959604004019,1
190959604004020,1
190959604004021,1
190959604004022,1
190959604004023,1
190959604004024,1
190959604004025,1
190959604004027,1
190959604004028,1
190959604004029,1
190959604004030,1
190959604004031,1
190959604004032,1
190959604004033,1
190959604004034,1
190959604004035,1
190959604004036,1
190959604004037,1
190959604004040,1
190959604004041,1
190959604004046,1
190959602001001,1
190959602001002,1
190959602001004,1
190959602001005,1
190959602001006,1
190959602001019,1
190959602001020,1
190959602001021,1
190959602001022,1
190959602001045,1
190959602001046,1
190959602001047,1
190959602001048,1
190959602001049,1
190959602001050,1
190959602001055,1
190959602001072,1
190959602001077,1
190959602001078,1
190959602001079,1
190959602001082,1
190959602001083,1
190959602001084,1
190959602001088,1
190959602001089,1
190959602001090,1
190959602002000,1
190959602002001,1
190959602002008,1
190959602004088,1
190959602004089,1
190959602004090,1
190959602004091,1
190959602001007,1
190959602001008,1
190959602001009,1
190959602001010,1
190959602001011,1
190959602001012,1
190959602001013,1
190959602001014,1
190959602001015,1
190959602001016,1
190959602001017,1
190959602001018,1
190959602001023,1
190959602001024,1
190959602001025,1
190959602001026,1
190959602001027,1
190959602001028,1
190959602001029,1
190959602001030,1
190959602001031,1
190959602001032,1
190959602001033,1
190959602001034,1
190959602001035,1
190959602001036,1
190959602001037,1
190959602001038,1
190959602001039,1
190959602001040,1
190959602001041,1
190959602001042,1
190959602001043,1
190959602001044,1
190959602001051,1
190959602001052,1
190959602001053,1
190959602001054,1
190959602001056,1
190959602001057,1
190959602001058,1
190959602001059,1
190959602001060,1
190959602001061,1
190959602001062,1
190959602001063,1
190959602001064,1
190959602001065,1
190959602001066,1
190959602001067,1
190959602001068,1
190959602001069,1
190959602001070,1
190959602001071,1
190959602001073,1
190959602001074,1
190959602001075,1
190959602001076,1
190959602001080,1
190959602001085,1
190959602001086,1
190959602001091,1
190959602001092,1
190959602001081,1
190959602002029,1
190959602002030,1
190959602002031,1
190959602002032,1
190959602002033,1
190959602002034,1
190959602002035,1
190959602002036,1
190959602002037,1
190959602002038,1
190959602002039,1
190959602002063,1
190959602002064,1
190959602002065,1
190959602002066,1
190959602002067,1
190959602002068,1
190959602002069,1
190959602002070,1
190959602002071,1
190959602002072,1
190959602002073,1
190959602002074,1
190959602002075,1
190959602002076,1
190959602002077,1
190959602002078,1
190959602002094,1
190959602002095,1
190959602002096,1
190959602002097,1
190959603001000,1
190959603001001,1
190959603001002,1
190959603001005,1
190959603001029,1
190959603001031,1
190959603001053,1
190959603001054,1
190959603001055,1
190959603001056,1
190959603001057,1
190959603003009,1
190959603003010,1
190959603003011,1
190959602002002,1
190959602002003,1
190959602002004,1
190959602002005,1
190959602002006,1
190959602002007,1
190959602002009,1
190959602002010,1
190959602002011,1
190959602002013,1
190959602002014,1
190959602002015,1
190959602002016,1
190959602002017,1
190959602002018,1
190959602002019,1
190959602002020,1
190959602002021,1
190959602002022,1
190959602002023,1
190959602002024,1
190959602002025,1
190959602002026,1
190959602002027,1
190959602002028,1
190959602002047,1
190959602002048,1
190959602002050,1
190959602002051,1
190959602002056,1
190959602002057,1
190959602002058,1
190959602002059,1
190959602002060,1
190959602002061,1
190959602002062,1
190959602002079,1
190959602002080,1
190959602002081,1
190959602002082,1
190959602002083,1
190959602002084,1
190959602002085,1
190959602002086,1
190959602002087,1
190959602002088,1
190959602002089,1
190959602002090,1
190959602002091,1
190959602002092,1
190959602002093,1
190959602002102,1
190959602002103,1
190959602004093,1
190959603003000,1
190959603003001,1
190959603003002,1
190959603003003,1
190959603003004,1
190959603003005,1
190959603003006,1
190959603003007,1
190959603003008,1
190959603003016,1
190959603003017,1
190959603003214,1
190959602002040,1
190959602002041,1
190959602002042,1
190959602002043,1
190959602002044,1
190959602002045,1
190959602002046,1
190959602002049,1
190959602002052,1
190959602002053,1
190959602002054,1
190959602002055,1
190959602002098,1
190959602002099,1
190959602002100,1
190959602002101,1
190959602003001,1
190959602003002,1
190959602003003,1
190959602003004,1
190959602003005,1
190959602003006,1
190959602003007,1
190959602003008,1
190959602003009,1
190959602003010,1
190959602003011,1
190959602003012,1
190959602003013,1
190959602003014,1
190959602003015,1
190959602003016,1
190959602003017,1
190959602003018,1
190959602003019,1
190959602003020,1
190959602003021,1
190959602003022,1
190959602003023,1
190959602003024,1
190959602003025,1
190959602003026,1
190959602003027,1
190959602003028,1
190959602003029,1
190959602003030,1
190959602003031,1
190959602003032,1
190959602003033,1
190959602003034,1
190959602003035,1
190959602003036,1
190959602003037,1
190959602003038,1
190959602003039,1
190959602003040,1
190959602003041,1
190959602003042,1
190959602003043,1
190959602003044,1
190959602003045,1
190959602003046,1
190959602003047,1
190959602003048,1
190959602003049,1
190959602003050,1
190959602003051,1
190959602003052,1
190959602003053,1
190959602003054,1
190959602003055,1
190959602003056,1
190959602003057,1
190959602003058,1
190959602003059,1
190959602003060,1
190959602003061,1
190959602003062,1
190959602003063,1
190959602003064,1
190959602003065,1
190959602003066,1
190959602003067,1
190959602003068,1
190959602003069,1
190959602003070,1
190959602003071,1
190959602003072,1
190959602004001,1
190959602004002,1
190959602004003,1
190959602004004,1
190959602004005,1
190959602004006,1
190959602004007,1
190959602004008,1
190959602004009,1
190959602004010,1
190959602004011,1
190959602004012,1
190959602004013,1
190959602004014,1
190959602004015,1
190959602004016,1
190959602004017,1
190959602004018,1
190959602004019,1
190959602004020,1
190959602004021,1
190959602004022,1
190959602004023,1
190959602004024,1
190959602004025,1
190959602004026,1
190959602004027,1
190959602004028,1
190959602004029,1
190959602004030,1
190959602004031,1
190959602004032,1
190959602004033,1
190959602004034,1
190959602004035,1
190959602004036,1
190959602004037,1
190959602004038,1
190959602004039,1
190959602004040,1
190959602004041,1
190959602004042,1
190959602004043,1
190959602004044,1
190959602004045,1
190959602004046,1
190959602004047,1
190959602004048,1
190959602004049,1
190959602004050,1
190959602004051,1
190959602004052,1
190959602004053,1
190959602004054,1
190959602004055,1
190959602004056,1
190959602004057,1
190959602004058,1
190959602004059,1
190959602004060,1
190959602004061,1
190959602004062,1
190959602004063,1
190959602004064,1
190959602004065,1
190959602004066,1
190959602004067,1
190959602004068,1
190959602004069,1
190959602004070,1
190959602004071,1
190959602004072,1
190959602004073,1
190959602004074,1
190959602004075,1
190959602004076,1
190959602004077,1
190959602004078,1
190959602004079,1
190959602004080,1
190959602004081,1
190959602004082,1
190959602004083,1
190959602004084,1
190959602004085,1
190959602004086,1
190959602004087,1
190959602004092,1
190959602004097,1
190959602004098,1
190959602004099,1
190959602004102,1
190959602004103,1
190959602004104,1
190959602004105,1
190959602004106,1
190959602004107,1
190959602004108,1
190959602004109,1
190959602004110,1
190959602004111,1
190959602004112,1
190959602004113,1
190959602004114,1
190959602004115,1
190959602004116,1
190959602004117,1
190959602004118,1
190959603001003,1
190959603001004,1
190959603001006,1
190959603001007,1
190959603001008,1
190959603001009,1
190959603001010,1
190959603001011,1
190959603001012,1
190959603001013,1
190959603001014,1
190959603001015,1
190959603001016,1
190959603001017,1
190959603001018,1
190959603001019,1
190959603001020,1
190959603001021,1
190959603001022,1
190959603001023,1
190959603001024,1
190959603001025,1
190959603001026,1
190959603001027,1
190959603001028,1
190959603001030,1
190959603001032,1
190959603001033,1
190959603001034,1
190959603001035,1
190959603001036,1
190959603001037,1
190959603001038,1
190959603001039,1
190959603001040,1
190959603001041,1
190959603001042,1
190959603001043,1
190959603001044,1
190959603001045,1
190959603001046,1
190959603001047,1
190959603001048,1
190959603001049,1
190959603001050,1
190959603001051,1
190959603001052,1
190959603002000,1
190959603002001,1
190959603002002,1
190959603002003,1
190959603002004,1
190959603002005,1
190959603002006,1
190959603002007,1
190959603002008,1
190959603002009,1
190959603002010,1
190959603002011,1
190959603002012,1
190959603002013,1
190959603002014,1
190959603002015,1
190959603002016,1
190959603002017,1
190959603002018,1
190959603002023,1
190959603002026,1
190959603002027,1
190959603002035,1
190959603003073,1
190959603003113,1
190959603003114,1
190959603003115,1
190959603003116,1
190959603003117,1
190959603003118,1
190959603003119,1
190959603003120,1
190959603003122,1
190959603003123,1
190959603003124,1
190959603003125,1
190959603003126,1
190959603003127,1
190959603003128,1
190959603003129,1
190959603003130,1
190959603003131,1
190959603003132,1
190959603003133,1
190959603003134,1
190959603003153,1
190959603003154,1
190959603003155,1
190959603003159,1
190959603003160,1
190959603003161,1
190959603003162,1
190959603003163,1
190959603003164,1
190959603003165,1
190959603003166,1
190959603003167,1
190959603003168,1
190959603003175,1
190959603003176,1
190959603003192,1
190959603003193,1
190959603003194,1
190959603003195,1
190959603003196,1
190959603003203,1
190959603003204,1
190959603003205,1
190959603003206,1
190959603003207,1
190959603003208,1
190959603003209,1
190959603003210,1
190959603003211,1
190959603003212,1
190959603003213,1
190959603002019,1
190959603002020,1
190959603002021,1
190959603002022,1
190959603002028,1
190959603002029,1
190959603002030,1
190959603002031,1
190959603002032,1
190959603002033,1
190959603002034,1
190959603002036,1
190959603002037,1
190959603002038,1
190959603002039,1
190959603002040,1
190959603002041,1
190959603002042,1
190959603002043,1
190959603002044,1
190959603002045,1
190959603002046,1
190959603002047,1
190959603002048,1
190959603002049,1
190959603002050,1
190959603002051,1
190959603002052,1
190959603002053,1
190959603002054,1
190959603002055,1
190959603002056,1
190959603002057,1
190959603002058,1
190959603002059,1
190959603002060,1
190959603002061,1
190959603002062,1
190959603002063,1
190959603002064,1
190959603002065,1
190959603002066,1
190959603002067,1
190959603002068,1
190959603002069,1
190959603002070,1
190959603002071,1
190959603002072,1
190959603002024,1
190959603002025,1
190959604003038,1
190959604003039,1
190959604003040,1
190959604003041,1
190959604003042,1
190959604003043,1
190959604003045,1
190959604003046,1
190959604003047,1
190959604003048,1
190959604003049,1
190959604003050,1
190959604003051,1
190959604003052,1
190959604003053,1
190959604003054,1
190959604003055,1
190959604003056,1
190959604003057,1
190959604003058,1
190959604003059,1
190959604003060,1
190959604003061,1
190959604003062,1
190959604003063,1
190959604003064,1
190959604003065,1
190959604003066,1
190959604003067,1
190959604003068,1
190959604003069,1
190959604003070,1
190959604003071,1
190959604003072,1
190959604003073,1
190959604003074,1
190959604003075,1
190959604003076,1
190959604003077,1
190959604003078,1
190959604003079,1
190959604003080,1
190959604003081,1
190959604003082,1
190959604003083,1
190959604003084,1
190959604003085,1
190959604003086,1
190959604003087,1
190959604003088,1
190959604003089,1
190959604003090,1
190959604003091,1
190959604003092,1
190959604003093,1
190959604003094,1
190959604003095,1
190959604003096,1
190959604003097,1
190959604003098,1
190959604003099,1
190959604003100,1
190959604003101,1
190959604003102,1
190959604003103,1
190959604003104,1
190959604003105,1
190959604003106,1
190959604003107,1
190959604003108,1
190959604003109,1
190959603003012,1
190959603003020,1
190959603003021,1
190959603003022,1
190959603003023,1
190959603003024,1
190959603003025,1
190959603003028,1
190959603003029,1
190959603003030,1
190959603003031,1
190959603003032,1
190959603003033,1
190959603003034,1
190959603003035,1
190959603003036,1
190959603003037,1
190959603003038,1
190959603003039,1
190959603003040,1
190959603003041,1
190959603003042,1
190959603003043,1
190959603003055,1
190959603003056,1
190959603003081,1
190959603003082,1
190959603003083,1
190959603003084,1
190959603003085,1
190959603003086,1
190959603003087,1
190959603003088,1
190959603003089,1
190959603003090,1
190959603003091,1
190959603003100,1
190959603003101,1
190959603003102,1
190959603003103,1
190959603003013,1
190959603003014,1
190959603003015,1
190959603003018,1
190959603003019,1
190959603003026,1
190959603003027,1
190959603003044,1
190959603003045,1
190959603003046,1
190959603003047,1
190959603003048,1
190959603003049,1
190959603003050,1
190959603003051,1
190959603003052,1
190959603003053,1
190959603003054,1
190959603003057,1
190959603003058,1
190959603003059,1
190959603003060,1
190959603003061,1
190959603003062,1
190959603003063,1
190959603003064,1
190959603003065,1
190959603003066,1
190959603003067,1
190959603003068,1
190959603003069,1
190959603003070,1
190959603003071,1
190959603003072,1
190959603003074,1
190959603003075,1
190959603003076,1
190959603003077,1
190959603003078,1
190959603003079,1
190959603003080,1
190959603003107,1
190959603003108,1
190959603003109,1
190959603003110,1
190959603003111,1
190959603003112,1
190959603003121,1
190959603003216,1
190959603003092,1
190959603003093,1
190959603003094,1
190959603003095,1
190959603003096,1
190959603003097,1
190959603003098,1
190959603003099,1
190959603003104,1
190959603003105,1
190959603003106,1
190959603003135,1
190959603003136,1
190959603003137,1
190959603003138,1
190959603003139,1
190959603003140,1
190959603003141,1
190959603003142,1
190959603003143,1
190959603003144,1
190959603003145,1
190959603003146,1
190959603003147,1
190959603003148,1
190959603003149,1
190959603003150,1
190959603003151,1
190959603003152,1
190959603003156,1
190959603003157,1
190959603003158,1
190959603003169,1
190959603003170,1
190959603003171,1
190959603003172,1
190959603003173,1
190959603003174,1
190959603003177,1
190959603003178,1
190959603003179,1
190959603003180,1
190959603003181,1
190959603003182,1
190959603003183,1
190959603003184,1
190959603003185,1
190959603003186,1
190959603003187,1
190959603003188,1
190959603003189,1
190959603003190,1
190959603003191,1
190959603003197,1
190959603003198,1
190959603003199,1
190959603003200,1
190959603003201,1
190959603003202,1
190959603003215,1
190959604002000,1
190959604002001,1
190959604002002,1
190959604002003,1
190959604002004,1
190959604002005,1
190959604002006,1
190959604002007,1
190959604002008,1
190959604002009,1
190959604002010,1
190959604002011,1
190959604002012,1
190959604002013,1
190959604002014,1
190959604002015,1
190959604002016,1
190959604002017,1
190959604002018,1
190959604002019,1
190959604002020,1
190959604002021,1
190959604002022,1
190959604002023,1
190959604002024,1
190959604002025,1
190959604002026,1
190959604002027,1
190959604002028,1
190959604002029,1
190959604002030,1
190959604002031,1
190959604002032,1
190959604002033,1
190959604002036,1
190959604002037,1
190959604002038,1
190959604002089,1
190959604003000,1
190959604003007,1
190959604003008,1
190959604003034,1
190959604002034,1
190959604002035,1
190959604002039,1
190959604002040,1
190959604002041,1
190959604002042,1
190959604002043,1
190959604002044,1
190959604002045,1
190959604002046,1
190959604002047,1
190959604002048,1
190959604002049,1
190959604002050,1
190959604002051,1
190959604002052,1
190959604002053,1
190959604002054,1
190959604002055,1
190959604002056,1
190959604002057,1
190959604002058,1
190959604002059,1
190959604002060,1
190959604002061,1
190959604002062,1
190959604002063,1
190959604002064,1
190959604002065,1
190959604002066,1
190959604002067,1
190959604002068,1
190959604002069,1
190959604002070,1
190959604002071,1
190959604002072,1
190959604002073,1
190959604002074,1
190959604002075,1
190959604002076,1
190959604002077,1
190959604002078,1
190959604002079,1
190959604002080,1
190959604002081,1
190959604002082,1
190959604002083,1
190959604002084,1
190959604002085,1
190959604002086,1
190959604002087,1
190959604002088,1
190959604002090,1
190959604002091,1
190959604002092,1
190959604003044,1
190979501001000,1
190979501001001,1
190979501001002,1
190979501001005,1
190979501001006,1
190979501001007,1
190979501001008,1
190979501001012,1
190979501001013,1
190979501001014,1
190979501001015,1
190979501001016,1
190979501001017,1
190979501001018,1
190979501001019,1
190979501001020,1
190979501001021,1
190979501001022,1
190979501001023,1
190979501001024,1
190979501001028,1
190979501001029,1
190979501001030,1
190979501001031,1
190979501001032,1
190979501001033,1
190979501001034,1
190979501001039,1
190979501001040,1
190979501001044,1
190979501001045,1
190979501001046,1
190979501002028,1
190979501002029,1
190979501002030,1
190979501002032,1
190979501002033,1
190979501002034,1
190979501002035,1
190979501002036,1
190979501002037,1
190979501002038,1
190979501002039,1
190979501002040,1
190979501002041,1
190979501002042,1
190979501002043,1
190979501002044,1
190979501002045,1
190979501002046,1
190979501002047,1
190979501002048,1
190979501002049,1
190979501002050,1
190979501002051,1
190979501002052,1
190979501002053,1
190979501002054,1
190979501002059,1
190979501002060,1
190979501002065,1
190979501002068,1
190979501002132,1
190979502002068,1
190979502002069,1
190979502002070,1
190979502002071,1
190979502002072,1
190979502002073,1
190979502002079,1
190979502002089,1
190979502002090,1
190979502002091,1
190979502002092,1
190979502002093,1
190979502002094,1
190979502002095,1
190979501001003,1
190979501001004,1
190979501001009,1
190979501001010,1
190979501001011,1
190979501001025,1
190979501001026,1
190979501001027,1
190979501002000,1
190979501002001,1
190979501002002,1
190979501002003,1
190979501002004,1
190979501002005,1
190979501002006,1
190979501002007,1
190979501002008,1
190979501002009,1
190979501002010,1
190979501002011,1
190979501002012,1
190979501002013,1
190979501002014,1
190979501002015,1
190979501002016,1
190979501002017,1
190979501002018,1
190979501002019,1
190979501002020,1
190979501002021,1
190979501002022,1
190979501002023,1
190979501002024,1
190979501002025,1
190979501002026,1
190979501002027,1
190979501002031,1
190979501002055,1
190979501002056,1
190979501002057,1
190979501002058,1
190979501002061,1
190979501002062,1
190979501002063,1
190979501002064,1
190979501002066,1
190979501002067,1
190979501002123,1
190979501002133,1
190979501001035,1
190979501001036,1
190979501001037,1
190979501001038,1
190979501001041,1
190979501001042,1
190979501001043,1
190979501001047,1
190979501001048,1
190979501001049,1
190979501001050,1
190979501001051,1
190979501001052,1
190979501001053,1
190979501001054,1
190979501001055,1
190979501001056,1
190979501001057,1
190979501001058,1
190979501001059,1
190979501001060,1
190979501001061,1
190979501001062,1
190979501002078,1
190979501002079,1
190979501002085,1
190979501002103,1
190979501002104,1
190979501002120,1
190979501002121,1
190979501004000,1
190979501004001,1
190979501004002,1
190979501004003,1
190979501004004,1
190979501004005,1
190979501004006,1
190979501004007,1
190979501004008,1
190979501004009,1
190979501004010,1
190979501004011,1
190979501004012,1
190979501004014,1
190979501004015,1
190979501004016,1
190979501004018,1
190979502002104,1
190979502002105,1
190979502002106,1
190979502002107,1
190979502002136,1
190979502002137,1
190979502002138,1
190979502002139,1
190979502002140,1
190979502002141,1
190979502002142,1
190979502002143,1
190979502003011,1
190979502003012,1
190979502003013,1
190979502003014,1
190979502003015,1
190979502003016,1
190979502003048,1
190979502003049,1
190979502003050,1
190979502003051,1
190979501002069,1
190979501002070,1
190979501002071,1
190979501002072,1
190979501002073,1
190979501002074,1
190979501002075,1
190979501002076,1
190979501002077,1
190979501002080,1
190979501002081,1
190979501002082,1
190979501002083,1
190979501002084,1
190979501002086,1
190979501002087,1
190979501002088,1
190979501002089,1
190979501002090,1
190979501002091,1
190979501002092,1
190979501002093,1
190979501002094,1
190979501002095,1
190979501002096,1
190979501002097,1
190979501002098,1
190979501002099,1
190979501002100,1
190979501002101,1
190979501002102,1
190979501002105,1
190979501002106,1
190979501002107,1
190979501002108,1
190979501002109,1
190979501002110,1
190979501002111,1
190979501002112,1
190979501002113,1
190979501002114,1
190979501002115,1
190979501002116,1
190979501002117,1
190979501002118,1
190979501002119,1
190979501002122,1
190979501002129,1
190979501003007,1
190979501004019,1
190979501002124,1
190979501002125,1
190979501002126,1
190979501002127,1
190979501002128,1
190979501002130,1
190979501002134,1
190979501003000,1
190979501003001,1
190979501003002,1
190979501003003,1
190979501003004,1
190979501003005,1
190979501003006,1
190979501003008,1
190979501003009,1
190979501003010,1
190979501003011,1
190979501003012,1
190979501003013,1
190979501003014,1
190979501003015,1
190979501003016,1
190979501003017,1
190979501003018,1
190979501003019,1
190979501003020,1
190979501003021,1
190979501003026,1
190979501003027,1
190979501003028,1
190979501003029,1
190979501003030,1
190979501003031,1
190979501003032,1
190979501003033,1
190979501003034,1
190979501003035,1
190979501003036,1
190979501003037,1
190979501003038,1
190979501003039,1
190979501003040,1
190979501003041,1
190979501003042,1
190979501003043,1
190979501003044,1
190979501003045,1
190979501003046,1
190979501003047,1
190979501003048,1
190979501003049,1
190979501003050,1
190979501003051,1
190979501003052,1
190979501003053,1
190979501003054,1
190979501003055,1
190979501003056,1
190979501003057,1
190979501003058,1
190979501003059,1
190979501003060,1
190979501003061,1
190979501003062,1
190979501003063,1
190979501003064,1
190979501003065,1
190979501003066,1
190979501003067,1
190979501003068,1
190979501003069,1
190979501003070,1
190979501003071,1
190979501003072,1
190979501003073,1
190979501003074,1
190979501003075,1
190979501003076,1
190979501003077,1
190979501003078,1
190979501003079,1
190979501003080,1
190979501003081,1
190979501003082,1
190979501003083,1
190979501003084,1
190979501003085,1
190979501003086,1
190979501003087,1
190979501003088,1
190979501003089,1
190979501003090,1
190979501003091,1
190979501003096,1
190979501003097,1
190979501004020,1
190979501004021,1
190979501004022,1
190979501004023,1
190979501004024,1
190979501004027,1
190979501004028,1
190979501002131,1
190979501003022,1
190979501003023,1
190979501003024,1
190979501003025,1
190979501003092,1
190979501003093,1
190979501003094,1
190979501003095,1
190979501004013,1
190979501004017,1
190979501004025,1
190979501004026,1
190979501004029,1
190979501004030,1
190979501004032,1
190979501004033,1
190979501004034,1
190979501004035,1
190979501004036,1
190979501004037,1
190979501004038,1
190979501004039,1
190979501004040,1
190979501004041,1
190979501004042,1
190979501004043,1
190979501004044,1
190979501004045,1
190979501004046,1
190979501004047,1
190979501004048,1
190979501004049,1
190979501004050,1
190979502003052,1
190979502003053,1
190979502003054,1
190979502003055,1
190979502003056,1
190979502003057,1
190979502003058,1
190979502003119,1
190979502003120,1
190979502003122,1
190979502003123,1
190979502003124,1
190979502003125,1
190979502003126,1
190979502003127,1
190979502003128,1
190979502003129,1
190979502003130,1
190979502003131,1
190979502003132,1
190979502003133,1
190979502003134,1
190979502003135,1
190979502003136,1
190979502003151,1
190979505001003,1
190979505001004,1
190979505001014,1
190979505004013,1
190979505004015,1
190979505004019,1
190979505004020,1
190979505004021,1
190979505004022,1
190979505004024,1
190979505004025,1
190979505004026,1
190979505004031,1
190979506002001,1
190979506002002,1
190979506002010,1
190979506002014,1
190979506002015,1
190979506002016,1
190979501004031,1
190979501004051,1
190979502003137,1
190979502003138,1
190979502003142,1
190979502003143,1
190979502003144,1
190979502003145,1
190979502003146,1
190979505001000,1
190979505001001,1
190979505001002,1
190979505001005,1
190979505001006,1
190979505001007,1
190979505001008,1
190979505001009,1
190979505001010,1
190979505001011,1
190979505001012,1
190979505001013,1
190979505001015,1
190979505001016,1
190979505001017,1
190979505001018,1
190979505001019,1
190979505001020,1
190979505002000,1
190979505002001,1
190979505002002,1
190979505002003,1
190979505002004,1
190979505002005,1
190979505002006,1
190979505002007,1
190979505002008,1
190979505002009,1
190979505002010,1
190979505002011,1
190979505003000,1
190979505003001,1
190979505003002,1
190979505003003,1
190979505003004,1
190979505003005,1
190979505003006,1
190979505003007,1
190979505003008,1
190979505003009,1
190979505003010,1
190979505003011,1
190979505003012,1
190979505003013,1
190979505003014,1
190979505003015,1
190979505003016,1
190979505003017,1
190979505003018,1
190979505003019,1
190979505003020,1
190979505003021,1
190979505003022,1
190979505003023,1
190979505003024,1
190979505003025,1
190979505003026,1
190979505003027,1
190979505003028,1
190979505003029,1
190979505003030,1
190979505003031,1
190979505004000,1
190979505004001,1
190979505004002,1
190979505004003,1
190979505004004,1
190979505004005,1
190979505004006,1
190979505004007,1
190979505004008,1
190979505004009,1
190979505004010,1
190979505004011,1
190979505004012,1
190979505004014,1
190979505004016,1
190979505004017,1
190979505004018,1
190979505004023,1
190979505004027,1
190979505004028,1
190979505004029,1
190979505004030,1
190979505004032,1
190979505004033,1
190979505004034,1
190979506001004,1
190979506001005,1
190979506001006,1
190979506001007,1
190979506001008,1
190979506001009,1
190979506001010,1
190979506001011,1
190979506001012,1
190979506001013,1
190979506001014,1
190979506001015,1
190979506001016,1
190979506001017,1
190979506001018,1
190979506001019,1
190979506001020,1
190979506002006,1
190979506002008,1
190979506002009,1
190979506002011,1
190979506002012,1
190979506002013,1
190979506002017,1
190979506002018,1
190979506002019,1
190979506002020,1
190979506002021,1
190979506002022,1
190979506002023,1
190979506002024,1
190979506002025,1
190979506002026,1
190979506002027,1
190979506002028,1
190979506002029,1
190979506002030,1
190979506002031,1
190979506002032,1
190979506002033,1
190979506002034,1
190979506002035,1
190979506003000,1
190979506003001,1
190979506003002,1
190979506003003,1
190979506003004,1
190979506003005,1
190979506003006,1
190979506003007,1
190979506003008,1
190979506003009,1
190979506003010,1
190979506003011,1
190979506003012,1
190979506003013,1
190979506003014,1
190979506003015,1
190979506003016,1
190979506003017,1
190979506003018,1
190979506003019,1
190979506003020,1
190979506003021,1
190979506003022,1
190979506003023,1
190979506003027,1
190979506003030,1
190979506003031,1
190979506003032,1
190979506003033,1
190979506003034,1
190979506003035,1
190979506003036,1
190979506003037,1
190979506003038,1
190979502001000,1
190979502001001,1
190979502001002,1
190979502001003,1
190979502001004,1
190979502001005,1
190979502001006,1
190979502001007,1
190979502001008,1
190979502001009,1
190979502001010,1
190979502001011,1
190979502001012,1
190979502001016,1
190979502001017,1
190979502001018,1
190979502001019,1
190979502001020,1
190979502001021,1
190979502001022,1
190979502001023,1
190979502001027,1
190979502001028,1
190979502001031,1
190979502001034,1
190979502001038,1
190979502001039,1
190979502001040,1
190979502001041,1
190979502001042,1
190979502001043,1
190979502001044,1
190979502001045,1
190979502001046,1
190979502001047,1
190979502001051,1
190979502001052,1
190979502001053,1
190979502001054,1
190979502001055,1
190979502001056,1
190979502001057,1
190979502001058,1
190979502001059,1
190979502001060,1
190979502001061,1
190979502001062,1
190979502001063,1
190979502001064,1
190979502001065,1
190979502002033,1
190979502002034,1
190979502002035,1
190979502002036,1
190979504003000,1
190979504003001,1
190979504003002,1
190979504003003,1
190979504003004,1
190979504003010,1
190979502001013,1
190979502001014,1
190979502001015,1
190979502001024,1
190979502001025,1
190979502001026,1
190979502001048,1
190979502001049,1
190979502001050,1
190979502002000,1
190979502002001,1
190979502002002,1
190979502002003,1
190979502002004,1
190979502002005,1
190979502002006,1
190979502002007,1
190979502002008,1
190979502002009,1
190979502002010,1
190979502002011,1
190979502002012,1
190979502002013,1
190979502002014,1
190979502002015,1
190979502002016,1
190979502002017,1
190979502002018,1
190979502002019,1
190979502002020,1
190979502002021,1
190979502002022,1
190979502002023,1
190979502002024,1
190979502002025,1
190979502002026,1
190979502002027,1
190979502002028,1
190979502002029,1
190979502002030,1
190979502002031,1
190979502002032,1
190979502002056,1
190979502002057,1
190979502002058,1
190979502001029,1
190979502001030,1
190979502001032,1
190979502001033,1
190979502001035,1
190979502001036,1
190979502001037,1
190979502002037,1
190979502002038,1
190979502002039,1
190979502002040,1
190979502002041,1
190979502002081,1
190979502002082,1
190979502002083,1
190979502002144,1
190979504001001,1
190979504001002,1
190979504001003,1
190979504001004,1
190979504001005,1
190979504001006,1
190979504001010,1
190979504001011,1
190979504001012,1
190979504001017,1
190979504001029,1
190979504001034,1
190979504001035,1
190979504001036,1
190979504002043,1
190979504002044,1
190979504002058,1
190979504003005,1
190979504003006,1
190979504003007,1
190979504003008,1
190979504003009,1
190979504003011,1
190979504003013,1
190979504003017,1
190979504003026,1
190979504003058,1
190979504003059,1
190979504004003,1
190979504004004,1
190979504004005,1
190979504004008,1
190979504004009,1
190979504004010,1
190979504004011,1
190979504004012,1
190979504004013,1
190979504004015,1
190979504004016,1
190979504004017,1
190979504004018,1
190979504004019,1
190979504004022,1
190979504004023,1
190979504004024,1
190979504004025,1
190979504004026,1
190979504004027,1
190979504004031,1
190979504004035,1
190979504004037,1
190979502002042,1
190979502002043,1
190979502002044,1
190979502002045,1
190979502002046,1
190979502002063,1
190979502002067,1
190979502002074,1
190979502002075,1
190979502002076,1
190979502002077,1
190979502002078,1
190979502002080,1
190979502002084,1
190979502002085,1
190979502002086,1
190979502002087,1
190979502002088,1
190979502002096,1
190979502002097,1
190979502002098,1
190979502002099,1
190979502002100,1
190979502002101,1
190979502002102,1
190979502002103,1
190979502002111,1
190979502002112,1
190979502002113,1
190979502002114,1
190979502002115,1
190979502002116,1
190979502002117,1
190979502002118,1
190979502002119,1
190979502002145,1
190979504004006,1
190979504004007,1
190979504004036,1
190979502002047,1
190979502002048,1
190979502002049,1
190979502002050,1
190979502002051,1
190979502002052,1
190979502002053,1
190979502002054,1
190979502002055,1
190979502002059,1
190979502002060,1
190979502002061,1
190979502002062,1
190979502002064,1
190979502002065,1
190979502002066,1
190979502002108,1
190979502002109,1
190979502002110,1
190979502002120,1
190979502002121,1
190979502002122,1
190979502002123,1
190979502002124,1
190979502002125,1
190979502002126,1
190979502002127,1
190979502002128,1
190979502002129,1
190979502002130,1
190979502002131,1
190979502002132,1
190979502002133,1
190979502002134,1
190979502002135,1
190979502002146,1
190979502003000,1
190979502003001,1
190979502003002,1
190979502003003,1
190979502003004,1
190979502003005,1
190979502003006,1
190979502003007,1
190979502003008,1
190979502003009,1
190979502003010,1
190979502003017,1
190979502003018,1
190979502003019,1
190979502003020,1
190979502003021,1
190979502003022,1
190979502003023,1
190979502003024,1
190979502003025,1
190979502003026,1
190979502003027,1
190979502003028,1
190979502003029,1
190979502003030,1
190979502003031,1
190979502003032,1
190979502003033,1
190979502003034,1
190979502003035,1
190979502003036,1
190979502003037,1
190979502003038,1
190979502003039,1
190979502003040,1
190979502003041,1
190979502003042,1
190979502003043,1
190979502003044,1
190979502003045,1
190979502003046,1
190979502003047,1
190979502003060,1
190979502003061,1
190979502003062,1
190979502003063,1
190979502003064,1
190979502003065,1
190979502003066,1
190979502003067,1
190979502003070,1
190979502003075,1
190979502003150,1
190979502003152,1
190979502003153,1
190979504001072,1
190979504001080,1
190979504001081,1
190979504001082,1
190979504001084,1
190979504001085,1
190979504001086,1
190979502003059,1
190979502003071,1
190979502003072,1
190979502003073,1
190979502003074,1
190979502003083,1
190979502003084,1
190979502003085,1
190979502003086,1
190979502003087,1
190979502003088,1
190979502003089,1
190979502003090,1
190979502003091,1
190979502003092,1
190979502003093,1
190979502003094,1
190979502003095,1
190979502003100,1
190979502003101,1
190979502003102,1
190979502003103,1
190979502003104,1
190979502003105,1
190979502003106,1
190979502003107,1
190979502003108,1
190979502003109,1
190979502003110,1
190979502003111,1
190979502003112,1
190979502003113,1
190979502003114,1
190979502003115,1
190979502003116,1
190979502003117,1
190979502003118,1
190979502003121,1
190979502003139,1
190979502003140,1
190979502003141,1
190979506001000,1
190979506001001,1
190979506001002,1
190979506001003,1
190979506002000,1
190979506002003,1
190979506002004,1
190979506002005,1
190979506002007,1
190979506003024,1
190979506003025,1
190979506003026,1
190979506003028,1
190979506003029,1
190979506003039,1
190979506003040,1
190979502003068,1
190979502003069,1
190979503002021,1
190979503002022,1
190979503002025,1
190979503002026,1
190979503002029,1
190979503002030,1
190979503002031,1
190979503002032,1
190979503002033,1
190979503002040,1
190979504001030,1
190979504001031,1
190979504001032,1
190979504001033,1
190979504001037,1
190979504001038,1
190979504001039,1
190979504001040,1
190979504001041,1
190979504001042,1
190979504001043,1
190979504001044,1
190979504001045,1
190979504001046,1
190979504001047,1
190979504001048,1
190979504001049,1
190979504001050,1
190979504001051,1
190979504001052,1
190979504001053,1
190979504001054,1
190979504001055,1
190979504001056,1
190979504001057,1
190979504001058,1
190979504001059,1
190979504001066,1
190979504001067,1
190979504001068,1
190979504001069,1
190979504001070,1
190979504001071,1
190979504001073,1
190979504001074,1
190979504001075,1
190979504001076,1
190979504001077,1
190979504001078,1
190979504001079,1
190979504001083,1
190979504001087,1
190979504001088,1
190979504001104,1
190979504001105,1
190979504001106,1
190979504001107,1
190979504001108,1
190979504004028,1
190979504004029,1
190979504004032,1
190979504004033,1
190979504004034,1
190979502003076,1
190979502003077,1
190979502003078,1
190979502003079,1
190979502003080,1
190979502003081,1
190979502003082,1
190979502003096,1
190979502003097,1
190979502003098,1
190979502003099,1
190979502003147,1
190979502003148,1
190979502003149,1
190979503002020,1
190979503002023,1
190979503002024,1
190979503002027,1
190979503002028,1
190979503002034,1
190979503002035,1
190979503002036,1
190979503002037,1
190979503002038,1
190979503002039,1
190979503002041,1
190979503002042,1
190979503002043,1
190979503002044,1
190979503002045,1
190979503002054,1
190979503002055,1
190979503002056,1
190979503002057,1
190979503002058,1
190979503002059,1
190979503002060,1
190979503002061,1
190979503002068,1
190979503002069,1
190979503002070,1
190979503002071,1
190979503002072,1
190979503002073,1
190979503002074,1
190979503002111,1
190979503002112,1
190979503002114,1
190979504001103,1
190979504001111,1
190979503001000,1
190979503001001,1
190979503001002,1
190979503001003,1
190979503001004,1
190979503001005,1
190979503001006,1
190979503001007,1
190979503001008,1
190979503001009,1
190979503001010,1
190979503001011,1
190979503001012,1
190979503001013,1
190979503001014,1
190979503001015,1
190979503001016,1
190979503001017,1
190979503001018,1
190979503001019,1
190979503001020,1
190979503001021,1
190979503001022,1
190979503001023,1
190979503001024,1
190979503001025,1
190979503001026,1
190979503001027,1
190979503001028,1
190979503001029,1
190979503001030,1
190979503001031,1
190979503001032,1
190979503001033,1
190979503001035,1
190979503001036,1
190979503001037,1
190979503001038,1
190979503001039,1
190979503001040,1
190979503001041,1
190979503001042,1
190979503001043,1
190979503001044,1
190979503001045,1
190979503001046,1
190979503001047,1
190979503001048,1
190979503001049,1
190979503001050,1
190979503001051,1
190979503001052,1
190979503001053,1
190979503001054,1
190979503001055,1
190979503001056,1
190979503001057,1
190979503001058,1
190979503001059,1
190979503001060,1
190979503001061,1
190979503001062,1
190979503001063,1
190979503001064,1
190979503001065,1
190979503001066,1
190979503001067,1
190979503001068,1
190979503001069,1
190979503001070,1
190979503001071,1
190979503001075,1
190979503001076,1
190979503001077,1
190979503001078,1
190979503001079,1
190979503001083,1
190979503001085,1
190979503001086,1
190979503001087,1
190979503001088,1
190979503001089,1
190979503001090,1
190979503001091,1
190979503001092,1
190979503001093,1
190979503001094,1
190979503001095,1
190979503001096,1
190979503001097,1
190979503001098,1
190979503001099,1
190979503001100,1
190979503001101,1
190979503001102,1
190979503001103,1
190979503001104,1
190979503003004,1
190979503003005,1
190979503003036,1
190979503003037,1
190979503003084,1
190979503001034,1
190979503001072,1
190979503001073,1
190979503001074,1
190979503001080,1
190979503001081,1
190979503001082,1
190979503001084,1
190979503003000,1
190979503003001,1
190979503003002,1
190979503003006,1
190979503003007,1
190979503003008,1
190979503003009,1
190979503003010,1
190979503003011,1
190979503003024,1
190979503003025,1
190979503003026,1
190979503003027,1
190979503003031,1
190979503003032,1
190979503003033,1
190979503003034,1
190979503003038,1
190979503003039,1
190979503003040,1
190979503003041,1
190979503003042,1
190979503003043,1
190979503003044,1
190979503003045,1
190979503003046,1
190979503003047,1
190979503003048,1
190979503003049,1
190979503003050,1
190979503003051,1
190979503003052,1
190979503003053,1
190979503003071,1
190979503003072,1
190979503003073,1
190979503003074,1
190979503003075,1
190979503003076,1
190979503003077,1
190979503003078,1
190979503003083,1
190979503003085,1
190979503002000,1
190979503002001,1
190979503002004,1
190979503002005,1
190979503002006,1
190979503003003,1
190979503003012,1
190979503003013,1
190979503003014,1
190979503003015,1
190979503003016,1
190979503003017,1
190979503003018,1
190979503003019,1
190979503003020,1
190979503003021,1
190979503003022,1
190979503003023,1
190979503003028,1
190979503003029,1
190979503003030,1
190979503003082,1
190979504001000,1
190979504001007,1
190979504001008,1
190979504001009,1
190979504001013,1
190979504001014,1
190979504001015,1
190979504001016,1
190979504001018,1
190979504001019,1
190979504001020,1
190979504001021,1
190979504001022,1
190979504001023,1
190979504001024,1
190979504001025,1
190979504001026,1
190979504001027,1
190979504001028,1
190979504001060,1
190979504001061,1
190979504001062,1
190979504001063,1
190979504001064,1
190979504001065,1
190979504001091,1
190979504001092,1
190979504001093,1
190979504001094,1
190979504001095,1
190979504001096,1
190979504001097,1
190979504001098,1
190979504001099,1
190979504001100,1
190979504001101,1
190979504001102,1
190979504001112,1
190979503002002,1
190979503002003,1
190979503002007,1
190979503002008,1
190979503002009,1
190979503002010,1
190979503002011,1
190979503002012,1
190979503002013,1
190979503002014,1
190979503002015,1
190979503002016,1
190979503002017,1
190979503002018,1
190979503002019,1
190979503002050,1
190979503002062,1
190979503002063,1
190979503002064,1
190979503002065,1
190979503002066,1
190979503002067,1
190979503002075,1
190979503002076,1
190979503002077,1
190979503002078,1
190979503002079,1
190979503002080,1
190979503002081,1
190979503002082,1
190979503002083,1
190979503002084,1
190979503002085,1
190979503002086,1
190979503002087,1
190979503002088,1
190979503002089,1
190979503002090,1
190979503002091,1
190979503002092,1
190979503002093,1
190979503002094,1
190979503002095,1
190979503002096,1
190979503002097,1
190979503002098,1
190979503002099,1
190979503002100,1
190979503002101,1
190979503002103,1
190979503002104,1
190979503002105,1
190979503002106,1
190979503002110,1
190979503002113,1
190979503003035,1
190979503004000,1
190979503004001,1
190979503004002,1
190979503004003,1
190979503004004,1
190979503004005,1
190979503004006,1
190979503004007,1
190979503004008,1
190979503004009,1
190979503004010,1
190979503004011,1
190979503004012,1
190979503004013,1
190979503004014,1
190979503004015,1
190979503004016,1
190979503004017,1
190979503004018,1
190979503004019,1
190979503004020,1
190979503004021,1
190979503004022,1
190979503004023,1
190979503004024,1
190979503004025,1
190979503004026,1
190979503004027,1
190979503004028,1
190979503004029,1
190979503004030,1
190979503004031,1
190979503004032,1
190979503004033,1
190979503004034,1
190979503004035,1
190979503004036,1
190979503004037,1
190979503004038,1
190979503004039,1
190979503004040,1
190979503004041,1
190979503004042,1
190979503004043,1
190979503004044,1
190979503004045,1
190979503004046,1
190979503004047,1
190979503004048,1
190979503004049,1
190979503004050,1
190979503004051,1
190979503004052,1
190979504001089,1
190979504001090,1
190979504001109,1
190979504001110,1
190979504001113,1
190979504001114,1
190979503002046,1
190979503002047,1
190979503002048,1
190979503002049,1
190979503002051,1
190979503002052,1
190979503002053,1
190979503002102,1
190979503002107,1
190979503002108,1
190979503002109,1
190979503003054,1
190979503003055,1
190979503003056,1
190979503003057,1
190979503003058,1
190979503003059,1
190979503003060,1
190979503003061,1
190979503003062,1
190979503003063,1
190979503003064,1
190979503003065,1
190979503003066,1
190979503003067,1
190979503003068,1
190979503003069,1
190979503003070,1
190979503003079,1
190979503003080,1
190979503003081,1
190979504002000,1
190979504002001,1
190979504002002,1
190979504002003,1
190979504002004,1
190979504002005,1
190979504002006,1
190979504002007,1
190979504002008,1
190979504002009,1
190979504002010,1
190979504002011,1
190979504002012,1
190979504002013,1
190979504002014,1
190979504002015,1
190979504002016,1
190979504002017,1
190979504002018,1
190979504002019,1
190979504002020,1
190979504002021,1
190979504002022,1
190979504002023,1
190979504002024,1
190979504002025,1
190979504002026,1
190979504002027,1
190979504002028,1
190979504002029,1
190979504002030,1
190979504002031,1
190979504002032,1
190979504002033,1
190979504002034,1
190979504002035,1
190979504002036,1
190979504002037,1
190979504002038,1
190979504002039,1
190979504002040,1
190979504002041,1
190979504002042,1
190979504002045,1
190979504002046,1
190979504002047,1
190979504002048,1
190979504002049,1
190979504002050,1
190979504002051,1
190979504002052,1
190979504002053,1
190979504002054,1
190979504002055,1
190979504002056,1
190979504002057,1
190979504003012,1
190979504003014,1
190979504003015,1
190979504003016,1
190979504003018,1
190979504003019,1
190979504003020,1
190979504003021,1
190979504003022,1
190979504003023,1
190979504003024,1
190979504003025,1
190979504003027,1
190979504003028,1
190979504003029,1
190979504003030,1
190979504003031,1
190979504003032,1
190979504003033,1
190979504003034,1
190979504003035,1
190979504003036,1
190979504003037,1
190979504003038,1
190979504003039,1
190979504003040,1
190979504003041,1
190979504003042,1
190979504003043,1
190979504003044,1
190979504003045,1
190979504003046,1
190979504003047,1
190979504003048,1
190979504003049,1
190979504003050,1
190979504003051,1
190979504003052,1
190979504003053,1
190979504003054,1
190979504003055,1
190979504003056,1
190979504003057,1
190979504003060,1
190979504003061,1
190979504003062,1
190979504003063,1
190979504004000,1
190979504004001,1
190979504004002,1
190979504004014,1
190979504004020,1
190979504004021,1
190979504004030,1
190990401001000,2
190990401001001,2
190990401001002,2
190990401001003,2
190990401001004,2
190990401001005,2
190990401001006,2
190990401001007,2
190990401001008,2
190990401001009,2
190990401001010,2
190990401001011,2
190990401001012,2
190990401001013,2
190990401001014,2
190990401001015,2
190990401001016,2
190990401001017,2
190990401001018,2
190990401001019,2
190990401001020,2
190990401001021,2
190990401001022,2
190990401001023,2
190990401001024,2
190990401001025,2
190990401001026,2
190990401001027,2
190990401001028,2
190990401001029,2
190990401001030,2
190990401001034,2
190990401001037,2
190990401001038,2
190990401001039,2
190990401001041,2
190990401001042,2
190990401001043,2
190990401001044,2
190990401001047,2
190990401001050,2
190990401001051,2
190990401001055,2
190990401001067,2
190990401004088,2
190990401004089,2
190990401004090,2
190990401004092,2
190990401004095,2
190990401004096,2
190990401004097,2
190990401004098,2
190990401004113,2
190990401004114,2
190990402004000,2
190990402004014,2
190990402004015,2
190990402004016,2
190990402004018,2
190990402004019,2
190990402004020,2
190990402004053,2
190990402004054,2
190990402004055,2
190990403001013,2
190990403002000,2
190990403002001,2
190990403002003,2
190990403002004,2
190990403002005,2
190990403002006,2
190990403002007,2
190990403002008,2
190990403002011,2
190990403002012,2
190990403002013,2
190990403002025,2
190990403002030,2
190990403002031,2
190990403002032,2
190990401001031,2
190990401001032,2
190990401001033,2
190990401001035,2
190990401001036,2
190990401001040,2
190990401001045,2
190990401001046,2
190990401001048,2
190990401001049,2
190990401001052,2
190990401001053,2
190990401001054,2
190990401001056,2
190990401001057,2
190990401001061,2
190990401001062,2
190990401001063,2
190990401001064,2
190990401001068,2
190990401001069,2
190990403001000,2
190990403001001,2
190990403001002,2
190990403001003,2
190990403001004,2
190990403001005,2
190990403001006,2
190990403001007,2
190990403001008,2
190990403001009,2
190990403001010,2
190990403001011,2
190990403001012,2
190990403001014,2
190990403001015,2
190990403001016,2
190990403001017,2
190990403001018,2
190990403001019,2
190990403001020,2
190990403001021,2
190990403001022,2
190990403001023,2
190990403001024,2
190990403001025,2
190990403001026,2
190990403001027,2
190990403001029,2
190990403001030,2
190990403001031,2
190990403001032,2
190990403001033,2
190990403001034,2
190990403001035,2
190990403001036,2
190990403001037,2
190990403001038,2
190990403001039,2
190990403001040,2
190990403001041,2
190990403001042,2
190990403001043,2
190990403001044,2
190990403001045,2
190990403001046,2
190990403001047,2
190990403001048,2
190990403001049,2
190990403001050,2
190990403001051,2
190990403001052,2
190990403002002,2
190990403002017,2
190990403002018,2
190990403002019,2
190990403002020,2
190990403002022,2
190990403002023,2
190990403002024,2
190990403002027,2
190990403002028,2
190990403002029,2
190990404001000,2
190990404001001,2
190990404001002,2
190990404001003,2
190990404001004,2
190990404001005,2
190990404001006,2
190990404001007,2
190990404001008,2
190990404001009,2
190990404001010,2
190990404001011,2
190990404001012,2
190990404001013,2
190990404001014,2
190990404001015,2
190990404001016,2
190990404001017,2
190990404001018,2
190990404001019,2
190990404001020,2
190990404001021,2
190990404001022,2
190990404001023,2
190990404001024,2
190990404002000,2
190990404002001,2
190990404002002,2
190990404002003,2
190990404002004,2
190990404002005,2
190990404002006,2
190990404002007,2
190990404002008,2
190990404002009,2
190990404002010,2
190990404002011,2
190990404002012,2
190990404002013,2
190990404002014,2
190990404002015,2
190990404002016,2
190990404002017,2
190990404002018,2
190990404002019,2
190990404003000,2
190990404003001,2
190990404003002,2
190990404003003,2
190990404003004,2
190990404003005,2
190990404003006,2
190990404003007,2
190990404003008,2
190990404003009,2
190990404003010,2
190990404003011,2
190990404003012,2
190990404003013,2
190990404003014,2
190990404003015,2
190990404003016,2
190990404003017,2
190990404003018,2
190990404003019,2
190990404003020,2
190990404003021,2
190990404004000,2
190990404004001,2
190990404004002,2
190990404004003,2
190990404004004,2
190990404004005,2
190990404004006,2
190990404004007,2
190990404004008,2
190990404004009,2
190990404004010,2
190990404004011,2
190990404004012,2
190990404004013,2
190990404004014,2
190990404004015,2
190990404004016,2
190990404004017,2
190990404004018,2
190990404004019,2
190990404004020,2
190990404004021,2
190990404004022,2
190990404004023,2
190990404004024,2
190990404004025,2
190990404004026,2
190990404004027,2
190990404004028,2
190990404004029,2
190990404004030,2
190990404004031,2
190990404004032,2
190990404004033,2
190990404004034,2
190990405001000,2
190990405001001,2
190990405001002,2
190990405001003,2
190990405001004,2
190990405001005,2
190990405001006,2
190990405001007,2
190990405001008,2
190990405001009,2
190990405001010,2
190990405001011,2
190990405001012,2
190990405001013,2
190990405001014,2
190990405001015,2
190990405001016,2
190990405001017,2
190990405001018,2
190990405001019,2
190990405001020,2
190990405001021,2
190990405002000,2
190990405002001,2
190990405002002,2
190990405002003,2
190990405002004,2
190990405002005,2
190990405002006,2
190990405002007,2
190990405002008,2
190990405002009,2
190990405002010,2
190990405002011,2
190990405002012,2
190990405002013,2
190990405002014,2
190990405002015,2
190990405002016,2
190990405002017,2
190990405002018,2
190990405002019,2
190990405002020,2
190990405002021,2
190990405002022,2
190990405002023,2
190990405003000,2
190990405003001,2
190990405003002,2
190990405003003,2
190990405003004,2
190990405003005,2
190990405003006,2
190990405003007,2
190990405003008,2
190990405003009,2
190990405003010,2
190990405003011,2
190990405003012,2
190990405003013,2
190990405003014,2
190990405003015,2
190990405003016,2
190990405003017,2
190990405003018,2
190990405003019,2
190990405003020,2
190990405003021,2
190990405003022,2
190990405003023,2
190990405004000,2
190990405004001,2
190990405004002,2
190990405004003,2
190990405004004,2
190990405004005,2
190990405004006,2
190990405004007,2
190990405005000,2
190990405005001,2
190990405005002,2
190990405005003,2
190990405005004,2
190990405005005,2
190990405005006,2
190990405005007,2
190990405005008,2
190990405005009,2
190990405005010,2
190990405005011,2
190990405005012,2
190990405005013,2
190990405005014,2
190990405005015,2
190990405006000,2
190990405006001,2
190990405006002,2
190990405006003,2
190990405006004,2
190990405006005,2
190990405006006,2
190990405006007,2
190990405006008,2
190990405006009,2
190990405006010,2
190990405006011,2
190990405006012,2
190990405006013,2
190990405006014,2
190990405006015,2
190990405006016,2
190990405006017,2
190990405006018,2
190990405006019,2
190990405006020,2
190990405006021,2
190990405006022,2
190990405006023,2
190990405006024,2
190990405006025,2
190990405006026,2
190990405006027,2
190990405006028,2
190990405006029,2
190990405006030,2
190990405006031,2
190990405006032,2
190990405006033,2
190990405006034,2
190990405007000,2
190990405007001,2
190990405007002,2
190990405007003,2
190990405007004,2
190990405007005,2
190990405007006,2
190990405007007,2
190990405007008,2
190990405007009,2
190990405007010,2
190990405007011,2
190990405007012,2
190990405007013,2
190990405007014,2
190990405007015,2
190990405007016,2
190990405007017,2
190990405007018,2
190990405007019,2
190990405007020,2
190990405007021,2
190990405007022,2
190990405007023,2
190990405007024,2
190990405007025,2
190990405007026,2
190990405007027,2
190990405007028,2
190990406001000,2
190990406001001,2
190990406001002,2
190990406001003,2
190990406001004,2
190990406001005,2
190990406001006,2
190990406001007,2
190990406001008,2
190990406001009,2
190990406001010,2
190990406001011,2
190990406001012,2
190990406001013,2
190990406001014,2
190990406001015,2
190990406001016,2
190990406001017,2
190990406001018,2
190990406001019,2
190990406001020,2
190990406001021,2
190990406001022,2
190990406002000,2
190990406002001,2
190990406002002,2
190990406002003,2
190990406002004,2
190990406002005,2
190990406002006,2
190990406002007,2
190990406002008,2
190990406002009,2
190990406002010,2
190990406002011,2
190990406002012,2
190990406002013,2
190990406002014,2
190990406002015,2
190990406002016,2
190990406002017,2
190990406002018,2
190990406002019,2
190990406002020,2
190990406002021,2
190990406002022,2
190990406002023,2
190990406002024,2
190990406002025,2
190990406002026,2
190990406003000,2
190990406003001,2
190990406003002,2
190990406003003,2
190990406003004,2
190990406003005,2
190990406003006,2
190990406003007,2
190990406003008,2
190990406003009,2
190990406003010,2
190990406003011,2
190990406003012,2
190990406003013,2
190990406003014,2
190990406003015,2
190990406003016,2
190990406003017,2
190990406003018,2
190990406003019,2
190990406003020,2
190990406003021,2
190990406003022,2
190990406003023,2
190990406003024,2
190990408003000,2
190990408003001,2
190990408003002,2
190990408003003,2
190990408003004,2
190990408003005,2
190990408003006,2
190990408003007,2
190990408003008,2
190990408003015,2
190990408003016,2
190990408003019,2
190990408003020,2
190990408003021,2
190990408003025,2
190990408004002,2
190990408004003,2
190990408004004,2
190990408004005,2
190990408004007,2
190990408004009,2
190990408004010,2
190990408004011,2
190990408004012,2
190990408004013,2
190990408004098,2
190990408004099,2
190990408004100,2
190990409003130,2
190990401001058,2
190990401001059,2
190990401001060,2
190990401002002,2
190990401002003,2
190990401002004,2
190990401002006,2
190990401002007,2
190990401002008,2
190990401002009,2
190990401002010,2
190990401002011,2
190990401002012,2
190990401002013,2
190990401002014,2
190990401002015,2
190990401002016,2
190990401002017,2
190990401002018,2
190990401002019,2
190990401002020,2
190990401002021,2
190990401002022,2
190990401002023,2
190990401002024,2
190990401002025,2
190990401002026,2
190990401002027,2
190990401002028,2
190990401002029,2
190990401002030,2
190990401002031,2
190990401002032,2
190990401002033,2
190990401002034,2
190990401002035,2
190990401002036,2
190990401002037,2
190990401002038,2
190990401002039,2
190990401002040,2
190990401002044,2
190990401002046,2
190990401002047,2
190990401002048,2
190990401002049,2
190990401002050,2
190990401002051,2
190990401002052,2
190990401002053,2
190990401002054,2
190990401002055,2
190990401002056,2
190990401002057,2
190990401002058,2
190990401002059,2
190990401002060,2
190990401002061,2
190990401002062,2
190990401002063,2
190990401002064,2
190990401002065,2
190990401002066,2
190990401002067,2
190990401002068,2
190990401002069,2
190990401002070,2
190990401002071,2
190990401002072,2
190990401002073,2
190990401002074,2
190990401002075,2
190990401002076,2
190990401002077,2
190990401002078,2
190990401002079,2
190990401002080,2
190990401002081,2
190990401002082,2
190990401002083,2
190990401002084,2
190990401002085,2
190990401002086,2
190990401002087,2
190990401002088,2
190990401002089,2
190990401002090,2
190990401002091,2
190990401002092,2
190990401002093,2
190990401002094,2
190990401002095,2
190990401002096,2
190990401002097,2
190990401003010,2
190990401003054,2
190990401003055,2
190990401003066,2
190990401003067,2
190990401003069,2
190990401003070,2
190990401003072,2
190990401003074,2
190990401003075,2
190990401003076,2
190990401003077,2
190990401003078,2
190990401003084,2
190990401004099,2
190990401004100,2
190990409001005,2
190990409001006,2
190990401001065,2
190990401001066,2
190990401002041,2
190990401002042,2
190990401002043,2
190990401002045,2
190990401003079,2
190990408004000,2
190990408004001,2
190990408004021,2
190990408004022,2
190990408004023,2
190990408004024,2
190990408004026,2
190990408004028,2
190990408004029,2
190990408004030,2
190990408004031,2
190990408004032,2
190990409003000,2
190990409003001,2
190990409003002,2
190990409003003,2
190990409003004,2
190990409003005,2
190990409003006,2
190990409003007,2
190990409003008,2
190990409003009,2
190990409003010,2
190990409003011,2
190990409003012,2
190990409003013,2
190990409003014,2
190990409003015,2
190990409003016,2
190990409003017,2
190990409003018,2
190990409003019,2
190990409003020,2
190990409003021,2
190990409003022,2
190990409003023,2
190990409003024,2
190990409003025,2
190990409003026,2
190990409003027,2
190990409003028,2
190990409003029,2
190990409003030,2
190990409003031,2
190990409003032,2
190990409003033,2
190990409003034,2
190990409003035,2
190990409003036,2
190990409003037,2
190990409003038,2
190990409003039,2
190990409003040,2
190990409003041,2
190990409003042,2
190990409003043,2
190990409003044,2
190990409003045,2
190990409003049,2
190990409003050,2
190990409003051,2
190990409003052,2
190990409003053,2
190990409003054,2
190990409003056,2
190990409003057,2
190990409003058,2
190990409003059,2
190990409003060,2
190990409003061,2
190990409003064,2
190990409003120,2
190990409003121,2
190990409003122,2
190990409003127,2
190990409003129,2
190990409003131,2
190990409003132,2
190990401002000,2
190990401002001,2
190990401002005,2
190990401003008,2
190990401003009,2
190990401004007,2
190990401004008,2
190990401004009,2
190990401004010,2
190990401004011,2
190990401004012,2
190990401004013,2
190990401004014,2
190990401004015,2
190990401004019,2
190990401004020,2
190990401004021,2
190990401004022,2
190990401004023,2
190990401004024,2
190990401004054,2
190990401004055,2
190990401004056,2
190990401004058,2
190990401004059,2
190990401004060,2
190990401004061,2
190990401004062,2
190990401004063,2
190990401004064,2
190990401004065,2
190990401004066,2
190990401004067,2
190990401004068,2
190990401004069,2
190990401004102,2
190990401004103,2
190990401004104,2
190990401004105,2
190990401004106,2
190990401004107,2
190990401004108,2
190990401004109,2
190990401004110,2
190990401004111,2
190990401004112,2
190990401004146,2
190990401004147,2
190990401004154,2
190990401004155,2
190990401004156,2
190990401004157,2
190990401004158,2
190990401003000,2
190990401003001,2
190990401003002,2
190990401003003,2
190990401003004,2
190990401003005,2
190990401003006,2
190990401003007,2
190990401004000,2
190990401004001,2
190990401004002,2
190990401004003,2
190990401004004,2
190990401004005,2
190990401004006,2
190990401004115,2
190990401004116,2
190990401004117,2
190990401004118,2
190990401004119,2
190990401004120,2
190990401004121,2
190990401004122,2
190990401004123,2
190990401004124,2
190990401004125,2
190990401004126,2
190990401004127,2
190990401004128,2
190990401004129,2
190990401004130,2
190990401004131,2
190990401004132,2
190990401004133,2
190990401004134,2
190990401004135,2
190990401004136,2
190990401004137,2
190990401004138,2
190990401004139,2
190990401004140,2
190990401004141,2
190990401004142,2
190990401004143,2
190990401004144,2
190990401004145,2
190990401004148,2
190990401004149,2
190990401004150,2
190990401004151,2
190990401004152,2
190990401004153,2
190990401004159,2
190990401004160,2
190990401004161,2
190990401004162,2
190990401004163,2
190990401004164,2
190990401004165,2
190990401004166,2
190990401004167,2
190990401004168,2
190990401004169,2
190990401003011,2
190990401003012,2
190990401003013,2
190990401003014,2
190990401003015,2
190990401003016,2
190990401003017,2
190990401003018,2
190990401003019,2
190990401003020,2
190990401003021,2
190990401003022,2
190990401003023,2
190990401003024,2
190990401003025,2
190990401003026,2
190990401003027,2
190990401003028,2
190990401003029,2
190990401003030,2
190990401003031,2
190990401003032,2
190990401003033,2
190990401003034,2
190990401003035,2
190990401003036,2
190990401003037,2
190990401003038,2
190990401003039,2
190990401003040,2
190990401003041,2
190990401003042,2
190990401003043,2
190990401003044,2
190990401003045,2
190990401003046,2
190990401003047,2
190990401003048,2
190990401003049,2
190990401003050,2
190990401003051,2
190990401003052,2
190990401003053,2
190990401003056,2
190990401003057,2
190990401003058,2
190990401003059,2
190990401003060,2
190990401003061,2
190990401003062,2
190990401003063,2
190990401003064,2
190990401003065,2
190990401003068,2
190990401003071,2
190990401003073,2
190990401003082,2
190990401003083,2
190990401003085,2
190990401003086,2
190990401003087,2
190990401003088,2
190990409001000,2
190990409001001,2
190990409001002,2
190990409001003,2
190990409001004,2
190990409001015,2
190990409001016,2
190990409001017,2
190990401003080,2
190990401003081,2
190990409001007,2
190990409001008,2
190990409001009,2
190990409001010,2
190990409001011,2
190990409001012,2
190990409001013,2
190990409001014,2
190990409001018,2
190990409001019,2
190990409001020,2
190990409001021,2
190990409001022,2
190990409001023,2
190990409001024,2
190990409001025,2
190990409001026,2
190990409001027,2
190990409001028,2
190990409001029,2
190990409001030,2
190990409001031,2
190990409001032,2
190990409001033,2
190990409001034,2
190990409001035,2
190990409001036,2
190990409001037,2
190990409001038,2
190990409001039,2
190990409001040,2
190990409001041,2
190990409001042,2
190990409001043,2
190990409001044,2
190990409001045,2
190990409001046,2
190990409001047,2
190990409001048,2
190990409001049,2
190990409001050,2
190990409001051,2
190990409001052,2
190990409001053,2
190990409001054,2
190990409001055,2
190990409001056,2
190990409001057,2
190990409001058,2
190990409001059,2
190990409001060,2
190990409001061,2
190990409001062,2
190990409001063,2
190990409001064,2
190990409001065,2
190990409001066,2
190990409001068,2
190990409001069,2
190990409002000,2
190990409002001,2
190990409002002,2
190990409002003,2
190990409002004,2
190990409002005,2
190990409002006,2
190990409002013,2
190990409002014,2
190990409002015,2
190990409003046,2
190990409003047,2
190990401004016,2
190990401004017,2
190990401004018,2
190990401004025,2
190990401004026,2
190990401004027,2
190990401004028,2
190990401004029,2
190990401004030,2
190990401004031,2
190990401004032,2
190990401004033,2
190990401004034,2
190990401004035,2
190990401004036,2
190990401004037,2
190990401004038,2
190990401004039,2
190990401004040,2
190990401004041,2
190990401004042,2
190990401004043,2
190990401004044,2
190990401004045,2
190990401004046,2
190990401004047,2
190990401004048,2
190990401004049,2
190990401004050,2
190990401004051,2
190990401004052,2
190990401004053,2
190990401004057,2
190990401004070,2
190990401004071,2
190990401004072,2
190990401004073,2
190990401004074,2
190990401004075,2
190990401004076,2
190990401004077,2
190990401004078,2
190990401004079,2
190990401004080,2
190990401004081,2
190990401004082,2
190990401004083,2
190990401004084,2
190990401004085,2
190990401004086,2
190990401004087,2
190990401004091,2
190990401004093,2
190990401004094,2
190990401004101,2
190990401004170,2
190990402001000,2
190990402001001,2
190990402001119,2
190990402001120,2
190990402001121,2
190990402001122,2
190990402001123,2
190990402001124,2
190990402001125,2
190990402001002,2
190990402001003,2
190990402001004,2
190990402001005,2
190990402001006,2
190990402001007,2
190990402001008,2
190990402001012,2
190990402001013,2
190990402001014,2
190990402001015,2
190990402001016,2
190990402001025,2
190990402001048,2
190990402001049,2
190990402001093,2
190990402001094,2
190990402001095,2
190990402001096,2
190990402001097,2
190990402001098,2
190990402001099,2
190990402001100,2
190990402001101,2
190990402001102,2
190990402001105,2
190990402001106,2
190990402001107,2
190990402001108,2
190990402001109,2
190990402001110,2
190990402001111,2
190990402001112,2
190990402001113,2
190990402001114,2
190990402001115,2
190990402001116,2
190990402001117,2
190990402001118,2
190990402001126,2
190990402001127,2
190990402001128,2
190990402001129,2
190990402001130,2
190990402001131,2
190990402001132,2
190990402001133,2
190990402001134,2
190990402001135,2
190990402001136,2
190990402001145,2
190990402001146,2
190990402001147,2
190990402001148,2
190990402001149,2
190990402001150,2
190990402001164,2
190990402001165,2
190990402002000,2
190990402002001,2
190990402002002,2
190990402002003,2
190990402002004,2
190990402002005,2
190990402002006,2
190990402002007,2
190990402002008,2
190990402002009,2
190990402002010,2
190990402002011,2
190990402002012,2
190990402002013,2
190990402002014,2
190990402002015,2
190990402002016,2
190990402002017,2
190990402002018,2
190990402002019,2
190990402002020,2
190990402002021,2
190990402002022,2
190990402002023,2
190990402002024,2
190990402002025,2
190990402002026,2
190990402002027,2
190990402002028,2
190990402002029,2
190990402002030,2
190990402002031,2
190990402002032,2
190990402002033,2
190990402002034,2
190990402002035,2
190990402004006,2
190990402004007,2
190990402001009,2
190990402001010,2
190990402001011,2
190990402001017,2
190990402001018,2
190990402001019,2
190990402001020,2
190990402001021,2
190990402001022,2
190990402001023,2
190990402001024,2
190990402001026,2
190990402001027,2
190990402001028,2
190990402001029,2
190990402001030,2
190990402001031,2
190990402001032,2
190990402001033,2
190990402001034,2
190990402001035,2
190990402001036,2
190990402001037,2
190990402001038,2
190990402001039,2
190990402001040,2
190990402001041,2
190990402001042,2
190990402001043,2
190990402001044,2
190990402001045,2
190990402001046,2
190990402001047,2
190990402001050,2
190990402001051,2
190990402001052,2
190990402001053,2
190990402001054,2
190990402001055,2
190990402001056,2
190990402001057,2
190990402001058,2
190990402001059,2
190990402001060,2
190990402001061,2
190990402001062,2
190990402001063,2
190990402001064,2
190990402001065,2
190990402001066,2
190990402001067,2
190990402001068,2
190990402001069,2
190990402001070,2
190990402001071,2
190990402001072,2
190990402001073,2
190990402001074,2
190990402001075,2
190990402001076,2
190990402001077,2
190990402001078,2
190990402001079,2
190990402001080,2
190990402001081,2
190990402001082,2
190990402001083,2
190990402001084,2
190990402001085,2
190990402001086,2
190990402001087,2
190990402001088,2
190990402001089,2
190990402001090,2
190990402001091,2
190990402001092,2
190990402001103,2
190990402001104,2
190990402001137,2
190990402001138,2
190990402001139,2
190990402001140,2
190990402001141,2
190990402001142,2
190990402001151,2
190990402001152,2
190990402001153,2
190990402001154,2
190990402001155,2
190990402001156,2
190990402001157,2
190990402001158,2
190990402001159,2
190990402001160,2
190990402001161,2
190990402001162,2
190990402001163,2
190990402001166,2
190990402003008,2
190990402003009,2
190990402001143,2
190990402001144,2
190990402004001,2
190990402004002,2
190990402004003,2
190990402004004,2
190990402004005,2
190990402004008,2
190990402004009,2
190990402004010,2
190990402004011,2
190990402004012,2
190990402004013,2
190990402004017,2
190990402004021,2
190990402004022,2
190990402004023,2
190990402004024,2
190990402004025,2
190990402004026,2
190990402004027,2
190990402004028,2
190990402004029,2
190990402004030,2
190990402004031,2
190990402004035,2
190990402004036,2
190990402004037,2
190990402004038,2
190990402004039,2
190990402004040,2
190990402004041,2
190990402004042,2
190990402004043,2
190990402004050,2
190990402004051,2
190990402004052,2
190990402004061,2
190990402004062,2
190990402004064,2
190990402004065,2
190990402004066,2
190990402004067,2
190990402004068,2
190990402004069,2
190990402004070,2
190990402004071,2
190990402004072,2
190990402004073,2
190990402004074,2
190990402004075,2
190990402004076,2
190990402004077,2
190990402004078,2
190990402004079,2
190990402004080,2
190990402004081,2
190990402004082,2
190990402004083,2
190990402004084,2
190990402004085,2
190990402004086,2
190990402004087,2
190990402004088,2
190990402004089,2
190990407001000,2
190990407001001,2
190990407001009,2
190990407001010,2
190990407001013,2
190990407001024,2
190990408005002,2
190990408005003,2
190990402003000,2
190990402003001,2
190990402003002,2
190990402003003,2
190990402003004,2
190990402003005,2
190990402003006,2
190990402003007,2
190990402003010,2
190990402003011,2
190990402003012,2
190990402003013,2
190990402003014,2
190990402003015,2
190990402003016,2
190990402003017,2
190990402003018,2
190990402003019,2
190990402003020,2
190990402003021,2
190990402003022,2
190990402003023,2
190990402003024,2
190990402003025,2
190990402003026,2
190990402003027,2
190990402003028,2
190990402003029,2
190990402003030,2
190990402003031,2
190990402003032,2
190990402003033,2
190990402003034,2
190990402003035,2
190990402003036,2
190990402003037,2
190990402003038,2
190990402003039,2
190990402003040,2
190990402003041,2
190990402003042,2
190990402003043,2
190990402003044,2
190990402003045,2
190990402003046,2
190990402003047,2
190990402003048,2
190990402003049,2
190990402003050,2
190990402003051,2
190990402003052,2
190990402003053,2
190990402003054,2
190990402003058,2
190990402003059,2
190990402003061,2
190990402003062,2
190990402003063,2
190990402003064,2
190990402003065,2
190990402003066,2
190990402003068,2
190990402003074,2
190990402003077,2
190990402003078,2
190990402003080,2
190990402003085,2
190990402003086,2
190990402003087,2
190990402004032,2
190990402004033,2
190990402004034,2
190990402004044,2
190990402004045,2
190990402004046,2
190990402004047,2
190990402004048,2
190990402004049,2
190990402004056,2
190990402004057,2
190990402004058,2
190990402004059,2
190990402004060,2
190990402004063,2
190990402004090,2
190990402004091,2
190990402004092,2
190990402004093,2
190990402004094,2
190990402004097,2
190990402004098,2
190990407001002,2
190990407001003,2
190990407001004,2
190990407001005,2
190990407001006,2
190990407001007,2
190990407001016,2
190990407001018,2
190990407001019,2
190990407001022,2
190990407001023,2
190990407001029,2
190990407001034,2
190990407001035,2
190990407002000,2
190990407002001,2
190990407002002,2
190990407002004,2
190990407002005,2
190990407002006,2
190990407002007,2
190990402003055,2
190990402003056,2
190990402003057,2
190990402003060,2
190990402003067,2
190990402003069,2
190990402003070,2
190990402003071,2
190990402003072,2
190990402003073,2
190990402003075,2
190990402003076,2
190990402003079,2
190990402003081,2
190990402003082,2
190990402003083,2
190990402003084,2
190990407001090,2
190990407001092,2
190990407001095,2
190990407001096,2
190990407001097,2
190990407001098,2
190990407001102,2
190990407001103,2
190990407001104,2
190990407002003,2
190990407002009,2
190990407002010,2
190990407002011,2
190990407002012,2
190990407002013,2
190990407002016,2
190990407002077,2
190990407002078,2
190990407002079,2
190990407003001,2
190990407003002,2
190990407003003,2
190990407003004,2
190990407003005,2
190990407003006,2
190990407003007,2
190990407003008,2
190990407003009,2
190990407003010,2
190990407003011,2
190990407003012,2
190990407003013,2
190990407003014,2
190990407003015,2
190990407003016,2
190990407003017,2
190990407003018,2
190990407003019,2
190990407003020,2
190990407003021,2
190990407003022,2
190990407003023,2
190990407003024,2
190990407003025,2
190990407003026,2
190990407003027,2
190990407003028,2
190990407003029,2
190990407003030,2
190990407003031,2
190990407003032,2
190990407003033,2
190990407003034,2
190990407003035,2
190990407003036,2
190990407003037,2
190990407003038,2
190990407003039,2
190990407003040,2
190990407003041,2
190990407003042,2
190990407003043,2
190990407003044,2
190990407003047,2
190990407003048,2
190990407003049,2
190990407003050,2
190990407003051,2
190990407003052,2
190990407003053,2
190990407003054,2
190990407003055,2
190990407003057,2
190990407003058,2
190990407003059,2
190990407003060,2
190990407003061,2
190990407003062,2
190990407003128,2
190990407003129,2
190990407003131,2
190990407004002,2
190990402004095,2
190990402004096,2
190990407001011,2
190990407001012,2
190990407001025,2
190990407001026,2
190990407001036,2
190990407001037,2
190990407001051,2
190990407001053,2
190990407003000,2
190990407003045,2
190990407003046,2
190990407003056,2
190990407004000,2
190990407004001,2
190990408005000,2
190990408005001,2
190990408005004,2
190990408005005,2
190990408005006,2
190990408005007,2
190990408005008,2
190990408005009,2
190990408005010,2
190990408005011,2
190990408005012,2
190990408005013,2
190990408005014,2
190990408005015,2
190990408005016,2
190990408005017,2
190990408005018,2
190990408005019,2
190990408005020,2
190990408005021,2
190990408005022,2
190990408005023,2
190990408005024,2
190990408005025,2
190990408005026,2
190990408005032,2
190990408005033,2
190990408005034,2
190990408005039,2
190990408005040,2
190990408005041,2
190990408005042,2
190990408005043,2
190990408005044,2
190990408005045,2
190990408005046,2
190990408005047,2
190990408005048,2
190990408005049,2
190990408005050,2
190990408005051,2
190990408005052,2
190990408005053,2
190990408005054,2
190990408005055,2
190990408005056,2
190990408005057,2
190990408005058,2
190990408005059,2
190990408005060,2
190990408005061,2
190990408005068,2
190990408005069,2
190990408005070,2
190990408005071,2
190990408005142,2
190990403001028,2
190990403002009,2
190990403002010,2
190990403002014,2
190990403002015,2
190990403002016,2
190990403002021,2
190990403002035,2
190990403002036,2
190990403002026,2
190990403002033,2
190990403002034,2
190990408003009,2
190990408003010,2
190990408003011,2
190990408003012,2
190990408003013,2
190990408003014,2
190990408003017,2
190990408003018,2
190990408003022,2
190990408003023,2
190990408003024,2
190990408003026,2
190990408003027,2
190990408003028,2
190990408003029,2
190990408003030,2
190990408003031,2
190990408003032,2
190990408003033,2
190990408003034,2
190990408003035,2
190990408003036,2
190990408003037,2
190990408003038,2
190990408003039,2
190990408003040,2
190990408003041,2
190990408003042,2
190990408003043,2
190990408003044,2
190990408004006,2
190990408004008,2
190990408004014,2
190990408004015,2
190990408004016,2
190990408004017,2
190990408004018,2
190990408004019,2
190990408004020,2
190990408004025,2
190990408004027,2
190990408004033,2
190990408004034,2
190990408004035,2
190990408004036,2
190990408004037,2
190990408004038,2
190990408004039,2
190990408004040,2
190990408004043,2
190990408004044,2
190990408004045,2
190990408004046,2
190990408004047,2
190990408004048,2
190990408004049,2
190990408004050,2
190990408004051,2
190990408004052,2
190990408004053,2
190990408004054,2
190990408004055,2
190990408004061,2
190990408004062,2
190990408004068,2
190990408004069,2
190990408004070,2
190990408004071,2
190990408004072,2
190990408004073,2
190990408004074,2
190990408004075,2
190990408004076,2
190990408004077,2
190990408004078,2
190990408004079,2
190990408004080,2
190990408004087,2
190990408004088,2
190990408004092,2
190990408004093,2
190990408004096,2
190990408004097,2
190990408004101,2
190990408004102,2
190990408004103,2
190990408004104,2
190990408004105,2
190990408005027,2
190990408005029,2
190990408005030,2
190990408005031,2
190990408005035,2
190990408005038,2
190990408005064,2
190990408005076,2
190990408005077,2
190990408005078,2
190990408005079,2
190990408005112,2
190990408005117,2
190990408005118,2
190990408005119,2
190990408005128,2
190990408005135,2
190990408005143,2
190999800001000,2
190999800001001,2
190990407001008,2
190990407001014,2
190990407001015,2
190990407001017,2
190990407001020,2
190990407001021,2
190990407001027,2
190990407001028,2
190990407001030,2
190990407001031,2
190990407001032,2
190990407001033,2
190990407001038,2
190990407001039,2
190990407001040,2
190990407001041,2
190990407001042,2
190990407001043,2
190990407001044,2
190990407001045,2
190990407001046,2
190990407001047,2
190990407001048,2
190990407001049,2
190990407001050,2
190990407001052,2
190990407001054,2
190990407001055,2
190990407001056,2
190990407001057,2
190990407001058,2
190990407001059,2
190990407001060,2
190990407001061,2
190990407001062,2
190990407001063,2
190990407001064,2
190990407001065,2
190990407001066,2
190990407001067,2
190990407001068,2
190990407001069,2
190990407001070,2
190990407001071,2
190990407001072,2
190990407001073,2
190990407001074,2
190990407001075,2
190990407001076,2
190990407001077,2
190990407001078,2
190990407001079,2
190990407001080,2
190990407001081,2
190990407001082,2
190990407001083,2
190990407001084,2
190990407001085,2
190990407001086,2
190990407001087,2
190990407001088,2
190990407001089,2
190990407001091,2
190990407001093,2
190990407001094,2
190990407001099,2
190990407001100,2
190990407001101,2
190990407002008,2
190990407002014,2
190990407002015,2
190990407002017,2
190990407002018,2
190990407002019,2
190990407002020,2
190990407002021,2
190990407002022,2
190990407002023,2
190990407002024,2
190990407002025,2
190990407002026,2
190990407002027,2
190990407002028,2
190990407002029,2
190990407002030,2
190990407002031,2
190990407002032,2
190990407002033,2
190990407002034,2
190990407002035,2
190990407002036,2
190990407002037,2
190990407002038,2
190990407002039,2
190990407002040,2
190990407002041,2
190990407002042,2
190990407002043,2
190990407002044,2
190990407002045,2
190990407002046,2
190990407002047,2
190990407002048,2
190990407002049,2
190990407002050,2
190990407002051,2
190990407002052,2
190990407002053,2
190990407002054,2
190990407002055,2
190990407002056,2
190990407002057,2
190990407002058,2
190990407002059,2
190990407002060,2
190990407002061,2
190990407002062,2
190990407002063,2
190990407002064,2
190990407002065,2
190990407002066,2
190990407002067,2
190990407002068,2
190990407002069,2
190990407002070,2
190990407002071,2
190990407002072,2
190990407002073,2
190990407002074,2
190990407002075,2
190990407002076,2
190990407002080,2
190990407003063,2
190990407003064,2
190990407003065,2
190990407003066,2
190990407003067,2
190990407003068,2
190990407003069,2
190990407003070,2
190990407003071,2
190990407003072,2
190990407003073,2
190990407003074,2
190990407003075,2
190990407003076,2
190990407003077,2
190990407003078,2
190990407003079,2
190990407003080,2
190990407003081,2
190990407003082,2
190990407003083,2
190990407003084,2
190990407003085,2
190990407003086,2
190990407003087,2
190990407003088,2
190990407003089,2
190990407003090,2
190990407003091,2
190990407003092,2
190990407003093,2
190990407003094,2
190990407003095,2
190990407003096,2
190990407003097,2
190990407003098,2
190990407003099,2
190990407003100,2
190990407003101,2
190990407003102,2
190990407003103,2
190990407003104,2
190990407003105,2
190990407003106,2
190990407003107,2
190990407003108,2
190990407003109,2
190990407003110,2
190990407003111,2
190990407003112,2
190990407003113,2
190990407003114,2
190990407003115,2
190990407003116,2
190990407003117,2
190990407003118,2
190990407003119,2
190990407003120,2
190990407003121,2
190990407003122,2
190990407003123,2
190990407003124,2
190990407003125,2
190990407003126,2
190990407003127,2
190990407003130,2
190990407004003,2
190990407004004,2
190990407004005,2
190990407004020,2
190990407004021,2
190990407004075,2
190990407004076,2
190990407004081,2
190990407004084,2
190990407004085,2
190990408005141,2
190990407004006,2
190990407004007,2
190990407004008,2
190990407004009,2
190990407004010,2
190990407004011,2
190990407004012,2
190990407004013,2
190990407004014,2
190990407004015,2
190990407004016,2
190990407004017,2
190990407004018,2
190990407004019,2
190990407004022,2
190990407004023,2
190990407004024,2
190990407004025,2
190990407004026,2
190990407004027,2
190990407004028,2
190990407004029,2
190990407004030,2
190990407004031,2
190990407004032,2
190990407004033,2
190990407004034,2
190990407004035,2
190990407004036,2
190990407004037,2
190990407004038,2
190990407004039,2
190990407004040,2
190990407004041,2
190990407004042,2
190990407004043,2
190990407004044,2
190990407004045,2
190990407004046,2
190990407004047,2
190990407004048,2
190990407004049,2
190990407004050,2
190990407004051,2
190990407004052,2
190990407004053,2
190990407004054,2
190990407004055,2
190990407004056,2
190990407004057,2
190990407004058,2
190990407004059,2
190990407004060,2
190990407004061,2
190990407004062,2
190990407004063,2
190990407004064,2
190990407004065,2
190990407004066,2
190990407004067,2
190990407004068,2
190990407004069,2
190990407004070,2
190990407004071,2
190990407004072,2
190990407004073,2
190990407004074,2
190990407004077,2
190990407004078,2
190990407004079,2
190990407004080,2
190990407004082,2
190990407004083,2
190990408001000,2
190990408001001,2
190990408001002,2
190990408001003,2
190990408001015,2
190990408001041,2
190990408001042,2
190990408002000,2
190990408002001,2
190990408002002,2
190990408002003,2
190990408002004,2
190990408002005,2
190990408002006,2
190990408002022,2
190990408002052,2
190990408002053,2
190990408002054,2
190990408004041,2
190990408004042,2
190990408004086,2
190990408004089,2
190990408004090,2
190990408004091,2
190990408004094,2
190990408004095,2
190990408005028,2
190990408005036,2
190990408005037,2
190990408005062,2
190990408005063,2
190990408005065,2
190990408005066,2
190990408005067,2
190990408005072,2
190990408005073,2
190990408005074,2
190990408005075,2
190990408005080,2
190990408005081,2
190990408005082,2
190990408005083,2
190990408005084,2
190990408005085,2
190990408005086,2
190990408005087,2
190990408005088,2
190990408005089,2
190990408005090,2
190990408005091,2
190990408005092,2
190990408005093,2
190990408005094,2
190990408005095,2
190990408005096,2
190990408005097,2
190990408005098,2
190990408005099,2
190990408005100,2
190990408005101,2
190990408005102,2
190990408005103,2
190990408005104,2
190990408005105,2
190990408005106,2
190990408005107,2
190990408005108,2
190990408005109,2
190990408005110,2
190990408005111,2
190990408005113,2
190990408005114,2
190990408005115,2
190990408005120,2
190990408005121,2
190990408005122,2
190990408005123,2
190990408005124,2
190990408005126,2
190990408005130,2
190990408005131,2
190990408005132,2
190990408005133,2
190990408005134,2
190990408005136,2
190990408005137,2
190990408005138,2
190990408005139,2
190990408005140,2
190990409003099,2
190990409003102,2
190990409003103,2
190990408001004,2
190990408001005,2
190990408001006,2
190990408001007,2
190990408001008,2
190990408001009,2
190990408001010,2
190990408001011,2
190990408001012,2
190990408001013,2
190990408001014,2
190990408001016,2
190990408001017,2
190990408001018,2
190990408001019,2
190990408001020,2
190990408001021,2
190990408001022,2
190990408001023,2
190990408001024,2
190990408001025,2
190990408001026,2
190990408001027,2
190990408001028,2
190990408001029,2
190990408001030,2
190990408001031,2
190990408001032,2
190990408001033,2
190990408001034,2
190990408001035,2
190990408001036,2
190990408001037,2
190990408001038,2
190990408001039,2
190990408001040,2
190990408001043,2
190990408001044,2
190990408001045,2
190990408001046,2
190990408001047,2
190990408001048,2
190990408001049,2
190990408001050,2
190990408001051,2
190990408001052,2
190990408001053,2
190990408001054,2
190990408001055,2
190990408002007,2
190990408002008,2
190990408002009,2
190990408002010,2
190990408002011,2
190990408002012,2
190990408002013,2
190990408002014,2
190990408002015,2
190990408002016,2
190990408002017,2
190990408002018,2
190990408002019,2
190990408002020,2
190990408002021,2
190990408002023,2
190990408002024,2
190990408002025,2
190990408002026,2
190990408002027,2
190990408002028,2
190990408002029,2
190990408002030,2
190990408002031,2
190990408002032,2
190990408002033,2
190990408002034,2
190990408002035,2
190990408002036,2
190990408002037,2
190990408002038,2
190990408002039,2
190990408002040,2
190990408002041,2
190990408002042,2
190990408002043,2
190990408002044,2
190990408002045,2
190990408002046,2
190990408002047,2
190990408002048,2
190990408002049,2
190990408002050,2
190990408002051,2
190990408002055,2
190990408002056,2
190990408002057,2
190990408002058,2
190990408002059,2
190990408002060,2
190990408004056,2
190990408004057,2
190990408004058,2
190990408004059,2
190990408004060,2
190990408004063,2
190990408004064,2
190990408004065,2
190990408004066,2
190990408004067,2
190990408004081,2
190990408004082,2
190990408004083,2
190990408004084,2
190990408004085,2
190990408005116,2
190990408005125,2
190990408005127,2
190990408005129,2
190990409001074,2
190990409002065,2
190990409003048,2
190990409003055,2
190990409003062,2
190990409003063,2
190990409003065,2
190990409003066,2
190990409003067,2
190990409003068,2
190990409003069,2
190990409003070,2
190990409003071,2
190990409003072,2
190990409003073,2
190990409003074,2
190990409003075,2
190990409003076,2
190990409003077,2
190990409003078,2
190990409003079,2
190990409003080,2
190990409003081,2
190990409003082,2
190990409003083,2
190990409003084,2
190990409003085,2
190990409003086,2
190990409003087,2
190990409003088,2
190990409003089,2
190990409003090,2
190990409003091,2
190990409003092,2
190990409003093,2
190990409003094,2
190990409003095,2
190990409003096,2
190990409003097,2
190990409003098,2
190990409003100,2
190990409003101,2
190990409003104,2
190990409003105,2
190990409003106,2
190990409003107,2
190990409003108,2
190990409003109,2
190990409003110,2
190990409003111,2
190990409003112,2
190990409003113,2
190990409003114,2
190990409003115,2
190990409003116,2
190990409003117,2
190990409003118,2
190990409003119,2
190990409003123,2
190990409003124,2
190990409003125,2
190990409003126,2
190990409003128,2
190990409001067,2
190990409001070,2
190990409001071,2
190990409001072,2
190990409001073,2
190990409001075,2
190990409001076,2
190990409001077,2
190990409001078,2
190990409001079,2
190990409001080,2
190990409001081,2
190990409001082,2
190990409001083,2
190990409001084,2
190990409001085,2
190990409001086,2
190990409001087,2
190990409001088,2
190990409001089,2
190990409001090,2
190990409001091,2
190990409001092,2
190990409001093,2
190990409001094,2
190990409001095,2
190990409001096,2
190990409001097,2
190990409001098,2
190990409001099,2
190990409001100,2
190990409001101,2
190990409001102,2
190990409001103,2
190990409001104,2
190990409001105,2
190990409001106,2
190990409001107,2
190990409001108,2
190990409001109,2
190990409001110,2
190990409001111,2
190990409001112,2
190990409001113,2
190990409001114,2
190990409001115,2
190990409001116,2
190990409001117,2
190990409001118,2
190990409001119,2
190990409001120,2
190990409001121,2
190990409001122,2
190990409001123,2
190990409001124,2
190990409001125,2
190990409001126,2
190990409001127,2
190990409001128,2
190990409001129,2
190990409001130,2
190990409001131,2
190990409001132,2
190990409002007,2
190990409002008,2
190990409002009,2
190990409002010,2
190990409002011,2
190990409002012,2
190990409002016,2
190990409002017,2
190990409002018,2
190990409002019,2
190990409002020,2
190990409002021,2
190990409002022,2
190990409002023,2
190990409002024,2
190990409002025,2
190990409002026,2
190990409002027,2
190990409002028,2
190990409002029,2
190990409002030,2
190990409002031,2
190990409002032,2
190990409002033,2
190990409002034,2
190990409002035,2
190990409002036,2
190990409002037,2
190990409002038,2
190990409002039,2
190990409002040,2
190990409002041,2
190990409002042,2
190990409002043,2
190990409002044,2
190990409002045,2
190990409002046,2
190990409002047,2
190990409002048,2
190990409002049,2
190990409002050,2
190990409002051,2
190990409002052,2
190990409002053,2
190990409002054,2
190990409002055,2
190990409002056,2
190990409002057,2
190990409002058,2
190990409002059,2
190990409002060,2
190990409002061,2
190990409002062,2
190990409002063,2
190990409002064,2
190990409002066,2
190990409002067,2
190990409002068,2
190990409002069,2
190990409002070,2
190990409002071,2
190990409002072,2
190990409002073,2
190990409002074,2
190990409002075,2
190990409002076,2
190990409002077,2
190990409002078,2
190990409002079,2
190990409002080,2
190990409002081,2
190990409002082,2
190990409002083,2
190990409002084,2
190990409002085,2
190990409002086,2
191010901001000,2
191010901001001,2
191010901001002,2
191010901001003,2
191010901001004,2
191010901001005,2
191010901001006,2
191010901001007,2
191010901001008,2
191010901001009,2
191010901001010,2
191010901001011,2
191010901001012,2
191010901001013,2
191010901001014,2
191010901001045,2
191010901001046,2
191010901001051,2
191010901001052,2
191010901001053,2
191010901001054,2
191010901001055,2
191010901001056,2
191010901001057,2
191010901001058,2
191010901001059,2
191010901001060,2
191010901001061,2
191010901001062,2
191010901001063,2
191010901001064,2
191010901001065,2
191010901001066,2
191010901001067,2
191010901001068,2
191010901001069,2
191010901001070,2
191010901001071,2
191010901001072,2
191010901001073,2
191010901001074,2
191010901001075,2
191010901001141,2
191010901001142,2
191010901001143,2
191010901001146,2
191010901001151,2
191010901001152,2
191010901001153,2
191010901001154,2
191010901001155,2
191010901001156,2
191010901001157,2
191010901001158,2
191010901001159,2
191010901001160,2
191010901001161,2
191010901001162,2
191010901001164,2
191010901001165,2
191010901002000,2
191010901002001,2
191010901002002,2
191010901002003,2
191010901002010,2
191010901001015,2
191010901001016,2
191010901001017,2
191010901001018,2
191010901001019,2
191010901001020,2
191010901001021,2
191010901001022,2
191010901001023,2
191010901001024,2
191010901001025,2
191010901001026,2
191010901001027,2
191010901001028,2
191010901001029,2
191010901001030,2
191010901001031,2
191010901001032,2
191010901001033,2
191010901001034,2
191010901001035,2
191010901001036,2
191010901001037,2
191010901001038,2
191010901001039,2
191010901001040,2
191010901001041,2
191010901001042,2
191010901001043,2
191010901001044,2
191010901001047,2
191010901001048,2
191010901001049,2
191010901001050,2
191010901001076,2
191010901001077,2
191010901001078,2
191010901001079,2
191010901001080,2
191010901001081,2
191010901001082,2
191010901001083,2
191010901001084,2
191010901001085,2
191010901001086,2
191010901001087,2
191010901001088,2
191010901001089,2
191010901001093,2
191010901001096,2
191010901001097,2
191010901001098,2
191010901001100,2
191010901001101,2
191010901001102,2
191010901001105,2
191010901001106,2
191010901001107,2
191010901001108,2
191010901001109,2
191010901001110,2
191010901001111,2
191010901001112,2
191010901001113,2
191010901001115,2
191010901001116,2
191010901001117,2
191010901001118,2
191010901001119,2
191010901001120,2
191010901001121,2
191010901001129,2
191010901001130,2
191010901001131,2
191010901001132,2
191010901001133,2
191010901001139,2
191010901001140,2
191010901001090,2
191010901001091,2
191010901001092,2
191010901001094,2
191010901001095,2
191010901001099,2
191010901001103,2
191010901001104,2
191010901001114,2
191010901001122,2
191010901001123,2
191010901001124,2
191010902002000,2
191010902002001,2
191010902002002,2
191010902002003,2
191010902002004,2
191010902002005,2
191010902002026,2
191010902002027,2
191010902002028,2
191010902002029,2
191010902002051,2
191010902002052,2
191010902002053,2
191010902002054,2
191010902002055,2
191010902002056,2
191010902002057,2
191010902002058,2
191010902002059,2
191010902002060,2
191010902002061,2
191010902002062,2
191010902002063,2
191010902002064,2
191010902002065,2
191010902002066,2
191010902002067,2
191010902002068,2
191010902002069,2
191010902002070,2
191010902002071,2
191010902002075,2
191010902002095,2
191010902002096,2
191010902002097,2
191010902003000,2
191010902003001,2
191010902003002,2
191010902003003,2
191010902003004,2
191010901001125,2
191010901003038,2
191010901003039,2
191010901003040,2
191010901003073,2
191010901003074,2
191010902001001,2
191010902001003,2
191010902001004,2
191010902001005,2
191010902001008,2
191010902001009,2
191010902001077,2
191010902003048,2
191010902003049,2
191010902003050,2
191010902003070,2
191010902003071,2
191010902003072,2
191010902003073,2
191010902003074,2
191010902003075,2
191010902003076,2
191010902003077,2
191010902003078,2
191010902003079,2
191010902003080,2
191010902003081,2
191010902003082,2
191010902003083,2
191010902003084,2
191010902003085,2
191010902003086,2
191010902003087,2
191010902003088,2
191010902003089,2
191010902003090,2
191010902003091,2
191010902003092,2
191010902003093,2
191010902003094,2
191010902003095,2
191010902003096,2
191010902003097,2
191010902003098,2
191010902003099,2
191010902003100,2
191010902003101,2
191010902003102,2
191010902003103,2
191010902003104,2
191010902003105,2
191010902003106,2
191010902003107,2
191010902003108,2
191010902003113,2
191010902003114,2
191010902003115,2
191010902003116,2
191010902003117,2
191010902003118,2
191010902003119,2
191010902003120,2
191010902003121,2
191010902003122,2
191010902003125,2
191010902003145,2
191010902003146,2
191010902003212,2
191010902003218,2
191010903021000,2
191010903021001,2
191010903021005,2
191010903021007,2
191010903021008,2
191010903021009,2
191010903021010,2
191010903021013,2
191010903022011,2
191010903022014,2
191010903022015,2
191010903022026,2
191010903022028,2
191010903022029,2
191010903022040,2
191010903022043,2
191010903022050,2
191010903022051,2
191010903022055,2
191010904001033,2
191010904002001,2
191010904002002,2
191010904002003,2
191010904002004,2
191010904002005,2
191010904002010,2
191010904002011,2
191010904002021,2
191010904002022,2
191010904002023,2
191010901001126,2
191010901001127,2
191010901001128,2
191010901001134,2
191010901001135,2
191010901001136,2
191010901001137,2
191010901001138,2
191010901001149,2
191010901001150,2
191010901001168,2
191010901003000,2
191010901003001,2
191010901003002,2
191010901003003,2
191010901003004,2
191010901003005,2
191010901003006,2
191010901003007,2
191010901003008,2
191010901003009,2
191010901003010,2
191010901003011,2
191010901003012,2
191010901003013,2
191010901003014,2
191010901003015,2
191010901003016,2
191010901003017,2
191010901003018,2
191010901003019,2
191010901003020,2
191010901003023,2
191010901003024,2
191010901003025,2
191010901003026,2
191010901003027,2
191010901003028,2
191010901003029,2
191010901003030,2
191010901003031,2
191010901003032,2
191010901003033,2
191010901003034,2
191010901003035,2
191010901003036,2
191010901003041,2
191010901003042,2
191010901003043,2
191010901003044,2
191010901003045,2
191010901003046,2
191010901003047,2
191010901003048,2
191010901003049,2
191010901003050,2
191010901003051,2
191010904001000,2
191010904001002,2
191010904001004,2
191010904001005,2
191010904001021,2
191010904002000,2
191010904002007,2
191010904002008,2
191010904002009,2
191010904002054,2
191010904002061,2
191010904003000,2
191010904003001,2
191010904003039,2
191010904003040,2
191010904003041,2
191010904003042,2
191010904003043,2
191010904003044,2
191010904003045,2
191010904003046,2
191010904003047,2
191010904003048,2
191010904003049,2
191010904003052,2
191010904003053,2
191010904003054,2
191010904003092,2
191010904003095,2
191010901001144,2
191010901001145,2
191010901001147,2
191010901001148,2
191010901001163,2
191010901001166,2
191010901001167,2
191010901002004,2
191010901002005,2
191010901002006,2
191010901002007,2
191010901002008,2
191010901002009,2
191010901002011,2
191010901002012,2
191010901002013,2
191010901002014,2
191010901002015,2
191010901002016,2
191010901002017,2
191010901002018,2
191010901002019,2
191010901002020,2
191010901002021,2
191010901002022,2
191010901002023,2
191010901002024,2
191010901002025,2
191010901002026,2
191010901002027,2
191010901002028,2
191010901002029,2
191010901002030,2
191010901002031,2
191010901002032,2
191010901002033,2
191010901002034,2
191010901002035,2
191010901002036,2
191010901002037,2
191010901002038,2
191010901002039,2
191010901002041,2
191010901002042,2
191010901002043,2
191010901002044,2
191010901002045,2
191010901002046,2
191010901002047,2
191010901002048,2
191010901002049,2
191010901002050,2
191010901002051,2
191010901002052,2
191010901002053,2
191010901002054,2
191010901002055,2
191010901002056,2
191010901002066,2
191010901002067,2
191010901002068,2
191010901002069,2
191010901002070,2
191010901002071,2
191010901002072,2
191010901002073,2
191010901002082,2
191010901002083,2
191010901002090,2
191010901002141,2
191010901002142,2
191010901002143,2
191010901002040,2
191010901002057,2
191010901002058,2
191010901002059,2
191010901002060,2
191010901002061,2
191010901002062,2
191010901002063,2
191010901002064,2
191010901002065,2
191010901002076,2
191010901002077,2
191010901002078,2
191010901002079,2
191010901002080,2
191010901002137,2
191010901002074,2
191010901002075,2
191010901002081,2
191010901002084,2
191010901002085,2
191010901002086,2
191010901002087,2
191010901002088,2
191010901002089,2
191010901002091,2
191010901002092,2
191010901002093,2
191010901002094,2
191010901002095,2
191010901002096,2
191010901002097,2
191010901002098,2
191010901002099,2
191010901002100,2
191010901002101,2
191010901002105,2
191010901002106,2
191010901002107,2
191010901002108,2
191010901002109,2
191010901002110,2
191010901002111,2
191010901002112,2
191010901002113,2
191010901002114,2
191010901002115,2
191010901002116,2
191010901002117,2
191010901002118,2
191010901002119,2
191010901002120,2
191010901002121,2
191010901002122,2
191010901002124,2
191010901002125,2
191010901002126,2
191010901002127,2
191010901002128,2
191010901002129,2
191010901002131,2
191010901002132,2
191010901002133,2
191010901002134,2
191010901002135,2
191010901002136,2
191010901002138,2
191010901002139,2
191010901002140,2
191010901002102,2
191010901002103,2
191010901002104,2
191010901002123,2
191010901002130,2
191010901003052,2
191010901003053,2
191010901003054,2
191010901003055,2
191010901003057,2
191010901003058,2
191010901003059,2
191010901003060,2
191010901003061,2
191010901003062,2
191010901003063,2
191010901003064,2
191010901003065,2
191010901003066,2
191010901003067,2
191010901003068,2
191010901003069,2
191010901003070,2
191010901003071,2
191010901003072,2
191010901003076,2
191010901003077,2
191010901003078,2
191010901003079,2
191010901003080,2
191010901003081,2
191010901003082,2
191010901003083,2
191010901003084,2
191010901003085,2
191010901003086,2
191010904001020,2
191010904001027,2
191010904001028,2
191010904001030,2
191010904001035,2
191010904001036,2
191010904001037,2
191010904001038,2
191010904003055,2
191010901003021,2
191010901003022,2
191010901003037,2
191010901003056,2
191010902001000,2
191010902001002,2
191010902001006,2
191010902001007,2
191010903011000,2
191010903011001,2
191010903011002,2
191010903011003,2
191010903011004,2
191010903011005,2
191010903011006,2
191010903011007,2
191010903011008,2
191010903011009,2
191010903011010,2
191010903011011,2
191010903011012,2
191010903011013,2
191010903011014,2
191010903011015,2
191010903011016,2
191010903011017,2
191010903011018,2
191010903011019,2
191010903011020,2
191010903011021,2
191010903011022,2
191010903011023,2
191010903011024,2
191010903011025,2
191010903011026,2
191010903011027,2
191010903011028,2
191010903011029,2
191010903011030,2
191010903011031,2
191010903011032,2
191010903011033,2
191010903011034,2
191010903011035,2
191010903011036,2
191010903011037,2
191010903011038,2
191010903011039,2
191010903011040,2
191010903011041,2
191010903011042,2
191010903011043,2
191010903011044,2
191010903011045,2
191010903011046,2
191010903011047,2
191010903011048,2
191010903011049,2
191010903011050,2
191010903011051,2
191010903011052,2
191010903011053,2
191010903011054,2
191010903011055,2
191010903011056,2
191010903011057,2
191010903011058,2
191010903011059,2
191010903011060,2
191010903011061,2
191010903011062,2
191010903011063,2
191010903011064,2
191010903011065,2
191010903011066,2
191010903011067,2
191010903011068,2
191010903011069,2
191010903011070,2
191010903011071,2
191010903011072,2
191010903011073,2
191010903011074,2
191010903011075,2
191010903011076,2
191010903012000,2
191010903012001,2
191010903012002,2
191010903012003,2
191010903012004,2
191010903012005,2
191010903012006,2
191010903012007,2
191010903012008,2
191010903012009,2
191010903012010,2
191010903012011,2
191010903012012,2
191010903012013,2
191010903012014,2
191010903012015,2
191010903012016,2
191010903012017,2
191010903012018,2
191010903012019,2
191010903012020,2
191010903012021,2
191010903012022,2
191010903012023,2
191010903012024,2
191010903012025,2
191010903012026,2
191010903012027,2
191010903012028,2
191010903012029,2
191010903012030,2
191010903012031,2
191010903012032,2
191010903012033,2
191010903012034,2
191010903012035,2
191010903012036,2
191010903012037,2
191010903012038,2
191010903012039,2
191010903012040,2
191010903012041,2
191010903012042,2
191010903012043,2
191010903012044,2
191010903012045,2
191010903012046,2
191010903012047,2
191010903012048,2
191010903012049,2
191010903012050,2
191010903012051,2
191010903012052,2
191010903012053,2
191010903012054,2
191010903012055,2
191010903012056,2
191010903012057,2
191010903012058,2
191010903012059,2
191010903012060,2
191010903012061,2
191010903021002,2
191010903021003,2
191010903021004,2
191010903021006,2
191010903021011,2
191010903021012,2
191010903021014,2
191010903021015,2
191010903021016,2
191010903021017,2
191010903021018,2
191010903021019,2
191010903021020,2
191010903021021,2
191010903021022,2
191010903021023,2
191010903021024,2
191010903021025,2
191010903021026,2
191010903021027,2
191010903021028,2
191010903021029,2
191010903021030,2
191010903021031,2
191010903021032,2
191010903021033,2
191010903021034,2
191010903021035,2
191010903021036,2
191010903021037,2
191010903021038,2
191010903021039,2
191010903021040,2
191010903021041,2
191010903021042,2
191010903021043,2
191010903021044,2
191010903021045,2
191010903021046,2
191010903021047,2
191010903021048,2
191010903021049,2
191010903021050,2
191010903021051,2
191010903021052,2
191010903021053,2
191010903021054,2
191010903021055,2
191010903021056,2
191010903021057,2
191010903021058,2
191010903021059,2
191010903021060,2
191010903021061,2
191010903021062,2
191010903021063,2
191010903021064,2
191010903021065,2
191010903021066,2
191010903021067,2
191010903021068,2
191010903021069,2
191010903021070,2
191010903021071,2
191010903021072,2
191010903021073,2
191010903021074,2
191010903021075,2
191010903021076,2
191010903021077,2
191010903021078,2
191010903021079,2
191010903021080,2
191010903021081,2
191010903022000,2
191010903022001,2
191010903022002,2
191010903022003,2
191010903022004,2
191010903022005,2
191010903022006,2
191010903022007,2
191010903022008,2
191010903022009,2
191010903022010,2
191010903022012,2
191010903022013,2
191010903022016,2
191010903022017,2
191010903022018,2
191010903022019,2
191010903022020,2
191010903022021,2
191010903022022,2
191010903022023,2
191010903022024,2
191010903022025,2
191010903022027,2
191010903022030,2
191010903022031,2
191010903022032,2
191010903022033,2
191010903022034,2
191010903022035,2
191010903022036,2
191010903022037,2
191010903022038,2
191010903022039,2
191010903022041,2
191010903022042,2
191010903022044,2
191010903022045,2
191010903022046,2
191010903022047,2
191010903022048,2
191010903022049,2
191010903022052,2
191010903022053,2
191010903022054,2
191010903022056,2
191010903022057,2
191010903022058,2
191010903022059,2
191010903022060,2
191010903022061,2
191010903022062,2
191010903022063,2
191010904001001,2
191010904001003,2
191010904001006,2
191010904001007,2
191010904001008,2
191010904001009,2
191010904001010,2
191010904001011,2
191010904001012,2
191010904001013,2
191010904001014,2
191010904001015,2
191010904001016,2
191010904001017,2
191010904001018,2
191010904001019,2
191010904001022,2
191010904001023,2
191010904001024,2
191010904001025,2
191010904001026,2
191010904001029,2
191010904001031,2
191010904001032,2
191010904001034,2
191010904002006,2
191010904002012,2
191010904002013,2
191010904002014,2
191010904002015,2
191010904002016,2
191010904002017,2
191010904002018,2
191010904002019,2
191010904002020,2
191010904002024,2
191010904002025,2
191010904002026,2
191010904002027,2
191010904002028,2
191010904002029,2
191010904002030,2
191010904002031,2
191010904002032,2
191010904002033,2
191010904002034,2
191010904002035,2
191010904002036,2
191010904002037,2
191010904002038,2
191010904002039,2
191010904002040,2
191010904002041,2
191010904002042,2
191010904002043,2
191010904002044,2
191010904002045,2
191010904002046,2
191010904002047,2
191010904002048,2
191010904002049,2
191010904002050,2
191010904002051,2
191010904002052,2
191010904002053,2
191010904002055,2
191010904002056,2
191010904002057,2
191010904002058,2
191010904002059,2
191010904002060,2
191010904002062,2
191010904002063,2
191010904002064,2
191010904002065,2
191010904002066,2
191010904002067,2
191010904002068,2
191010904002069,2
191010904002070,2
191010904002071,2
191010904002072,2
191010904002073,2
191010904002074,2
191010904002075,2
191010904002076,2
191010904002077,2
191010904002078,2
191010904002079,2
191010904002080,2
191010904002081,2
191010904002082,2
191010904002083,2
191010904002084,2
191010904002085,2
191010904003002,2
191010904003003,2
191010904003004,2
191010904003005,2
191010904003006,2
191010904003007,2
191010904003008,2
191010904003009,2
191010904003010,2
191010904003011,2
191010904003012,2
191010904003013,2
191010904003014,2
191010904003015,2
191010904003016,2
191010904003017,2
191010904003018,2
191010904003019,2
191010904003020,2
191010904003021,2
191010904003022,2
191010904003023,2
191010904003024,2
191010904003025,2
191010904003026,2
191010904003027,2
191010904003028,2
191010904003029,2
191010904003030,2
191010904003031,2
191010904003032,2
191010904003033,2
191010904003034,2
191010904003035,2
191010904003036,2
191010904003037,2
191010904003038,2
191010904003050,2
191010904003051,2
191010904003056,2
191010904003057,2
191010904003058,2
191010904003059,2
191010904003060,2
191010904003061,2
191010904003062,2
191010904003063,2
191010904003064,2
191010904003065,2
191010904003066,2
191010904003067,2
191010904003068,2
191010904003069,2
191010904003070,2
191010904003071,2
191010904003072,2
191010904003073,2
191010904003074,2
191010904003075,2
191010904003076,2
191010904003077,2
191010904003078,2
191010904003079,2
191010904003080,2
191010904003081,2
191010904003082,2
191010904003083,2
191010904003084,2
191010904003085,2
191010904003086,2
191010904003087,2
191010904003088,2
191010904003089,2
191010904003090,2
191010904003091,2
191010904003093,2
191010904003094,2
191010904003096,2
191010904003097,2
191010901003075,2
191010902001010,2
191010902001011,2
191010902001012,2
191010902001013,2
191010902001014,2
191010902001015,2
191010902001050,2
191010902001054,2
191010902001055,2
191010902001056,2
191010902001057,2
191010902001058,2
191010902001059,2
191010902001060,2
191010902001061,2
191010902001062,2
191010902001063,2
191010902001064,2
191010902001065,2
191010902001066,2
191010902001067,2
191010902001068,2
191010902001069,2
191010902001070,2
191010902001071,2
191010902001072,2
191010902001073,2
191010902001074,2
191010902001075,2
191010902001076,2
191010902001078,2
191010902001079,2
191010902001080,2
191010902001081,2
191010902001082,2
191010902001083,2
191010902001084,2
191010902001085,2
191010902001086,2
191010902001087,2
191010902001088,2
191010902001089,2
191010902001090,2
191010902001091,2
191010902001092,2
191010902001093,2
191010902001094,2
191010902001096,2
191010902001097,2
191010902001104,2
191010902001105,2
191010902003213,2
191010902003214,2
191010902001016,2
191010902001017,2
191010902001018,2
191010902001019,2
191010902001020,2
191010902001021,2
191010902001024,2
191010902001025,2
191010902001026,2
191010902001027,2
191010902001028,2
191010902001029,2
191010902001030,2
191010902001031,2
191010902001032,2
191010902001033,2
191010902001034,2
191010902001035,2
191010902001036,2
191010902001037,2
191010902001038,2
191010902001039,2
191010902001040,2
191010902001041,2
191010902001042,2
191010902001043,2
191010902001044,2
191010902001045,2
191010902001046,2
191010902001047,2
191010902001048,2
191010902001049,2
191010902001051,2
191010902001052,2
191010902001053,2
191010902001095,2
191010902001098,2
191010902001099,2
191010902001100,2
191010902001101,2
191010902001102,2
191010902001103,2
191010902001106,2
191010902001107,2
191010902001108,2
191010902001109,2
191010902001110,2
191010902003207,2
191010902001022,2
191010902001023,2
191010902003006,2
191010902003018,2
191010902003019,2
191010902003020,2
191010902003023,2
191010902003024,2
191010902003025,2
191010902003026,2
191010902003027,2
191010902003028,2
191010902003029,2
191010902003030,2
191010902003031,2
191010902003032,2
191010902003033,2
191010902003034,2
191010902003035,2
191010902003036,2
191010902003037,2
191010902003038,2
191010902003039,2
191010902003040,2
191010902003041,2
191010902003042,2
191010902003043,2
191010902003044,2
191010902003045,2
191010902003046,2
191010902003047,2
191010902003051,2
191010902003052,2
191010902003053,2
191010902003054,2
191010902003055,2
191010902003056,2
191010902003057,2
191010902003058,2
191010902003059,2
191010902003060,2
191010902003061,2
191010902003062,2
191010902003063,2
191010902003064,2
191010902003065,2
191010902003066,2
191010902003067,2
191010902003068,2
191010902003069,2
191010902003109,2
191010902003110,2
191010902003111,2
191010902003112,2
191010902003123,2
191010902003124,2
191010902003126,2
191010902003127,2
191010902003128,2
191010902003129,2
191010902003130,2
191010902003131,2
191010902003132,2
191010902003133,2
191010902003134,2
191010902003135,2
191010902003136,2
191010902003137,2
191010902003139,2
191010902003142,2
191010902003143,2
191010902003144,2
191010902003147,2
191010902003148,2
191010902003149,2
191010902003150,2
191010902003151,2
191010902003159,2
191010902003160,2
191010902003161,2
191010902003206,2
191010902003211,2
191010902003215,2
191010902003217,2
191010902003219,2
191010902002006,2
191010902002007,2
191010902002008,2
191010902002009,2
191010902002010,2
191010902002011,2
191010902002012,2
191010902002013,2
191010902002014,2
191010902002015,2
191010902002016,2
191010902002017,2
191010902002018,2
191010902002019,2
191010902002020,2
191010902002021,2
191010902002022,2
191010902002023,2
191010902002024,2
191010902002025,2
191010902002030,2
191010902002031,2
191010902002032,2
191010902002033,2
191010902002034,2
191010902002035,2
191010902002036,2
191010902002037,2
191010902002038,2
191010902002039,2
191010902002040,2
191010902002041,2
191010902002042,2
191010902002043,2
191010902002044,2
191010902002045,2
191010902002046,2
191010902002047,2
191010902002048,2
191010902002049,2
191010902002050,2
191010902002072,2
191010902002073,2
191010902002074,2
191010902002076,2
191010902002077,2
191010902002078,2
191010902002079,2
191010902002080,2
191010902002081,2
191010902002082,2
191010902002083,2
191010902002084,2
191010902002085,2
191010902002086,2
191010902002087,2
191010902002088,2
191010902002089,2
191010902002090,2
191010902002091,2
191010902002092,2
191010902002093,2
191010902002094,2
191010902002098,2
191010902002099,2
191010902003005,2
191010902003007,2
191010902003008,2
191010902003009,2
191010902003010,2
191010902003011,2
191010902003012,2
191010902003013,2
191010902003014,2
191010902003015,2
191010902003016,2
191010902003017,2
191010902003021,2
191010902003022,2
191010902003216,2
191010902003138,2
191010902003140,2
191010902003141,2
191010902003152,2
191010902003153,2
191010902003154,2
191010902003155,2
191010902003156,2
191010902003157,2
191010902003158,2
191010902003162,2
191010902003163,2
191010902003164,2
191010902003165,2
191010902003166,2
191010902003167,2
191010902003168,2
191010902003169,2
191010902003170,2
191010902003171,2
191010902003172,2
191010902003173,2
191010902003174,2
191010902003175,2
191010902003176,2
191010902003177,2
191010902003178,2
191010902003179,2
191010902003180,2
191010902003181,2
191010902003182,2
191010902003183,2
191010902003184,2
191010902003185,2
191010902003186,2
191010902003187,2
191010902003188,2
191010902003189,2
191010902003190,2
191010902003191,2
191010902003192,2
191010902003193,2
191010902003194,2
191010902003195,2
191010902003196,2
191010902003197,2
191010902003198,2
191010902003199,2
191010902003200,2
191010902003201,2
191010902003202,2
191010902003203,2
191010902003204,2
191010902003205,2
191010902003208,2
191010902003209,2
191010902003210,2
191030001001000,2
191030001001001,2
191030001001002,2
191030001001003,2
191030001001004,2
191030001001005,2
191030001001008,2
191030001002005,2
191030001002007,2
191030001002008,2
191030001002011,2
191030001002012,2
191030001002013,2
191030001002014,2
191030001002015,2
191030001002016,2
191030001002017,2
191030001002018,2
191030001002019,2
191030001002020,2
191030001002032,2
191030001001006,2
191030001001007,2
191030001001009,2
191030011001000,2
191030011001001,2
191030011001002,2
191030011001003,2
191030011001004,2
191030011001005,2
191030011001006,2
191030011001007,2
191030011001008,2
191030011001009,2
191030011001010,2
191030011001011,2
191030011001012,2
191030011001013,2
191030011001014,2
191030011001015,2
191030011001016,2
191030011001017,2
191030011001018,2
191030011001019,2
191030011001020,2
191030011001023,2
191030011001024,2
191030011001025,2
191030011001026,2
191030011001027,2
191030011001028,2
191030011001030,2
191030011002000,2
191030011002001,2
191030011002002,2
191030011002003,2
191030011002004,2
191030011002007,2
191030011003000,2
191030011003001,2
191030011003002,2
191030011003003,2
191030011003004,2
191030011003005,2
191030011003006,2
191030011003007,2
191030011003008,2
191030001002000,2
191030001002003,2
191030001004000,2
191030001004001,2
191030001004002,2
191030001004003,2
191030001004004,2
191030001004010,2
191030001004012,2
191030001004013,2
191030001004014,2
191030001004030,2
191030101001066,2
191030101001067,2
191030101001076,2
191030101001077,2
191030101001083,2
191030101001084,2
191030101001085,2
191030101001092,2
191030101001093,2
191030101001094,2
191030101003046,2
191030101004001,2
191030101004002,2
191030101004003,2
191030101004006,2
191030101004007,2
191030101004008,2
191030101004009,2
191030101004010,2
191030101004011,2
191030101004013,2
191030101004014,2
191030101004015,2
191030101004016,2
191030101004017,2
191030101004018,2
191030101004019,2
191030101004020,2
191030101004021,2
191030101004022,2
191030101004025,2
191030101004026,2
191030101004027,2
191030101004030,2
191030101004032,2
191030101004033,2
191030001002001,2
191030001002002,2
191030001002004,2
191030001002006,2
191030001002009,2
191030001002010,2
191030001004015,2
191030001004016,2
191030101004028,2
191030101004029,2
191030101004034,2
191030001002021,2
191030001002022,2
191030001002023,2
191030001002024,2
191030001002025,2
191030001002026,2
191030001002027,2
191030001002028,2
191030001002029,2
191030001002030,2
191030001002031,2
191030001002033,2
191030001002034,2
191030023001000,2
191030023001001,2
191030023001002,2
191030023001003,2
191030023001004,2
191030023001005,2
191030023001006,2
191030023001007,2
191030023001008,2
191030023001009,2
191030023001010,2
191030023001011,2
191030023001012,2
191030023001013,2
191030023002000,2
191030023002001,2
191030023002002,2
191030023002003,2
191030023002004,2
191030023002005,2
191030023002006,2
191030023002007,2
191030023002008,2
191030023002009,2
191030023002010,2
191030023002011,2
191030023002012,2
191030023002013,2
191030023002014,2
191030023002015,2
191030023002016,2
191030023002017,2
191030023002018,2
191030023002019,2
191030023002032,2
191030023002033,2
191030023002041,2
191030001003000,2
191030001003001,2
191030001003002,2
191030001003003,2
191030001003004,2
191030001003005,2
191030001003006,2
191030001003007,2
191030001003008,2
191030001003009,2
191030001003010,2
191030001003011,2
191030001003012,2
191030001003013,2
191030001003014,2
191030001003015,2
191030001003016,2
191030001003017,2
191030001003018,2
191030001003019,2
191030001003020,2
191030001003021,2
191030001004005,2
191030001004006,2
191030001004007,2
191030001004008,2
191030001004009,2
191030001004011,2
191030001004017,2
191030001004018,2
191030001004019,2
191030001004020,2
191030001004021,2
191030001004022,2
191030001004023,2
191030001004024,2
191030001004025,2
191030001004026,2
191030001004027,2
191030001004028,2
191030001004029,2
191030012002003,2
191030012002004,2
191030012002005,2
191030012002006,2
191030012002007,2
191030012002008,2
191030013001009,2
191030013001010,2
191030101004012,2
191030101004031,2
191030105013001,2
191030105013002,2
191030105013008,2
191030001004031,2
191030101001104,2
191030101001105,2
191030101001106,2
191030101001107,2
191030101001108,2
191030101001109,2
191030101001113,2
191030101001114,2
191030101001115,2
191030105011000,2
191030105011001,2
191030105011002,2
191030105011003,2
191030105011004,2
191030105011006,2
191030105011007,2
191030105011008,2
191030105011009,2
191030105011010,2
191030105011011,2
191030105011012,2
191030105011013,2
191030105011015,2
191030105011016,2
191030105011023,2
191030105011029,2
191030105011030,2
191030105011031,2
191030105012002,2
191030105012023,2
191030105012032,2
191030105012038,2
191030105012044,2
191030105012045,2
191030105013000,2
191030105013003,2
191030105013004,2
191030105013006,2
191030105013012,2
191030105013020,2
191030105013025,2
191030105013026,2
191030105013029,2
191030105013030,2
191030105013031,2
191030105021000,2
191030105021001,2
191030105021002,2
191030105021003,2
191030105021004,2
191030105021005,2
191030105021006,2
191030105021007,2
191030105021008,2
191030105021009,2
191030105021010,2
191030105021011,2
191030105021012,2
191030105021013,2
191030105021014,2
191030105021015,2
191030105021016,2
191030105021017,2
191030105021018,2
191030105021019,2
191030105021020,2
191030105021021,2
191030105021022,2
191030105021023,2
191030105021024,2
191030105021025,2
191030105021026,2
191030105021027,2
191030105021028,2
191030105021029,2
191030105021030,2
191030105021031,2
191030105021032,2
191030105021033,2
191030105021034,2
191030105021035,2
191030105021036,2
191030105021037,2
191030105021038,2
191030105021039,2
191030105021047,2
191030105021048,2
191030105021049,2
191030105021050,2
191030105021054,2
191030105021055,2
191030105021056,2
191030105021057,2
191030105021058,2
191030105021062,2
191030105021069,2
191030105021070,2
191030105021071,2
191030105021072,2
191030002001000,2
191030002001001,2
191030002001002,2
191030002001003,2
191030002001004,2
191030002001005,2
191030002001006,2
191030002001007,2
191030002001008,2
191030002001009,2
191030002001010,2
191030002001011,2
191030002001012,2
191030002001013,2
191030002001014,2
191030002001015,2
191030002001016,2
191030002001017,2
191030002001018,2
191030002001019,2
191030002002000,2
191030002002001,2
191030002002002,2
191030002002003,2
191030002002004,2
191030002002005,2
191030002002006,2
191030002002007,2
191030002002008,2
191030002002009,2
191030002002010,2
191030002002011,2
191030002002012,2
191030002002013,2
191030002002014,2
191030002002015,2
191030002002016,2
191030002002017,2
191030002002018,2
191030002002019,2
191030002002020,2
191030002002021,2
191030002002022,2
191030002003000,2
191030002003001,2
191030002003002,2
191030002003003,2
191030002003004,2
191030002003005,2
191030002003006,2
191030002003007,2
191030002003008,2
191030003062012,2
191030003073004,2
191030003073005,2
191030003031000,2
191030003031001,2
191030003031013,2
191030003031027,2
191030003031028,2
191030003031029,2
191030003031030,2
191030103034000,2
191030103034001,2
191030103034002,2
191030103034003,2
191030103034004,2
191030103034005,2
191030103034006,2
191030103034007,2
191030103034008,2
191030103034009,2
191030103034010,2
191030103034023,2
191030103034024,2
191030103034025,2
191030103034030,2
191030103034031,2
191030103034032,2
191030103034064,2
191030103034068,2
191030103041000,2
191030103041001,2
191030103041002,2
191030103041003,2
191030103041004,2
191030103041005,2
191030103041006,2
191030103041007,2
191030103041008,2
191030103041009,2
191030103041010,2
191030103041011,2
191030103041012,2
191030103041013,2
191030103041014,2
191030103041015,2
191030103041016,2
191030103041017,2
191030103041018,2
191030103041019,2
191030103041020,2
191030103041021,2
191030103041022,2
191030103041023,2
191030103042000,2
191030103042001,2
191030103042002,2
191030103042003,2
191030103042004,2
191030103042005,2
191030103042006,2
191030103042008,2
191030103042009,2
191030103042010,2
191030103042011,2
191030103042015,2
191030103043000,2
191030103043001,2
191030103043002,2
191030103043003,2
191030103043004,2
191030103043005,2
191030103043006,2
191030103043007,2
191030103043008,2
191030103043009,2
191030103043010,2
191030103043011,2
191030103043012,2
191030103043013,2
191030103043014,2
191030103043015,2
191030103043016,2
191030103043017,2
191030103051000,2
191030103051001,2
191030103051002,2
191030103051003,2
191030103051004,2
191030103051005,2
191030103051006,2
191030103051007,2
191030103051008,2
191030103051009,2
191030103051010,2
191030103051011,2
191030103051012,2
191030103051013,2
191030103051014,2
191030103051015,2
191030103051016,2
191030103051017,2
191030103051018,2
191030103051020,2
191030103051021,2
191030103051022,2
191030103052000,2
191030103052001,2
191030103052002,2
191030103052003,2
191030103052004,2
191030103052005,2
191030103052006,2
191030103052007,2
191030103052008,2
191030103052009,2
191030103052010,2
191030103052011,2
191030103053000,2
191030103053001,2
191030103053002,2
191030103053003,2
191030103053004,2
191030103053005,2
191030103053006,2
191030103053007,2
191030103053008,2
191030103053009,2
191030103053011,2
191030103053012,2
191030103053013,2
191030103053014,2
191030103053015,2
191030103053016,2
191030103053017,2
191030103053018,2
191030103053019,2
191030103053020,2
191030103053021,2
191030103053022,2
191030103053023,2
191030103053024,2
191030103053025,2
191030103053026,2
191030103053027,2
191030103053028,2
191030103053029,2
191030103053030,2
191030103053031,2
191030103053032,2
191030103053033,2
191030103053034,2
191030103061028,2
191030103061029,2
191030103061030,2
191030103061031,2
191030103061034,2
191030103061035,2
191030103061036,2
191030103061037,2
191030103061039,2
191030103061040,2
191030103061041,2
191030103061042,2
191030103061043,2
191030103061044,2
191030103061045,2
191030103061046,2
191030103061047,2
191030103061048,2
191030103061049,2
191030103061050,2
191030103061051,2
191030103061052,2
191030103061053,2
191030103061054,2
191030103061055,2
191030103061056,2
191030103061057,2
191030103061058,2
191030103061059,2
191030103061060,2
191030103061061,2
191030103061062,2
191030103061063,2
191030103061064,2
191030103061065,2
191030103061066,2
191030103061067,2
191030103061068,2
191030103061069,2
191030103061070,2
191030103061071,2
191030103061072,2
191030103061073,2
191030103061074,2
191030103061076,2
191030103071000,2
191030103071001,2
191030103071002,2
191030103071003,2
191030103071004,2
191030103071005,2
191030103071006,2
191030103071007,2
191030103071008,2
191030103071009,2
191030103071010,2
191030103071011,2
191030103071012,2
191030103071013,2
191030103071014,2
191030103071015,2
191030103071016,2
191030103071017,2
191030103071018,2
191030103071019,2
191030103071020,2
191030103071021,2
191030103071022,2
191030103072006,2
191030103072007,2
191030103072008,2
191030103072009,2
191030103072010,2
191030103072011,2
191030103072012,2
191030103072013,2
191030103072014,2
191030103072015,2
191030103072016,2
191030103072017,2
191030103072018,2
191030103072019,2
191030103072020,2
191030103082003,2
191030103082006,2
191030103082007,2
191030103082012,2
191030103082013,2
191030103082014,2
191030103082015,2
191030103082016,2
191030103082017,2
191030103082018,2
191030103082019,2
191030103082020,2
191030103082021,2
191030103082022,2
191030103082023,2
191030103082024,2
191030103082025,2
191030103082026,2
191030103082027,2
191030103082028,2
191030103082029,2
191030103082030,2
191030103082031,2
191030103082032,2
191030103082035,2
191030103082036,2
191030103082038,2
191030103082039,2
191030103082040,2
191030103082041,2
191030103082042,2
191030003031002,2
191030003031003,2
191030003031004,2
191030003031005,2
191030003031006,2
191030003031007,2
191030003031008,2
191030003031009,2
191030003031010,2
191030003031011,2
191030003031012,2
191030003031014,2
191030003031015,2
191030003031016,2
191030003031017,2
191030003031018,2
191030003031019,2
191030003031020,2
191030003031021,2
191030003031022,2
191030003031033,2
191030003031034,2
191030003052000,2
191030003052001,2
191030003052002,2
191030003052003,2
191030003052004,2
191030003052005,2
191030003052006,2
191030003052007,2
191030003052008,2
191030003052009,2
191030003052010,2
191030003052011,2
191030003052012,2
191030003052013,2
191030003052014,2
191030003052015,2
191030003052016,2
191030003052017,2
191030003052019,2
191030003052023,2
191030003052024,2
191030003052025,2
191030003052026,2
191030003052027,2
191030003052031,2
191030003052032,2
191030003052033,2
191030003052034,2
191030003052035,2
191030003052036,2
191030003052039,2
191030003052040,2
191030003052042,2
191030003052046,2
191030003052047,2
191030103034022,2
191030003031023,2
191030003031024,2
191030003031025,2
191030003031026,2
191030003031031,2
191030003031032,2
191030003041000,2
191030003041001,2
191030003041002,2
191030003041003,2
191030003041004,2
191030003041005,2
191030003041006,2
191030003041007,2
191030003041008,2
191030003041009,2
191030003041010,2
191030003041011,2
191030003041012,2
191030003041013,2
191030003042016,2
191030003042017,2
191030003042018,2
191030003042019,2
191030003042020,2
191030003072000,2
191030003072001,2
191030003072002,2
191030003072003,2
191030003072004,2
191030003072005,2
191030003073000,2
191030003073001,2
191030003073002,2
191030003073003,2
191030003074006,2
191030003074007,2
191030003074009,2
191030004022002,2
191030004024000,2
191030004024001,2
191030004024004,2
191030004024005,2
191030004024007,2
191030004024010,2
191030004024011,2
191030004024017,2
191030004024022,2
191030004024023,2
191030004024024,2
191030004024025,2
191030004024026,2
191030004024027,2
191030004024028,2
191030004024029,2
191030004024030,2
191030004024031,2
191030004024039,2
191030004024040,2
191030004024041,2
191030004024042,2
191030004024048,2
191030004024049,2
191030004024050,2
191030004024055,2
191030003042000,2
191030003042001,2
191030003042002,2
191030003042003,2
191030003042004,2
191030003042005,2
191030003042006,2
191030003042007,2
191030003042008,2
191030003042009,2
191030003042010,2
191030003042011,2
191030003042012,2
191030003042013,2
191030003042014,2
191030003042015,2
191030003071000,2
191030003071001,2
191030003071002,2
191030003071003,2
191030003071004,2
191030003074000,2
191030003074001,2
191030003074002,2
191030003074003,2
191030003074004,2
191030003074005,2
191030003074008,2
191030003051000,2
191030003051001,2
191030003051002,2
191030003051003,2
191030003051004,2
191030003051005,2
191030003051006,2
191030003051007,2
191030003051008,2
191030003051009,2
191030003051010,2
191030003051011,2
191030003051012,2
191030003051013,2
191030003051014,2
191030003051015,2
191030003051016,2
191030003051017,2
191030003051018,2
191030003051019,2
191030003051020,2
191030003051021,2
191030003051022,2
191030003052037,2
191030003052038,2
191030003052043,2
191030003052044,2
191030003052045,2
191030003052018,2
191030003052020,2
191030003052021,2
191030003052022,2
191030003052028,2
191030003052029,2
191030003052030,2
191030003052041,2
191030003061000,2
191030003061001,2
191030003061002,2
191030003061003,2
191030003061004,2
191030003061005,2
191030003062001,2
191030003062005,2
191030003062006,2
191030103042013,2
191030103042014,2
191030103042016,2
191030103042017,2
191030103042018,2
191030103042019,2
191030103081007,2
191030103081008,2
191030103081010,2
191030103081011,2
191030103081012,2
191030103081013,2
191030103081014,2
191030103081015,2
191030103082033,2
191030003061006,2
191030003061007,2
191030003061008,2
191030003061009,2
191030003061010,2
191030003061011,2
191030003062008,2
191030003062009,2
191030003062010,2
191030003062011,2
191030003062013,2
191030003062014,2
191030003062015,2
191030003062016,2
191030003062017,2
191030003062018,2
191030003062019,2
191030003062020,2
191030003062021,2
191030103042022,2
191030003062000,2
191030003062002,2
191030003062003,2
191030003062004,2
191030003062007,2
191030103042007,2
191030103042012,2
191030103042020,2
191030103042021,2
191030103042023,2
191030103072000,2
191030103072001,2
191030103072002,2
191030103072003,2
191030103072004,2
191030103072005,2
191030103072021,2
191030103081000,2
191030103081001,2
191030103081002,2
191030103081003,2
191030103081004,2
191030103081005,2
191030103081006,2
191030103081009,2
191030103081016,2
191030103081017,2
191030103081018,2
191030103081019,2
191030103081020,2
191030103082000,2
191030103082001,2
191030103082002,2
191030103082004,2
191030103082005,2
191030103082008,2
191030103082009,2
191030103082010,2
191030103082011,2
191030103082034,2
191030103082037,2
191030004011000,2
191030004011003,2
191030004022001,2
191030004022003,2
191030005013000,2
191030005013001,2
191030005013002,2
191030005013003,2
191030005013004,2
191030005013005,2
191030005013006,2
191030005013007,2
191030005013008,2
191030005013009,2
191030005013010,2
191030005013011,2
191030005013013,2
191030005022001,2
191030005022002,2
191030005022003,2
191030005022005,2
191030005022008,2
191030104011033,2
191030104011034,2
191030004011001,2
191030004011002,2
191030004011004,2
191030004011005,2
191030004012000,2
191030004012001,2
191030004012002,2
191030004012003,2
191030004012004,2
191030004012005,2
191030004021002,2
191030004022000,2
191030004022004,2
191030004024032,2
191030004024033,2
191030004024034,2
191030004024036,2
191030004024037,2
191030004024038,2
191030004024043,2
191030004024044,2
191030004024045,2
191030004024046,2
191030004024047,2
191030004024051,2
191030004024052,2
191030004024053,2
191030004024054,2
191030004024056,2
191030004024057,2
191030004024059,2
191030004012006,2
191030004012007,2
191030004012008,2
191030004012009,2
191030004012010,2
191030004012011,2
191030004012012,2
191030004021000,2
191030004021001,2
191030004023000,2
191030004023001,2
191030004023002,2
191030004023003,2
191030004023004,2
191030004023005,2
191030004023006,2
191030004023007,2
191030004023008,2
191030004023009,2
191030004023010,2
191030004023011,2
191030004023012,2
191030004023013,2
191030004023014,2
191030004023015,2
191030004023016,2
191030004023017,2
191030004023018,2
191030004023023,2
191030004023024,2
191030004023025,2
191030004023029,2
191030004023030,2
191030004023031,2
191030004023032,2
191030004023033,2
191030004023034,2
191030004023035,2
191030004012013,2
191030004023026,2
191030004023027,2
191030005013012,2
191030104011023,2
191030104011032,2
191030104012000,2
191030104012001,2
191030104012002,2
191030104012003,2
191030104012004,2
191030104012005,2
191030104012006,2
191030104012007,2
191030104012008,2
191030104012009,2
191030104012010,2
191030104012011,2
191030104012012,2
191030104012013,2
191030104012015,2
191030104012016,2
191030104012017,2
191030104012018,2
191030104012019,2
191030104012020,2
191030104012021,2
191030104012022,2
191030104012023,2
191030104012024,2
191030104012026,2
191030104012027,2
191030104012028,2
191030104012029,2
191030104012030,2
191030104012031,2
191030104012038,2
191030104012039,2
191030104012040,2
191030104012041,2
191030104012042,2
191030104012043,2
191030104012044,2
191030104012045,2
191030104012046,2
191030104012047,2
191030104012048,2
191030104012051,2
191030104012052,2
191030104012053,2
191030104012056,2
191030104012057,2
191030104012058,2
191030004023019,2
191030004023020,2
191030004023021,2
191030004023022,2
191030004023028,2
191030004024019,2
191030004024020,2
191030004024021,2
191030004024035,2
191030104012049,2
191030104012050,2
191030104021000,2
191030104021001,2
191030104021002,2
191030104021003,2
191030104021004,2
191030104021005,2
191030104021006,2
191030104021015,2
191030104021020,2
191030104022000,2
191030104022031,2
191030104022032,2
191030104023036,2
191030104023037,2
191030104023038,2
191030104023039,2
191030104023048,2
191030104023049,2
191030104023050,2
191030104023051,2
191030104023052,2
191030104023053,2
191030104023054,2
191030104023055,2
191030104023056,2
191030104023057,2
191030104023058,2
191030104023081,2
191030104023082,2
191030104023083,2
191030104023084,2
191030104023085,2
191030104023086,2
191030104023087,2
191030104023088,2
191030104023089,2
191030104023090,2
191030104023091,2
191030104023092,2
191030104023093,2
191030004024002,2
191030004024003,2
191030103033008,2
191030103033009,2
191030103033010,2
191030103033011,2
191030103033012,2
191030103033013,2
191030103033015,2
191030103033016,2
191030103033017,2
191030103033018,2
191030103033019,2
191030103033020,2
191030103033021,2
191030103033022,2
191030103033023,2
191030103033024,2
191030103033025,2
191030103033026,2
191030103033027,2
191030103033028,2
191030103033029,2
191030103033030,2
191030103033031,2
191030103033032,2
191030103033035,2
191030103033036,2
191030103033037,2
191030103033038,2
191030103033039,2
191030103033040,2
191030103033041,2
191030103033042,2
191030103033043,2
191030103033045,2
191030103033046,2
191030103033047,2
191030103033048,2
191030103033049,2
191030103033050,2
191030103033051,2
191030103033052,2
191030103033053,2
191030103033054,2
191030103033055,2
191030103033056,2
191030103033057,2
191030103033058,2
191030103033059,2
191030103033060,2
191030103033061,2
191030103033062,2
191030103034021,2
191030103034033,2
191030103034034,2
191030103034035,2
191030103034036,2
191030103034037,2
191030103034038,2
191030103034039,2
191030103034040,2
191030103034041,2
191030103034043,2
191030103034044,2
191030103034045,2
191030103034046,2
191030103034047,2
191030103034048,2
191030103034049,2
191030103034050,2
191030103034051,2
191030103034052,2
191030103034053,2
191030103034054,2
191030103034055,2
191030103034056,2
191030103034057,2
191030103034058,2
191030103034059,2
191030103034060,2
191030103034061,2
191030103034062,2
191030103034063,2
191030103034065,2
191030103034066,2
191030103034067,2
191030104023000,2
191030104023001,2
191030104023002,2
191030104023003,2
191030104023008,2
191030104023011,2
191030004024006,2
191030004024008,2
191030004024009,2
191030004024012,2
191030004024013,2
191030004024014,2
191030004024015,2
191030004024016,2
191030004024018,2
191030004024058,2
191030103031031,2
191030103031032,2
191030103031034,2
191030103031035,2
191030103031036,2
191030103031040,2
191030103031041,2
191030103031042,2
191030103033002,2
191030103033003,2
191030103033004,2
191030103033005,2
191030103033006,2
191030103033007,2
191030103033014,2
191030103033033,2
191030103033034,2
191030103033044,2
191030103034018,2
191030103034019,2
191030103034020,2
191030103034042,2
191030104023004,2
191030104023005,2
191030104023007,2
191030104023009,2
191030104023010,2
191030104023012,2
191030104023013,2
191030104023014,2
191030104023015,2
191030104023030,2
191030104023031,2
191030104023032,2
191030104023033,2
191030104023034,2
191030104023035,2
191030005011000,2
191030005012004,2
191030006001016,2
191030006002000,2
191030006002002,2
191030006003000,2
191030006003001,2
191030006003002,2
191030104011000,2
191030104011001,2
191030104011002,2
191030104011003,2
191030104011004,2
191030104011005,2
191030104011006,2
191030104011007,2
191030104011008,2
191030104011009,2
191030104011010,2
191030104011011,2
191030104011012,2
191030104011013,2
191030104011014,2
191030104011015,2
191030104011016,2
191030104011024,2
191030104011025,2
191030104011026,2
191030104011027,2
191030104011028,2
191030104011029,2
191030104011030,2
191030104011031,2
191030005012000,2
191030005012001,2
191030005012002,2
191030005012003,2
191030005012005,2
191030005012006,2
191030005012007,2
191030005012008,2
191030005012009,2
191030005012010,2
191030005012011,2
191030005012012,2
191030005012013,2
191030005012014,2
191030005012015,2
191030005012016,2
191030005021000,2
191030005021001,2
191030005021007,2
191030005021008,2
191030005022000,2
191030005022004,2
191030005022006,2
191030005022007,2
191030006002001,2
191030006003003,2
191030006003004,2
191030005021002,2
191030005021003,2
191030005021004,2
191030005021005,2
191030005021006,2
191030005021009,2
191030005021010,2
191030005021011,2
191030005021012,2
191030005021013,2
191030005021014,2
191030005021015,2
191030005021016,2
191030005021017,2
191030005021018,2
191030005021019,2
191030005021020,2
191030005021021,2
191030006001000,2
191030006001001,2
191030006001002,2
191030006001003,2
191030006001004,2
191030006001005,2
191030006001006,2
191030006001007,2
191030006001008,2
191030023002020,2
191030023002021,2
191030023002022,2
191030023002023,2
191030023002024,2
191030023002025,2
191030023002026,2
191030023002027,2
191030023002028,2
191030023002029,2
191030023002030,2
191030023002031,2
191030023002034,2
191030023002035,2
191030023002036,2
191030023002037,2
191030023002038,2
191030023002039,2
191030023002040,2
191030023002042,2
191030006001009,2
191030006001010,2
191030006001011,2
191030006001012,2
191030006001013,2
191030006001014,2
191030006001015,2
191030006001017,2
191030006001018,2
191030006001019,2
191030016011000,2
191030016011001,2
191030016011002,2
191030016011003,2
191030016011004,2
191030016011005,2
191030016011006,2
191030016011008,2
191030016012000,2
191030016012001,2
191030016012002,2
191030016012003,2
191030016012004,2
191030016012005,2
191030016012006,2
191030016012007,2
191030017003003,2
191030017003004,2
191030017003005,2
191030017003006,2
191030017003007,2
191030017003008,2
191030017003009,2
191030017003010,2
191030017003011,2
191030017003012,2
191030017003013,2
191030017003014,2
191030017003015,2
191030017003016,2
191030017003017,2
191030017003029,2
191030017003030,2
191030017003031,2
191030021001017,2
191030021001018,2
191030021001019,2
191030021001020,2
191030021001021,2
191030021001022,2
191030021001023,2
191030021001024,2
191030021001025,2
191030021001034,2
191030021001039,2
191030021001040,2
191030021001041,2
191030011001021,2
191030011001022,2
191030011001029,2
191030011002005,2
191030011002006,2
191030021001000,2
191030021001001,2
191030021001002,2
191030021001003,2
191030021001004,2
191030021001005,2
191030021001006,2
191030021001007,2
191030021001008,2
191030021001009,2
191030021001010,2
191030021001011,2
191030021001012,2
191030021001013,2
191030021001014,2
191030021001015,2
191030021001016,2
191030021001026,2
191030021001027,2
191030021001028,2
191030021001035,2
191030021001036,2
191030021001037,2
191030011002008,2
191030011002009,2
191030011002010,2
191030011002011,2
191030011002012,2
191030011002013,2
191030011002014,2
191030011002015,2
191030011002016,2
191030011002017,2
191030011002018,2
191030011002019,2
191030011002020,2
191030011002021,2
191030011002022,2
191030011002023,2
191030011003009,2
191030011003010,2
191030011003011,2
191030011003012,2
191030011003013,2
191030016013000,2
191030016013001,2
191030016013002,2
191030016013003,2
191030016013004,2
191030016013005,2
191030016013006,2
191030016021001,2
191030016021002,2
191030016022001,2
191030016022002,2
191030016022003,2
191030016022004,2
191030016022005,2
191030016022006,2
191030016022007,2
191030016022008,2
191030016022009,2
191030016022010,2
191030016022011,2
191030021001029,2
191030021001030,2
191030021001031,2
191030021001032,2
191030021001033,2
191030012001000,2
191030012001001,2
191030012001002,2
191030012001003,2
191030012001004,2
191030012001005,2
191030012001006,2
191030012001007,2
191030012001008,2
191030012001009,2
191030012001010,2
191030012001011,2
191030012001012,2
191030012002000,2
191030012002001,2
191030012002002,2
191030012002009,2
191030012002010,2
191030012002011,2
191030012002012,2
191030012002013,2
191030012002014,2
191030012002015,2
191030012002016,2
191030012002017,2
191030012002018,2
191030012002019,2
191030012002020,2
191030012002021,2
191030012002022,2
191030012002023,2
191030012002024,2
191030015001000,2
191030015001001,2
191030015001002,2
191030015001003,2
191030015001004,2
191030015001005,2
191030015001006,2
191030015001007,2
191030015001008,2
191030015001009,2
191030015001010,2
191030015001013,2
191030015001016,2
191030015001017,2
191030015002000,2
191030015002001,2
191030016022000,2
191030016022012,2
191030016022013,2
191030016022014,2
191030016022015,2
191030013001000,2
191030105011005,2
191030105011014,2
191030105012000,2
191030105012001,2
191030105012003,2
191030105012004,2
191030105012005,2
191030105012006,2
191030105012007,2
191030105012008,2
191030105012009,2
191030105012010,2
191030105012011,2
191030105012012,2
191030105012013,2
191030105012014,2
191030105012015,2
191030105012016,2
191030105012017,2
191030105012018,2
191030105012019,2
191030105012020,2
191030105012021,2
191030105012022,2
191030105012024,2
191030105012025,2
191030105012026,2
191030105012027,2
191030105012028,2
191030105012029,2
191030105012030,2
191030105012031,2
191030105012033,2
191030105012034,2
191030105012035,2
191030105012036,2
191030105012037,2
191030105012039,2
191030105012040,2
191030105012041,2
191030105012042,2
191030105012043,2
191030105012046,2
191030105013005,2
191030105013007,2
191030105013009,2
191030105013010,2
191030105013011,2
191030105013013,2
191030105013014,2
191030105013015,2
191030105013016,2
191030105013017,2
191030105013018,2
191030105013019,2
191030105013021,2
191030105013022,2
191030105013023,2
191030105013024,2
191030105013027,2
191030105013028,2
191030105013032,2
191030105013033,2
191030105013034,2
191030105013035,2
191030105013036,2
191030105013037,2
191030105013038,2
191030105013039,2
191030105013040,2
191030105013041,2
191030105013042,2
191030105013043,2
191030105013044,2
191030105013045,2
191030105013046,2
191030105013047,2
191030105013048,2
191030105013049,2
191030105013050,2
191030105013052,2
191030105013053,2
191030105013054,2
191030013001001,2
191030013001002,2
191030013001003,2
191030013001004,2
191030013001005,2
191030013001006,2
191030013001007,2
191030013001008,2
191030013001011,2
191030013001012,2
191030013001013,2
191030013001014,2
191030013001015,2
191030013001016,2
191030013001017,2
191030013002001,2
191030013002002,2
191030013002003,2
191030013002004,2
191030013002005,2
191030013002006,2
191030013002007,2
191030013002008,2
191030013002009,2
191030013002010,2
191030013002011,2
191030013002012,2
191030013002013,2
191030013002014,2
191030013002015,2
191030013002016,2
191030013002017,2
191030013002000,2
191030014001000,2
191030014001001,2
191030014001002,2
191030014001003,2
191030014001004,2
191030014001005,2
191030014001006,2
191030014001007,2
191030014001008,2
191030014001009,2
191030014002000,2
191030014002001,2
191030014002002,2
191030014002003,2
191030014002004,2
191030014002005,2
191030014002006,2
191030014002007,2
191030014002008,2
191030014002009,2
191030014002010,2
191030014002011,2
191030014002012,2
191030014002013,2
191030014002014,2
191030014002015,2
191030014002016,2
191030015001012,2
191030015001014,2
191030015001015,2
191030015001018,2
191030015001019,2
191030015001020,2
191030015001021,2
191030015001022,2
191030015001038,2
191030015001039,2
191030105013051,2
191030014003000,2
191030014003001,2
191030014003002,2
191030014003003,2
191030014003004,2
191030014003005,2
191030014003006,2
191030014003007,2
191030014003008,2
191030014003009,2
191030014003010,2
191030014003011,2
191030014003012,2
191030014003013,2
191030014003014,2
191030014003015,2
191030014003016,2
191030014003017,2
191030014003018,2
191030014003019,2
191030014003020,2
191030014003021,2
191030014003022,2
191030014003023,2
191030014003024,2
191030014003025,2
191030014003026,2
191030014003027,2
191030014003028,2
191030015001029,2
191030015001032,2
191030015001033,2
191030015001034,2
191030015001035,2
191030015001036,2
191030015001037,2
191030015001040,2
191030015001041,2
191030015001042,2
191030015001043,2
191030015001044,2
191030015001045,2
191030105011017,2
191030105011018,2
191030105011019,2
191030015001011,2
191030015001023,2
191030015001024,2
191030015001025,2
191030015001026,2
191030015001027,2
191030015001028,2
191030015001030,2
191030015001031,2
191030015002002,2
191030015002003,2
191030015002004,2
191030015002005,2
191030015002006,2
191030015002007,2
191030015002008,2
191030015002009,2
191030015002010,2
191030015002011,2
191030015002012,2
191030015002013,2
191030015002014,2
191030015002015,2
191030015002016,2
191030015002017,2
191030015002018,2
191030015002019,2
191030015002020,2
191030015002021,2
191030015002022,2
191030016021000,2
191030016021007,2
191030016022016,2
191030017001005,2
191030017002000,2
191030017003000,2
191030017003001,2
191030017003002,2
191030017003018,2
191030017003019,2
191030017003020,2
191030017003021,2
191030017003022,2
191030017003023,2
191030017003024,2
191030017003025,2
191030017003026,2
191030017003027,2
191030017003034,2
191030017003035,2
191030017003038,2
191030016011007,2
191030016013007,2
191030016013008,2
191030016013009,2
191030016013010,2
191030016013011,2
191030016021003,2
191030016021004,2
191030016021005,2
191030016021006,2
191030021001038,2
191030017001000,2
191030017001030,2
191030018011002,2
191030018012000,2
191030018012001,2
191030018012002,2
191030018012003,2
191030018012004,2
191030018012005,2
191030018012006,2
191030018012007,2
191030018012008,2
191030018012009,2
191030018012010,2
191030018012011,2
191030018012012,2
191030018012013,2
191030018013000,2
191030018013001,2
191030018013002,2
191030018013004,2
191030018013005,2
191030018013006,2
191030018013007,2
191030018013008,2
191030018014008,2
191030018014009,2
191030018014014,2
191030018014015,2
191030018014016,2
191030018014017,2
191030018014018,2
191030018014019,2
191030018014021,2
191030105011020,2
191030105011021,2
191030105011022,2
191030105011024,2
191030105011025,2
191030105011026,2
191030105011027,2
191030105011028,2
191030017001001,2
191030017001002,2
191030017001004,2
191030017001009,2
191030017001010,2
191030017001015,2
191030017001029,2
191030018011000,2
191030018011001,2
191030018014000,2
191030018014001,2
191030018014002,2
191030018014003,2
191030018014004,2
191030018014005,2
191030018014006,2
191030018014007,2
191030018014010,2
191030018014011,2
191030018014012,2
191030018014013,2
191030018014020,2
191030018022003,2
191030018022004,2
191030018022005,2
191030018022006,2
191030018022007,2
191030018022008,2
191030018022009,2
191030018022010,2
191030018022011,2
191030018022012,2
191030017001003,2
191030017001006,2
191030017001007,2
191030017001008,2
191030017001011,2
191030017001012,2
191030017001013,2
191030017001014,2
191030017001016,2
191030017001017,2
191030017001018,2
191030017001019,2
191030017001020,2
191030017001021,2
191030017001022,2
191030017001023,2
191030017001024,2
191030017001025,2
191030017001026,2
191030017001027,2
191030017001028,2
191030017002001,2
191030017002002,2
191030017002003,2
191030017002004,2
191030017002005,2
191030017002006,2
191030017002007,2
191030017002008,2
191030017002009,2
191030017002010,2
191030017002011,2
191030017002012,2
191030017002013,2
191030017002014,2
191030017002015,2
191030017002016,2
191030017002017,2
191030017003028,2
191030017003032,2
191030017003033,2
191030017003036,2
191030017003037,2
191030017003039,2
191030017003040,2
191030017003041,2
191030017003042,2
191030017003043,2
191030017003044,2
191030017003045,2
191030017003046,2
191030017003047,2
191030017003048,2
191030018021000,2
191030018021001,2
191030018021002,2
191030018021003,2
191030018021010,2
191030018021011,2
191030018021012,2
191030018021018,2
191030018022000,2
191030018022001,2
191030018022002,2
191030018013003,2
191030018013010,2
191030018013011,2
191030018013012,2
191030018013013,2
191030018013016,2
191030018013017,2
191030018013018,2
191030018013019,2
191030018021004,2
191030018021005,2
191030018021006,2
191030018021007,2
191030018021008,2
191030018021009,2
191030018021013,2
191030018021014,2
191030018021015,2
191030018021016,2
191030018021017,2
191030018021019,2
191030018021020,2
191030018021021,2
191030018021022,2
191030018021023,2
191030018021024,2
191030018021025,2
191030018021026,2
191030018021027,2
191030018021028,2
191030018021029,2
191030018021030,2
191030018021031,2
191030018021032,2
191030018021033,2
191030018021034,2
191030018021035,2
191030018021036,2
191030018022013,2
191030018022014,2
191030018022015,2
191030104011017,2
191030104011018,2
191030104011019,2
191030104011020,2
191030104011021,2
191030104011022,2
191030104012014,2
191030104012025,2
191030018013009,2
191030018013014,2
191030018013015,2
191030104013028,2
191030104013029,2
191030104013030,2
191030104013031,2
191030105021040,2
191030105021041,2
191030105021042,2
191030105021043,2
191030105021044,2
191030105021045,2
191030105021046,2
191030105021063,2
191030105022009,2
191030105022010,2
191030105022011,2
191030105022012,2
191030105022013,2
191030105022014,2
191030105022015,2
191030105022016,2
191030105022017,2
191030105022018,2
191030105022019,2
191030105022020,2
191030105022021,2
191030105022022,2
191030105022023,2
191030105022026,2
191030105022027,2
191030105022028,2
191030105022029,2
191030105022035,2
191030105022036,2
191030105022037,2
191030105022038,2
191030105022039,2
191030105022040,2
191030105022046,2
191030105022106,2
191030101001000,2
191030101001001,2
191030101001002,2
191030101001003,2
191030101001004,2
191030101001005,2
191030101001006,2
191030101001007,2
191030101001008,2
191030101001009,2
191030101001010,2
191030101001011,2
191030101001012,2
191030101001013,2
191030101001014,2
191030101001015,2
191030101001016,2
191030101001017,2
191030101001018,2
191030101001019,2
191030101001020,2
191030101001021,2
191030101001022,2
191030101001023,2
191030101001024,2
191030101001025,2
191030101001028,2
191030101001029,2
191030101001032,2
191030101001033,2
191030101001034,2
191030101001035,2
191030101001036,2
191030101001037,2
191030101001038,2
191030101001039,2
191030101001040,2
191030101001041,2
191030101001042,2
191030101001043,2
191030101001044,2
191030101001045,2
191030101001046,2
191030101001047,2
191030101001048,2
191030101001058,2
191030101001059,2
191030101001060,2
191030101001063,2
191030101001065,2
191030101002018,2
191030101002019,2
191030101002020,2
191030101001026,2
191030101001027,2
191030101001030,2
191030101001031,2
191030101001064,2
191030101002000,2
191030101002005,2
191030101002006,2
191030101002007,2
191030101002008,2
191030101002010,2
191030101002016,2
191030101002021,2
191030101002022,2
191030101002069,2
191030101003000,2
191030101003001,2
191030101003002,2
191030101003003,2
191030101003004,2
191030101003005,2
191030101003006,2
191030101003007,2
191030101003008,2
191030101003009,2
191030101003010,2
191030101003011,2
191030101003012,2
191030101003013,2
191030101003014,2
191030101003015,2
191030101003016,2
191030101003017,2
191030101003018,2
191030101003019,2
191030101003020,2
191030101003021,2
191030101003022,2
191030101003023,2
191030101003024,2
191030101003025,2
191030101003026,2
191030101003027,2
191030101003028,2
191030101003029,2
191030101003030,2
191030101003031,2
191030101003033,2
191030101003034,2
191030101003035,2
191030101003036,2
191030101003037,2
191030101003042,2
191030101003043,2
191030101003044,2
191030101003045,2
191030101003047,2
191030101004000,2
191030101004004,2
191030101004005,2
191030101004023,2
191030101004024,2
191030102002000,2
191030102002034,2
191030102002035,2
191030102002036,2
191030102002039,2
191030102002040,2
191030102002041,2
191030102002042,2
191030102002049,2
191030102002050,2
191030101001049,2
191030101001050,2
191030101001051,2
191030101001052,2
191030101001053,2
191030101001054,2
191030101001055,2
191030101001056,2
191030101001057,2
191030101001061,2
191030101001062,2
191030101001068,2
191030101001069,2
191030101001070,2
191030101001071,2
191030101001072,2
191030101001073,2
191030101001074,2
191030101001075,2
191030101001078,2
191030101001079,2
191030101001080,2
191030101001081,2
191030101001082,2
191030101001086,2
191030101001087,2
191030101001088,2
191030101001089,2
191030101001090,2
191030101001091,2
191030101001095,2
191030101001096,2
191030101001097,2
191030101001098,2
191030101001099,2
191030101001100,2
191030101001101,2
191030101001102,2
191030101001103,2
191030101001112,2
191030101001110,2
191030101001111,2
191030101002001,2
191030101002002,2
191030101002003,2
191030101002004,2
191030101002009,2
191030101002011,2
191030101002012,2
191030101002013,2
191030101002014,2
191030101002015,2
191030101002017,2
191030101002023,2
191030101002024,2
191030101002025,2
191030101002026,2
191030101002027,2
191030101002028,2
191030101002029,2
191030101002030,2
191030101002031,2
191030101002032,2
191030101002033,2
191030101002034,2
191030101002035,2
191030101002036,2
191030101002037,2
191030101002038,2
191030101002039,2
191030101002040,2
191030101002041,2
191030101002042,2
191030101002043,2
191030101002044,2
191030101002045,2
191030101002046,2
191030101002047,2
191030101002048,2
191030101002049,2
191030101002050,2
191030101002051,2
191030101002052,2
191030101002053,2
191030101002054,2
191030101002055,2
191030101002056,2
191030101002057,2
191030101002058,2
191030101002059,2
191030101002060,2
191030101002061,2
191030101002062,2
191030101002063,2
191030101002064,2
191030101002065,2
191030101002066,2
191030101002067,2
191030101002068,2
191030101002070,2
191030101002071,2
191030101002072,2
191030101002073,2
191030101002074,2
191030101002075,2
191030101002076,2
191030101002077,2
191030101002078,2
191030101003032,2
191030101003038,2
191030101003039,2
191030101003040,2
191030101003041,2
191030102001000,2
191030102001001,2
191030102001002,2
191030102001003,2
191030102001004,2
191030102001005,2
191030102001006,2
191030102001007,2
191030102001008,2
191030102001009,2
191030102001010,2
191030102001011,2
191030102001012,2
191030102001013,2
191030102001014,2
191030102001015,2
191030102001016,2
191030102001017,2
191030102001018,2
191030102001019,2
191030102001020,2
191030102001021,2
191030102001022,2
191030102001023,2
191030102001024,2
191030102001025,2
191030102001026,2
191030102001027,2
191030102001028,2
191030102001029,2
191030102001030,2
191030102001031,2
191030102001032,2
191030102001034,2
191030102001035,2
191030102001036,2
191030102001037,2
191030102001038,2
191030102002001,2
191030102002002,2
191030102002005,2
191030102002008,2
191030102002009,2
191030102002010,2
191030102002011,2
191030102002014,2
191030102002016,2
191030102002022,2
191030102002024,2
191030102002026,2
191030102002027,2
191030102002028,2
191030102002029,2
191030102002030,2
191030102002031,2
191030102002032,2
191030102002033,2
191030102002037,2
191030102002038,2
191030102002043,2
191030102002044,2
191030102002045,2
191030102002046,2
191030102002047,2
191030102002048,2
191030102002052,2
191030102002053,2
191030102003000,2
191030102003030,2
191030102003031,2
191030102003034,2
191030102003035,2
191030102003036,2
191030102003037,2
191030102003038,2
191030102003039,2
191030102003040,2
191030102003041,2
191030102003042,2
191030102003043,2
191030102003050,2
191030102001033,2
191030102002003,2
191030102002004,2
191030102002006,2
191030102002007,2
191030102002012,2
191030102002013,2
191030102002015,2
191030102002017,2
191030102002018,2
191030102002019,2
191030102002020,2
191030102002021,2
191030102002023,2
191030102002025,2
191030102002051,2
191030102003001,2
191030102003002,2
191030102003003,2
191030102003004,2
191030102003005,2
191030102003006,2
191030102003007,2
191030102003008,2
191030102003009,2
191030102003010,2
191030102003011,2
191030102003012,2
191030102003013,2
191030102003014,2
191030102003015,2
191030102003016,2
191030102003017,2
191030102003018,2
191030102003019,2
191030102003020,2
191030102003021,2
191030102003022,2
191030102003023,2
191030102003024,2
191030102003025,2
191030102003026,2
191030102003027,2
191030102003028,2
191030102003029,2
191030102003032,2
191030102003033,2
191030102003044,2
191030102003045,2
191030102003046,2
191030102003047,2
191030102003048,2
191030102003049,2
191030102003051,2
191030103031000,2
191030103031001,2
191030103031002,2
191030103031003,2
191030103031004,2
191030103031005,2
191030103031006,2
191030103031007,2
191030103031008,2
191030103031009,2
191030103031010,2
191030103031011,2
191030103031012,2
191030103031013,2
191030103031014,2
191030103031015,2
191030103031016,2
191030103031017,2
191030103031018,2
191030103031019,2
191030103031020,2
191030103031021,2
191030103031022,2
191030103031023,2
191030103031024,2
191030103031025,2
191030103031026,2
191030103031027,2
191030103031028,2
191030103031029,2
191030103031030,2
191030103031037,2
191030103031038,2
191030103031039,2
191030103031043,2
191030103031044,2
191030103031045,2
191030103031046,2
191030103031047,2
191030103031048,2
191030103032000,2
191030103032001,2
191030103032002,2
191030103032003,2
191030103032004,2
191030103032005,2
191030103032006,2
191030103032007,2
191030103032008,2
191030103032009,2
191030103032010,2
191030103032011,2
191030103032012,2
191030103032013,2
191030103032014,2
191030103032015,2
191030103032016,2
191030103032017,2
191030103032018,2
191030103032019,2
191030103032020,2
191030103032021,2
191030103032022,2
191030103032023,2
191030103032024,2
191030103032025,2
191030103032026,2
191030103032027,2
191030103032028,2
191030103032029,2
191030103032030,2
191030103032031,2
191030103032032,2
191030103032033,2
191030103032034,2
191030103032035,2
191030103032036,2
191030103032037,2
191030103032038,2
191030103032039,2
191030103032040,2
191030103032041,2
191030103032042,2
191030103032043,2
191030103032044,2
191030103032045,2
191030103032046,2
191030103032047,2
191030103032048,2
191030104023006,2
191030104023016,2
191030104023017,2
191030104023018,2
191030104023019,2
191030104023021,2
191030104023022,2
191030104023023,2
191030104023024,2
191030104023025,2
191030104023026,2
191030103031033,2
191030103033000,2
191030103033001,2
191030103034011,2
191030103034012,2
191030103034013,2
191030103034014,2
191030103034015,2
191030103034016,2
191030103034017,2
191030103034026,2
191030103034027,2
191030103034028,2
191030103034029,2
191030103051019,2
191030103053010,2
191030103061000,2
191030103061001,2
191030103061002,2
191030103061003,2
191030103061004,2
191030103061005,2
191030103061006,2
191030103061007,2
191030103061008,2
191030103061009,2
191030103061010,2
191030103061011,2
191030103061012,2
191030103061013,2
191030103061014,2
191030103061015,2
191030103061016,2
191030103061017,2
191030103061018,2
191030103061019,2
191030103061020,2
191030103061021,2
191030103061022,2
191030103061023,2
191030103061024,2
191030103061025,2
191030103061026,2
191030103061027,2
191030103061032,2
191030103061033,2
191030103061038,2
191030103061075,2
191030104012032,2
191030104012033,2
191030104012034,2
191030104012035,2
191030104012036,2
191030104012037,2
191030104012054,2
191030104012055,2
191030104013000,2
191030104013001,2
191030104013002,2
191030104013003,2
191030104013004,2
191030104013005,2
191030104013006,2
191030104013007,2
191030104013008,2
191030104013009,2
191030104013011,2
191030104013012,2
191030104013013,2
191030104013015,2
191030104013016,2
191030104013035,2
191030104013036,2
191030104013042,2
191030104013043,2
191030104013044,2
191030104013045,2
191030104013046,2
191030104013047,2
191030104013048,2
191030104013049,2
191030104013050,2
191030104013051,2
191030104013052,2
191030104013053,2
191030104013054,2
191030104013055,2
191030104013056,2
191030104013057,2
191030104013058,2
191030104013059,2
191030104013060,2
191030104013061,2
191030104013062,2
191030104013064,2
191030104013065,2
191030104013066,2
191030104013067,2
191030104013068,2
191030104013069,2
191030104013070,2
191030104013071,2
191030104013072,2
191030104013073,2
191030104013074,2
191030104013075,2
191030104013076,2
191030104013077,2
191030104013078,2
191030104013079,2
191030104013080,2
191030104013081,2
191030104013082,2
191030104013083,2
191030104021063,2
191030104021064,2
191030104021065,2
191030104013010,2
191030104021007,2
191030104021008,2
191030104021009,2
191030104021010,2
191030104021011,2
191030104021012,2
191030104021013,2
191030104021014,2
191030104021016,2
191030104021017,2
191030104021018,2
191030104021019,2
191030104021021,2
191030104021022,2
191030104021023,2
191030104021024,2
191030104021025,2
191030104021026,2
191030104021027,2
191030104021028,2
191030104021029,2
191030104021030,2
191030104021031,2
191030104021032,2
191030104021033,2
191030104021034,2
191030104021035,2
191030104021036,2
191030104021037,2
191030104021038,2
191030104021039,2
191030104021040,2
191030104021041,2
191030104021042,2
191030104021043,2
191030104021044,2
191030104021045,2
191030104021046,2
191030104021047,2
191030104021048,2
191030104021049,2
191030104021050,2
191030104021051,2
191030104021052,2
191030104021053,2
191030104021054,2
191030104021055,2
191030104021056,2
191030104021057,2
191030104021058,2
191030104021059,2
191030104021060,2
191030104021061,2
191030104021062,2
191030104021066,2
191030104021067,2
191030104021068,2
191030104021069,2
191030104021070,2
191030104021071,2
191030104021072,2
191030104021073,2
191030104021074,2
191030104021075,2
191030104021076,2
191030104021077,2
191030104021078,2
191030104021079,2
191030104021080,2
191030104021081,2
191030104021082,2
191030104021083,2
191030104022030,2
191030104022035,2
191030104022036,2
191030104022086,2
191030104023094,2
191030104023095,2
191030104023096,2
191030104013014,2
191030104013017,2
191030104013018,2
191030104013019,2
191030104013020,2
191030104013021,2
191030104013022,2
191030104013023,2
191030104013024,2
191030104013025,2
191030104013026,2
191030104013027,2
191030104013032,2
191030104013033,2
191030104013034,2
191030104013037,2
191030104013038,2
191030104013039,2
191030104013040,2
191030104013041,2
191030104013063,2
191030104013084,2
191030104013085,2
191030104013086,2
191030104022001,2
191030104022002,2
191030104022003,2
191030104022004,2
191030104022005,2
191030104022006,2
191030104022007,2
191030104022008,2
191030104022009,2
191030104022012,2
191030104022013,2
191030104022014,2
191030104022016,2
191030104023020,2
191030104023027,2
191030104023028,2
191030104023029,2
191030104023040,2
191030104023041,2
191030104023042,2
191030104023043,2
191030104023044,2
191030104023045,2
191030104023046,2
191030104023047,2
191030104023059,2
191030104023060,2
191030104023061,2
191030104023062,2
191030104023063,2
191030104023064,2
191030104023065,2
191030104023066,2
191030104023067,2
191030104023068,2
191030104023069,2
191030104023070,2
191030104023071,2
191030104023072,2
191030104023073,2
191030104023074,2
191030104023075,2
191030104023076,2
191030104023077,2
191030104023078,2
191030104023079,2
191030104023080,2
191030104023097,2
191030104023098,2
191030104023099,2
191030104023100,2
191030104022010,2
191030104022011,2
191030104022015,2
191030104022017,2
191030104022018,2
191030104022019,2
191030104022020,2
191030104022021,2
191030104022022,2
191030104022023,2
191030104022024,2
191030104022025,2
191030104022026,2
191030104022027,2
191030104022028,2
191030104022029,2
191030104022033,2
191030104022034,2
191030104022037,2
191030104022038,2
191030104022039,2
191030104022040,2
191030104022041,2
191030104022042,2
191030104022043,2
191030104022044,2
191030104022045,2
191030104022046,2
191030104022047,2
191030104022048,2
191030104022049,2
191030104022050,2
191030104022051,2
191030104022052,2
191030104022053,2
191030104022054,2
191030104022055,2
191030104022056,2
191030104022057,2
191030104022058,2
191030104022059,2
191030104022060,2
191030104022061,2
191030104022062,2
191030104022063,2
191030104022064,2
191030104022065,2
191030104022066,2
191030104022067,2
191030104022068,2
191030104022069,2
191030104022070,2
191030104022071,2
191030104022072,2
191030104022073,2
191030104022074,2
191030104022075,2
191030104022076,2
191030104022077,2
191030104022078,2
191030104022079,2
191030104022080,2
191030104022081,2
191030104022082,2
191030104022083,2
191030104022084,2
191030104022085,2
191030104022087,2
191030104022088,2
191030104022089,2
191030104022090,2
191030105021051,2
191030105021052,2
191030105021053,2
191030105021059,2
191030105021060,2
191030105021061,2
191030105021064,2
191030105021065,2
191030105021066,2
191030105021067,2
191030105021068,2
191030105022000,2
191030105022001,2
191030105022002,2
191030105022003,2
191030105022004,2
191030105022005,2
191030105022006,2
191030105022007,2
191030105022008,2
191030105022030,2
191030105022031,2
191030105022032,2
191030105022033,2
191030105022034,2
191030105022041,2
191030105022042,2
191030105022043,2
191030105022044,2
191030105022045,2
191030105022054,2
191030105022055,2
191030105022024,2
191030105022025,2
191030105022047,2
191030105022048,2
191030105022049,2
191030105022050,2
191030105022051,2
191030105022052,2
191030105022053,2
191030105022056,2
191030105022057,2
191030105022058,2
191030105022059,2
191030105022060,2
191030105022061,2
191030105022062,2
191030105022063,2
191030105022064,2
191030105022065,2
191030105022066,2
191030105022067,2
191030105022068,2
191030105022069,2
191030105022070,2
191030105022071,2
191030105022072,2
191030105022073,2
191030105022074,2
191030105022075,2
191030105022076,2
191030105022077,2
191030105022078,2
191030105022079,2
191030105022080,2
191030105022081,2
191030105022082,2
191030105022083,2
191030105022084,2
191030105022085,2
191030105022086,2
191030105022087,2
191030105022088,2
191030105022089,2
191030105022090,2
191030105022091,2
191030105022092,2
191030105022093,2
191030105022094,2
191030105022095,2
191030105022096,2
191030105022097,2
191030105022098,2
191030105022099,2
191030105022100,2
191030105022101,2
191030105022102,2
191030105022103,2
191030105022104,2
191030105022105,2
191030105022107,2
191030105022108,2
191030105023000,2
191030105023001,2
191030105023002,2
191030105023003,2
191030105023004,2
191030105023005,2
191030105023006,2
191030105023007,2
191030105023008,2
191030105023009,2
191030105023010,2
191030105023011,2
191030105023012,2
191030105023013,2
191030105023014,2
191030105023015,2
191030105023016,2
191030105023017,2
191030105023018,2
191030105023019,2
191030105023020,2
191030105023021,2
191030105023022,2
191030105023023,2
191030105023024,2
191030105023025,2
191030105023026,2
191030105023027,2
191030105023028,2
191030105023029,2
191030105023030,2
191030105023031,2
191030105023032,2
191030105023033,2
191030105023034,2
191030105023035,2
191030105023036,2
191030105023037,2
191050701001000,1
191050701001001,1
191050701001002,1
191050701001004,1
191050701001005,1
191050701001009,1
191050701001010,1
191050701001016,1
191050701001017,1
191050701001018,1
191050701001019,1
191050701001020,1
191050701001021,1
191050701001022,1
191050701001023,1
191050701001024,1
191050701001025,1
191050701001026,1
191050701001027,1
191050701001028,1
191050701001029,1
191050701001030,1
191050701001031,1
191050701001032,1
191050701001033,1
191050701001034,1
191050701001035,1
191050701001036,1
191050701001037,1
191050701001038,1
191050701001039,1
191050701001040,1
191050701001041,1
191050701001042,1
191050701001043,1
191050701001044,1
191050701001048,1
191050701001049,1
191050701001086,1
191050701001087,1
191050701001089,1
191050701001090,1
191050701001091,1
191050701001092,1
191050701001093,1
191050701001094,1
191050701001105,1
191050701001106,1
191050701001107,1
191050701001113,1
191050701001116,1
191050701001117,1
191050701001118,1
191050701001119,1
191050701001120,1
191050701001121,1
191050701001122,1
191050701001123,1
191050701001129,1
191050701001130,1
191050701001131,1
191050701001132,1
191050701001133,1
191050701001134,1
191050701001135,1
191050701001136,1
191050701001137,1
191050701002100,1
191050701002101,1
191050701002104,1
191050701002105,1
191050701003112,1
191050701003113,1
191050701003123,1
191050701003128,1
191050701003129,1
191050701001003,1
191050701001006,1
191050701001007,1
191050701001008,1
191050701001011,1
191050701001012,1
191050701001013,1
191050701001014,1
191050701001015,1
191050701001138,1
191050706001001,1
191050706001002,1
191050706001008,1
191050706001009,1
191050706001010,1
191050706001011,1
191050706001012,1
191050706001013,1
191050706001014,1
191050706001015,1
191050706001016,1
191050706001017,1
191050706001018,1
191050706001019,1
191050706001020,1
191050706001021,1
191050706001022,1
191050706001023,1
191050706001024,1
191050706001025,1
191050706001026,1
191050706001027,1
191050706001028,1
191050706001029,1
191050706001030,1
191050706001031,1
191050706001032,1
191050706001033,1
191050706001034,1
191050706001035,1
191050706001036,1
191050706001037,1
191050706002000,1
191050706002001,1
191050706002002,1
191050706002003,1
191050706002004,1
191050706002005,1
191050706002006,1
191050706002007,1
191050706002008,1
191050706002009,1
191050706002010,1
191050706002011,1
191050706002012,1
191050706002013,1
191050706002014,1
191050706002015,1
191050706002016,1
191050706002018,1
191050706002019,1
191050706002020,1
191050706002021,1
191050706002022,1
191050706002023,1
191050706002024,1
191050706002025,1
191050706002026,1
191050706002027,1
191050706002028,1
191050706002029,1
191050706002030,1
191050706002031,1
191050706002032,1
191050706002033,1
191050706002034,1
191050706002035,1
191050706002036,1
191050706002039,1
191050706002040,1
191050706002041,1
191050706003001,1
191050706003006,1
191050706003007,1
191050706003008,1
191050706003009,1
191050706003010,1
191050706003011,1
191050706003012,1
191050706003014,1
191050706003015,1
191050706003016,1
191050706003017,1
191050706003018,1
191050706003019,1
191050706003020,1
191050706003021,1
191050706003022,1
191050706003023,1
191050706003024,1
191050706003025,1
191050706003026,1
191050706003027,1
191050706003028,1
191050706003029,1
191050706003030,1
191050706003031,1
191050706003034,1
191050706003035,1
191050706003039,1
191050706003040,1
191050706003041,1
191050706003042,1
191050706004002,1
191050706004003,1
191050706004004,1
191050706004005,1
191050706004006,1
191050706004007,1
191050706004008,1
191050706004009,1
191050706004010,1
191050706004011,1
191050706004012,1
191050706004013,1
191050706004014,1
191050706004015,1
191050706004016,1
191050706004017,1
191050706004018,1
191050706004019,1
191050706004020,1
191050706004021,1
191050706004022,1
191050706004023,1
191050706004024,1
191050706004025,1
191050706004026,1
191050706004027,1
191050706004028,1
191050706004029,1
191050706004032,1
191050701001045,1
191050701001046,1
191050701001047,1
191050701002008,1
191050701002009,1
191050701002010,1
191050701002011,1
191050701002012,1
191050701002013,1
191050701002014,1
191050701002023,1
191050701002024,1
191050701002025,1
191050701002026,1
191050701002032,1
191050701002053,1
191050701002054,1
191050701002055,1
191050701002056,1
191050701002057,1
191050701002058,1
191050701002059,1
191050701002060,1
191050701002061,1
191050701002062,1
191050701002063,1
191050701002064,1
191050701002065,1
191050701002066,1
191050701002070,1
191050701002071,1
191050701002094,1
191050701002095,1
191050701002096,1
191050701002097,1
191050701002102,1
191050701002106,1
191050701002107,1
191050701002108,1
191050701002109,1
191050701002110,1
191050706001000,1
191050706001003,1
191050706001004,1
191050706001005,1
191050706001006,1
191050706001007,1
191050706002017,1
191050706002037,1
191050706002038,1
191050706003000,1
191050706003002,1
191050706003003,1
191050706003004,1
191050706003005,1
191050706003013,1
191050706003032,1
191050706003033,1
191050706003036,1
191050706003037,1
191050706003038,1
191050706004000,1
191050706004001,1
191050706004030,1
191050706004031,1
191050701001050,1
191050701001051,1
191050701001063,1
191050701001064,1
191050701001065,1
191050701001066,1
191050701001067,1
191050701001068,1
191050701001069,1
191050701001070,1
191050701001071,1
191050701001072,1
191050701001073,1
191050701001074,1
191050701001075,1
191050701001076,1
191050701001077,1
191050701001078,1
191050701001079,1
191050701001080,1
191050701001081,1
191050701001082,1
191050701001083,1
191050701001084,1
191050701001085,1
191050701001088,1
191050701001095,1
191050701001096,1
191050701001097,1
191050701001098,1
191050701001099,1
191050701001100,1
191050701001101,1
191050701001102,1
191050701001103,1
191050701001104,1
191050701001108,1
191050701001109,1
191050701001115,1
191050701001124,1
191050703021000,1
191050703021002,1
191050703021013,1
191050703023000,1
191050703023001,1
191050703023002,1
191050703023003,1
191050703023007,1
191050704012004,1
191050704012005,1
191050701001052,1
191050701001053,1
191050701001054,1
191050701001055,1
191050701001056,1
191050701001057,1
191050701001058,1
191050701001059,1
191050701001060,1
191050701001061,1
191050701001062,1
191050701002015,1
191050701002016,1
191050701002017,1
191050701002018,1
191050701002019,1
191050701002020,1
191050701002021,1
191050701002022,1
191050701002027,1
191050701002028,1
191050701002029,1
191050701002030,1
191050701002031,1
191050701002033,1
191050701002034,1
191050701002035,1
191050701002036,1
191050701002037,1
191050701002038,1
191050701002039,1
191050701002040,1
191050701002041,1
191050701002042,1
191050701002043,1
191050701002044,1
191050701002045,1
191050701002046,1
191050701002047,1
191050701002048,1
191050701002049,1
191050701002050,1
191050701002051,1
191050701002052,1
191050701002103,1
191050701001110,1
191050701001111,1
191050701001112,1
191050701001114,1
191050703011044,1
191050703011045,1
191050703011050,1
191050703011051,1
191050703012024,1
191050703012031,1
191050703012033,1
191050703012034,1
191050703022003,1
191050703023004,1
191050703023005,1
191050703023006,1
191050703023010,1
191050703023012,1
191050704011000,1
191050704011001,1
191050704011002,1
191050704011003,1
191050704011004,1
191050704011005,1
191050704011006,1
191050704011007,1
191050704011008,1
191050704011009,1
191050704011010,1
191050704011011,1
191050704011012,1
191050704011013,1
191050704011014,1
191050704011015,1
191050704011016,1
191050704011017,1
191050704011018,1
191050704011027,1
191050704011028,1
191050704011029,1
191050704011030,1
191050704011032,1
191050704011033,1
191050704011034,1
191050704011035,1
191050704011137,1
191050704012000,1
191050704012001,1
191050704012002,1
191050704012003,1
191050704012006,1
191050704012007,1
191050704012008,1
191050704012009,1
191050704012010,1
191050704012011,1
191050704012012,1
191050704012013,1
191050704012014,1
191050704012015,1
191050704012016,1
191050704012017,1
191050704012018,1
191050704012019,1
191050704012020,1
191050704012021,1
191050704012022,1
191050704012023,1
191050704012024,1
191050704012025,1
191050704012026,1
191050704012027,1
191050704012028,1
191050704012029,1
191050704012030,1
191050704012031,1
191050704012032,1
191050704012033,1
191050704012034,1
191050704012035,1
191050704021024,1
191050704021025,1
191050704021030,1
191050704021031,1
191050704021032,1
191050704021033,1
191050704021034,1
191050704021035,1
191050704021036,1
191050704021068,1
191050704021069,1
191050704021070,1
191050704021071,1
191050704021082,1
191050704021083,1
191050701001125,1
191050701001126,1
191050701001127,1
191050701001128,1
191050703011000,1
191050703011001,1
191050703011002,1
191050703011003,1
191050703011004,1
191050703011005,1
191050703011006,1
191050703011007,1
191050703011008,1
191050703011009,1
191050703011010,1
191050703011011,1
191050703011012,1
191050703011013,1
191050703011014,1
191050703011015,1
191050703011016,1
191050703011017,1
191050703011018,1
191050703011019,1
191050703011020,1
191050703011021,1
191050703011022,1
191050703011023,1
191050703011024,1
191050703011025,1
191050703011026,1
191050703011027,1
191050703011028,1
191050703011029,1
191050703011030,1
191050703011031,1
191050703011032,1
191050703011033,1
191050703011034,1
191050703011035,1
191050703011036,1
191050703011037,1
191050703011038,1
191050703011039,1
191050703011040,1
191050703011041,1
191050703011042,1
191050703011043,1
191050703011046,1
191050703011047,1
191050703011048,1
191050703011049,1
191050703012000,1
191050703012001,1
191050703012002,1
191050703012003,1
191050703012004,1
191050703012005,1
191050703012006,1
191050703012007,1
191050703012008,1
191050703012009,1
191050703012010,1
191050703012011,1
191050703012012,1
191050703012013,1
191050703012014,1
191050703012015,1
191050703012016,1
191050703012017,1
191050703012018,1
191050703012019,1
191050703012020,1
191050703012021,1
191050703012022,1
191050703012023,1
191050703012025,1
191050703012026,1
191050703012027,1
191050703012028,1
191050703012029,1
191050703012030,1
191050703012032,1
191050703012035,1
191050703012036,1
191050703021001,1
191050703021003,1
191050703021004,1
191050703021005,1
191050703021006,1
191050703021007,1
191050703021008,1
191050703021009,1
191050703021010,1
191050703021011,1
191050703021012,1
191050703021014,1
191050703021015,1
191050703021016,1
191050703021017,1
191050703021018,1
191050703021019,1
191050703021020,1
191050703021021,1
191050703021022,1
191050703021023,1
191050703021024,1
191050703021025,1
191050703021026,1
191050703021027,1
191050703021028,1
191050703021029,1
191050703021030,1
191050703021031,1
191050703021032,1
191050703021033,1
191050703021034,1
191050703021035,1
191050703021036,1
191050703022000,1
191050703022001,1
191050703022002,1
191050703022004,1
191050703022005,1
191050703022006,1
191050703022007,1
191050703022008,1
191050703022009,1
191050703022010,1
191050703022011,1
191050703022012,1
191050703022013,1
191050703022014,1
191050703022015,1
191050703023008,1
191050703023009,1
191050703023011,1
191050703023013,1
191050703023014,1
191050703023015,1
191050703023016,1
191050703023017,1
191050703023018,1
191050703023019,1
191050703023020,1
191050703023021,1
191050703023022,1
191050703023023,1
191050703023024,1
191050703023025,1
191050703023026,1
191050703023027,1
191050703023028,1
191050703023029,1
191050703023030,1
191050703023031,1
191050704021007,1
191050704021008,1
191050704021009,1
191050704021010,1
191050704021011,1
191050704021012,1
191050704021013,1
191050704021014,1
191050704021015,1
191050704021016,1
191050704021017,1
191050704021018,1
191050704021019,1
191050704021020,1
191050704021021,1
191050704021022,1
191050704021023,1
191050704021026,1
191050704021027,1
191050704021028,1
191050704021029,1
191050704021050,1
191050701001139,1
191050704021001,1
191050704021002,1
191050704021003,1
191050704021004,1
191050704021005,1
191050704021006,1
191050704021037,1
191050704021038,1
191050704021039,1
191050704021040,1
191050704021041,1
191050704021042,1
191050704021043,1
191050704021044,1
191050704021045,1
191050704021046,1
191050704021047,1
191050704021048,1
191050704021049,1
191050704021051,1
191050704021052,1
191050704021053,1
191050704021054,1
191050704021055,1
191050704021056,1
191050704021057,1
191050704021058,1
191050704021059,1
191050704021060,1
191050704021061,1
191050704021062,1
191050704021063,1
191050704021064,1
191050704021065,1
191050704021066,1
191050704021067,1
191050704021072,1
191050704021073,1
191050704021074,1
191050704021075,1
191050704021079,1
191050704021080,1
191050704021081,1
191050704021084,1
191050704022000,1
191050704022001,1
191050704022002,1
191050704022003,1
191050704022005,1
191050704022006,1
191050704022013,1
191050705002037,1
191050705002038,1
191050705002043,1
191050705002044,1
191050705002145,1
191050701002000,1
191050701002001,1
191050701002002,1
191050701002003,1
191050701002004,1
191050701002005,1
191050701002006,1
191050701002007,1
191050701002067,1
191050701002068,1
191050701002069,1
191050701002072,1
191050701002073,1
191050701002074,1
191050701002075,1
191050701002076,1
191050701002077,1
191050701002078,1
191050701002079,1
191050701002080,1
191050701002081,1
191050701002082,1
191050701002083,1
191050701002084,1
191050701002085,1
191050701002086,1
191050701002087,1
191050701002088,1
191050701002089,1
191050701002090,1
191050701002091,1
191050701002093,1
191050701003019,1
191050701003020,1
191050701003021,1
191050701003022,1
191050701003023,1
191050701003024,1
191050701003025,1
191050701003026,1
191050701003027,1
191050701003028,1
191050701003029,1
191050701003030,1
191050701003031,1
191050701003032,1
191050701003033,1
191050701003034,1
191050701003035,1
191050701003036,1
191050701003037,1
191050701003038,1
191050701003039,1
191050701003040,1
191050701003041,1
191050701003042,1
191050701003043,1
191050701003044,1
191050701003045,1
191050701003046,1
191050701003047,1
191050701003048,1
191050701003055,1
191050701003056,1
191050701003057,1
191050701003061,1
191050701003062,1
191050701003159,1
191050701003160,1
191050701003161,1
191050701003162,1
191050701003163,1
191050701003164,1
191050701003165,1
191050701002092,1
191050701002098,1
191050701002099,1
191050701002111,1
191050701002112,1
191050701003063,1
191050701003084,1
191050701003085,1
191050701003089,1
191050701003094,1
191050701003095,1
191050701003096,1
191050701003097,1
191050701003098,1
191050701003099,1
191050701003100,1
191050701003101,1
191050701003102,1
191050701003103,1
191050701003106,1
191050701003107,1
191050701003108,1
191050701003109,1
191050701003110,1
191050701003111,1
191050701003114,1
191050701003115,1
191050701003116,1
191050701003117,1
191050701003118,1
191050701003119,1
191050701003120,1
191050701003121,1
191050701003122,1
191050701003124,1
191050701003125,1
191050701003126,1
191050701003127,1
191050701003130,1
191050701003131,1
191050701003132,1
191050701003133,1
191050701003134,1
191050701003135,1
191050701003136,1
191050701003137,1
191050701003138,1
191050701003139,1
191050701003140,1
191050701003141,1
191050701003142,1
191050701003143,1
191050701003144,1
191050701003145,1
191050701003146,1
191050701003147,1
191050701003153,1
191050701003154,1
191050701003155,1
191050701003157,1
191050701003158,1
191050705002016,1
191050701003000,1
191050701003001,1
191050701003002,1
191050701003003,1
191050701003004,1
191050701003005,1
191050701003006,1
191050701003007,1
191050701003008,1
191050701003009,1
191050701003010,1
191050701003011,1
191050701003012,1
191050701003013,1
191050701003014,1
191050701003015,1
191050701003016,1
191050701003017,1
191050701003018,1
191050701003049,1
191050701003050,1
191050701003051,1
191050701003052,1
191050701003053,1
191050701003054,1
191050701003058,1
191050701003059,1
191050701003060,1
191050701003065,1
191050701003066,1
191050701003067,1
191050701003068,1
191050701003069,1
191050701003070,1
191050701003074,1
191050701003081,1
191050701003064,1
191050701003071,1
191050701003072,1
191050701003073,1
191050701003075,1
191050701003076,1
191050701003077,1
191050701003078,1
191050701003079,1
191050701003080,1
191050701003082,1
191050701003083,1
191050701003086,1
191050701003087,1
191050701003088,1
191050701003090,1
191050701003091,1
191050701003092,1
191050701003093,1
191050701003104,1
191050701003105,1
191050701003148,1
191050701003149,1
191050701003150,1
191050701003151,1
191050701003152,1
191050701003156,1
191050701003166,1
191050705001000,1
191050705001001,1
191050705001002,1
191050705002000,1
191050705002001,1
191050704011019,1
191050704011020,1
191050704011021,1
191050704011022,1
191050704011023,1
191050704011024,1
191050704011025,1
191050704011026,1
191050704011031,1
191050704011036,1
191050704011037,1
191050704011042,1
191050704011043,1
191050704011044,1
191050704011045,1
191050704011048,1
191050704011050,1
191050704011051,1
191050704011052,1
191050704011053,1
191050704011054,1
191050704011056,1
191050704011063,1
191050704011064,1
191050704011069,1
191050704011070,1
191050704011071,1
191050704011072,1
191050704011073,1
191050704011074,1
191050704011075,1
191050704011076,1
191050704011079,1
191050704011084,1
191050704011085,1
191050704011086,1
191050704011087,1
191050704011088,1
191050704011089,1
191050704011090,1
191050704011091,1
191050704011092,1
191050704011093,1
191050704011094,1
191050704011095,1
191050704011096,1
191050704011097,1
191050704011098,1
191050704011099,1
191050704011100,1
191050704011101,1
191050704011102,1
191050704011103,1
191050704011104,1
191050704011105,1
191050704011106,1
191050704011107,1
191050704011108,1
191050704011109,1
191050704011110,1
191050704011111,1
191050704011112,1
191050704011113,1
191050704011114,1
191050704011115,1
191050704011116,1
191050704011117,1
191050704011118,1
191050704011119,1
191050704011120,1
191050704011121,1
191050704011038,1
191050704011039,1
191050704011040,1
191050704011041,1
191050704011046,1
191050704011077,1
191050704011078,1
191050704011080,1
191050704011081,1
191050704011082,1
191050704011083,1
191050704011122,1
191050704011123,1
191050704011124,1
191050704011125,1
191050704011127,1
191050704021076,1
191050704021077,1
191050704021085,1
191050704021086,1
191050704021087,1
191050704021088,1
191050704021089,1
191050704021090,1
191050704021091,1
191050704021092,1
191050704022004,1
191050704022007,1
191050704022008,1
191050704022009,1
191050704022010,1
191050704022011,1
191050704022012,1
191050704022014,1
191050704022015,1
191050704022016,1
191050704022017,1
191050704022018,1
191050704022019,1
191050704022020,1
191050704022021,1
191050704022022,1
191050704022023,1
191050704022034,1
191050704022055,1
191050704022056,1
191050704022057,1
191050704022058,1
191050704022059,1
191050704022060,1
191050704022077,1
191050704022078,1
191050704022079,1
191050704022080,1
191050704022081,1
191050704022082,1
191050704022083,1
191050704022084,1
191050704022085,1
191050704022086,1
191050704022087,1
191050705002050,1
191050705002079,1
191050705002080,1
191050705002109,1
191050705002110,1
191050705002120,1
191050704011047,1
191050704011049,1
191050704011126,1
191050704011128,1
191050704011129,1
191050704011130,1
191050704011131,1
191050704011132,1
191050704011133,1
191050704011134,1
191050704011135,1
191050704011055,1
191050704011057,1
191050704011058,1
191050704011059,1
191050704011060,1
191050704011061,1
191050704011062,1
191050704011065,1
191050704011066,1
191050704011067,1
191050704011068,1
191050704011136,1
191050704021000,1
191050704021078,1
191050705001022,1
191050705001023,1
191050705001064,1
191050705002003,1
191050705002005,1
191050705002006,1
191050705002007,1
191050705002008,1
191050705002009,1
191050705002010,1
191050705002011,1
191050705002012,1
191050705002013,1
191050705002014,1
191050705002015,1
191050705002017,1
191050705002018,1
191050705002019,1
191050705002020,1
191050705002021,1
191050705002022,1
191050705002023,1
191050705002024,1
191050705002025,1
191050705002026,1
191050705002027,1
191050705002028,1
191050705002029,1
191050705002030,1
191050705002031,1
191050705002032,1
191050705002033,1
191050705002034,1
191050705002035,1
191050705002036,1
191050705002039,1
191050705002040,1
191050705002041,1
191050705002042,1
191050705002045,1
191050705002046,1
191050705002047,1
191050705002048,1
191050705002049,1
191050705002053,1
191050705002054,1
191050705002055,1
191050705002058,1
191050705002059,1
191050705002060,1
191050705002070,1
191050705002123,1
191050705002124,1
191050705002125,1
191050705002126,1
191050705002142,1
191050705002146,1
191050704022024,1
191050704022025,1
191050704022026,1
191050704022027,1
191050704022028,1
191050704022029,1
191050704022030,1
191050704022031,1
191050704022035,1
191050704022036,1
191050704022037,1
191050704022038,1
191050704022039,1
191050704022040,1
191050704022041,1
191050704022042,1
191050704022043,1
191050704022044,1
191050704022045,1
191050704022046,1
191050704022047,1
191050704022048,1
191050704022049,1
191050704022050,1
191050704022051,1
191050704022052,1
191050704022053,1
191050704022054,1
191050704022061,1
191050704022062,1
191050704022063,1
191050704022066,1
191050704022067,1
191050704022068,1
191050704022069,1
191050704022070,1
191050704022071,1
191050704022072,1
191050704022073,1
191050704022074,1
191050704022075,1
191050704022076,1
191050704022088,1
191050704022089,1
191050705002117,1
191050705002118,1
191050705002119,1
191050704022032,1
191050704022033,1
191050704022064,1
191050704022065,1
191050705002051,1
191050705002052,1
191050705002061,1
191050705002062,1
191050705002063,1
191050705002067,1
191050705002071,1
191050705002072,1
191050705002073,1
191050705002074,1
191050705002075,1
191050705002076,1
191050705002077,1
191050705002078,1
191050705002081,1
191050705002082,1
191050705002083,1
191050705002084,1
191050705002085,1
191050705002086,1
191050705002087,1
191050705002091,1
191050705002092,1
191050705002093,1
191050705002094,1
191050705002095,1
191050705002096,1
191050705002097,1
191050705002098,1
191050705002099,1
191050705002100,1
191050705002101,1
191050705002102,1
191050705002103,1
191050705002104,1
191050705002105,1
191050705002106,1
191050705002107,1
191050705002108,1
191050705002111,1
191050705002112,1
191050705002113,1
191050705002114,1
191050705002115,1
191050705002116,1
191050705002121,1
191050705002122,1
191050705003043,1
191050705003044,1
191050705001003,1
191050705001004,1
191050705001005,1
191050705001006,1
191050705001007,1
191050705001008,1
191050705001009,1
191050705001010,1
191050705001011,1
191050705001012,1
191050705001013,1
191050705001014,1
191050705001015,1
191050705001016,1
191050705001017,1
191050705001018,1
191050705001019,1
191050705001020,1
191050705001021,1
191050705001033,1
191050705001034,1
191050705001035,1
191050705001036,1
191050705001088,1
191050705001089,1
191050705001090,1
191050705001091,1
191050705001092,1
191050705001093,1
191050705001094,1
191050705001095,1
191050705001096,1
191050705001097,1
191050705001098,1
191050705001099,1
191050705001100,1
191050705002002,1
191050705002056,1
191050705002057,1
191050705002065,1
191050705002066,1
191050705002134,1
191050705003000,1
191050705003001,1
191050705003002,1
191050705003003,1
191050705003004,1
191050705003005,1
191050705003006,1
191050705003007,1
191050705003008,1
191050705003009,1
191050705003010,1
191050705003013,1
191050705003019,1
191050705003020,1
191050705003021,1
191050705001024,1
191050705001025,1
191050705001026,1
191050705001027,1
191050705001028,1
191050705001029,1
191050705001030,1
191050705001031,1
191050705001032,1
191050705001037,1
191050705001038,1
191050705001039,1
191050705001040,1
191050705001041,1
191050705001042,1
191050705001043,1
191050705001044,1
191050705001045,1
191050705001046,1
191050705001047,1
191050705001048,1
191050705001049,1
191050705001050,1
191050705001051,1
191050705001052,1
191050705001053,1
191050705001054,1
191050705001055,1
191050705001056,1
191050705001057,1
191050705001058,1
191050705001059,1
191050705001060,1
191050705001061,1
191050705001062,1
191050705001063,1
191050705001065,1
191050705001066,1
191050705001067,1
191050705001068,1
191050705001069,1
191050705001070,1
191050705001071,1
191050705001072,1
191050705001073,1
191050705001074,1
191050705001075,1
191050705001076,1
191050705001077,1
191050705001078,1
191050705001079,1
191050705001080,1
191050705001081,1
191050705001082,1
191050705001083,1
191050705001084,1
191050705001085,1
191050705001086,1
191050705001087,1
191050705001101,1
191050705002004,1
191050705002127,1
191050705002128,1
191050705002129,1
191050705002130,1
191050705002131,1
191050705002132,1
191050705002133,1
191050705002135,1
191050705002136,1
191050705002137,1
191050705002138,1
191050705002139,1
191050705002140,1
191050705002141,1
191050705002143,1
191050705002064,1
191050705002068,1
191050705002069,1
191050705002088,1
191050705002089,1
191050705002090,1
191050705002144,1
191050705003011,1
191050705003012,1
191050705003014,1
191050705003015,1
191050705003016,1
191050705003017,1
191050705003018,1
191050705003022,1
191050705003023,1
191050705003024,1
191050705003025,1
191050705003026,1
191050705003027,1
191050705003028,1
191050705003029,1
191050705003030,1
191050705003031,1
191050705003032,1
191050705003033,1
191050705003034,1
191050705003035,1
191050705003036,1
191050705003037,1
191050705003038,1
191050705003039,1
191050705003040,1
191050705003041,1
191050705003042,1
191050705003045,1
191050705003046,1
191050705003047,1
191050705003048,1
191050705003049,1
191050705003050,1
191050705003051,1
191050705003052,1
191050705003053,1
191050705003054,1
191050705003055,1
191050705003056,1
191050705003057,1
191050705003058,1
191050705003059,1
191050705003060,1
191050705003061,1
191050705003062,1
191050705003063,1
191050705003064,1
191050705003065,1
191050705003066,1
191050705003067,1
191050705003068,1
191050705003069,1
191050705003070,1
191050705003071,1
191050705003072,1
191050705003073,1
191050705003074,1
191050705003075,1
191050705003076,1
191050705003077,1
191050705003078,1
191050705003079,1
191050705003080,1
191050705003081,1
191050705003082,1
191050705003083,1
191050705003084,1
191050705003085,1
191050705003086,1
191050705003087,1
191050705003088,1
191050705003089,1
191050705003090,1
191050705003091,1
191050705003092,1
191050705003093,1
191050705003094,1
191050705003095,1
191050705003096,1
191050705003097,1
191050705003098,1
191050705003099,1
191050705003100,1
191050705003101,1
191050705003102,1
191050705003103,1
191070801001000,2
191070801001001,2
191070801001056,2
191070801002043,2
191070801002047,2
191070801002048,2
191070801002049,2
191070801002050,2
191070801002051,2
191070801002052,2
191070801002053,2
191070801002054,2
191070801002055,2
191070801002056,2
191070801002057,2
191070801002058,2
191070801002059,2
191070801002060,2
191070801002061,2
191070801002062,2
191070801002063,2
191070801002064,2
191070801002065,2
191070801002066,2
191070801002067,2
191070801002068,2
191070801002069,2
191070801002070,2
191070801002071,2
191070801002072,2
191070801002073,2
191070801002074,2
191070801002075,2
191070801002076,2
191070801002077,2
191070801002078,2
191070801002079,2
191070801002080,2
191070801002081,2
191070801002082,2
191070801002083,2
191070801002084,2
191070801002085,2
191070801002086,2
191070801002087,2
191070801002088,2
191070801002089,2
191070801002090,2
191070801002091,2
191070801002092,2
191070801002093,2
191070801002094,2
191070801002095,2
191070801002096,2
191070801002097,2
191070801002098,2
191070801002101,2
191070801001002,2
191070801001003,2
191070801001004,2
191070801001005,2
191070801001006,2
191070801001007,2
191070801001008,2
191070801001009,2
191070801001010,2
191070801001011,2
191070801001012,2
191070801001013,2
191070801001014,2
191070801001015,2
191070801001016,2
191070801001017,2
191070801001018,2
191070801001019,2
191070801001020,2
191070801001021,2
191070801001022,2
191070801001023,2
191070801001024,2
191070801001025,2
191070801001026,2
191070801001027,2
191070801001028,2
191070801001029,2
191070801001030,2
191070801001031,2
191070801001032,2
191070801001033,2
191070801001034,2
191070801001035,2
191070801001036,2
191070801001037,2
191070801001038,2
191070801001039,2
191070801001040,2
191070801001041,2
191070801001042,2
191070801001043,2
191070801001044,2
191070801001045,2
191070801001046,2
191070801001047,2
191070801001048,2
191070801001049,2
191070801001050,2
191070801001051,2
191070801001052,2
191070801001053,2
191070801001054,2
191070801001055,2
191070801002000,2
191070801002001,2
191070801002002,2
191070801002003,2
191070801002004,2
191070801002005,2
191070801002006,2
191070801002007,2
191070801002008,2
191070801002009,2
191070801002010,2
191070801002011,2
191070801002012,2
191070801002013,2
191070801002014,2
191070801002015,2
191070801002016,2
191070801002017,2
191070801002018,2
191070801002019,2
191070801002020,2
191070801002021,2
191070801002022,2
191070801002023,2
191070801002024,2
191070801002025,2
191070801002026,2
191070801002027,2
191070801002028,2
191070801002029,2
191070801002030,2
191070801002031,2
191070801002032,2
191070801002033,2
191070801002034,2
191070801002035,2
191070801002036,2
191070801002037,2
191070801002038,2
191070801002039,2
191070801002040,2
191070801002041,2
191070801002042,2
191070801002044,2
191070801002045,2
191070801002046,2
191070801002099,2
191070801002100,2
191070801003000,2
191070801003001,2
191070801003002,2
191070801003003,2
191070801003004,2
191070801003005,2
191070801003006,2
191070801003007,2
191070801003008,2
191070801003009,2
191070801003010,2
191070801003011,2
191070801003012,2
191070801003013,2
191070801003014,2
191070801003015,2
191070801003016,2
191070801003017,2
191070801003018,2
191070801003019,2
191070801003020,2
191070801003021,2
191070801003022,2
191070801003023,2
191070801003024,2
191070801003025,2
191070801003026,2
191070801003027,2
191070801003028,2
191070801003029,2
191070801003030,2
191070801003031,2
191070801003032,2
191070801003033,2
191070801003034,2
191070801003035,2
191070801003036,2
191070801003037,2
191070801003038,2
191070801003039,2
191070801003040,2
191070801003041,2
191070801003042,2
191070801003043,2
191070801003044,2
191070801003046,2
191070801003047,2
191070801003048,2
191070801003049,2
191070801003050,2
191070801003051,2
191070801003052,2
191070801003053,2
191070801003054,2
191070801003055,2
191070801003056,2
191070801003057,2
191070801003058,2
191070801003059,2
191070801003060,2
191070801003061,2
191070801003099,2
191070801003103,2
191070801003104,2
191070801003105,2
191070802002047,2
191070802002048,2
191070802002084,2
191070802002085,2
191070801003045,2
191070803002000,2
191070803002001,2
191070803002002,2
191070803002003,2
191070803002004,2
191070803002005,2
191070803002006,2
191070803002007,2
191070803002008,2
191070803002009,2
191070803002010,2
191070803002011,2
191070803002012,2
191070803002013,2
191070803002014,2
191070803002015,2
191070803002016,2
191070803002017,2
191070803002018,2
191070803002019,2
191070803002020,2
191070803002021,2
191070803002022,2
191070803002023,2
191070803002024,2
191070803002025,2
191070803002026,2
191070803002027,2
191070803002028,2
191070803002029,2
191070803002030,2
191070803002031,2
191070803002032,2
191070803002033,2
191070803002034,2
191070803002036,2
191070803002037,2
191070803002038,2
191070803002039,2
191070803002040,2
191070803002041,2
191070803002042,2
191070803002043,2
191070803002044,2
191070803002045,2
191070803002046,2
191070803002047,2
191070803002048,2
191070803002049,2
191070803002050,2
191070803002051,2
191070803002052,2
191070803002053,2
191070803002055,2
191070803002056,2
191070803002057,2
191070803003002,2
191070803003003,2
191070803003008,2
191070803003009,2
191070803003010,2
191070803003011,2
191070803003012,2
191070803003013,2
191070803003014,2
191070803003015,2
191070803003016,2
191070803003017,2
191070803003018,2
191070803003019,2
191070803003020,2
191070803003021,2
191070803003022,2
191070803003023,2
191070803003024,2
191070803003025,2
191070803003026,2
191070803003027,2
191070803003028,2
191070803003029,2
191070803003030,2
191070803003031,2
191070803003032,2
191070803003033,2
191070803003034,2
191070803003035,2
191070803003036,2
191070803003037,2
191070803003038,2
191070803003039,2
191070803003040,2
191070803003041,2
191070803003042,2
191070803003043,2
191070803003044,2
191070803003045,2
191070803003046,2
191070803003047,2
191070803003048,2
191070803003049,2
191070803003050,2
191070803003052,2
191070803003053,2
191070803003054,2
191070803003055,2
191070803003056,2
191070803003057,2
191070801003062,2
191070801003063,2
191070801003064,2
191070801003065,2
191070801003066,2
191070801003067,2
191070801003068,2
191070801003069,2
191070801003070,2
191070801003071,2
191070801003072,2
191070801003073,2
191070801003074,2
191070801003075,2
191070801003076,2
191070801003077,2
191070801003078,2
191070801003079,2
191070801003080,2
191070801003081,2
191070801003082,2
191070801003083,2
191070801003084,2
191070801003085,2
191070801003086,2
191070801003087,2
191070801003088,2
191070801003089,2
191070801003090,2
191070801003091,2
191070801003092,2
191070801003093,2
191070801003098,2
191070801003100,2
191070801003101,2
191070801003102,2
191070801003110,2
191070801003111,2
191070801003112,2
191070801003113,2
191070801003114,2
191070801003115,2
191070801003116,2
191070801003117,2
191070801003118,2
191070801003119,2
191070801003120,2
191070801003143,2
191070804002002,2
191070804002003,2
191070804002010,2
191070804002011,2
191070804002177,2
191070801003094,2
191070801003095,2
191070801003096,2
191070801003097,2
191070801003142,2
191070801003146,2
191070801003147,2
191070801003148,2
191070801003149,2
191070804002000,2
191070804002001,2
191070804002004,2
191070804002005,2
191070804002006,2
191070804002007,2
191070804002008,2
191070804002009,2
191070804002012,2
191070804002013,2
191070804002092,2
191070804002093,2
191070804002094,2
191070804002095,2
191070804002096,2
191070804002097,2
191070804002098,2
191070804002099,2
191070804002100,2
191070804002101,2
191070804002102,2
191070804002103,2
191070804002104,2
191070804002105,2
191070804002106,2
191070804002107,2
191070804002108,2
191070804002109,2
191070804002110,2
191070804002111,2
191070804002112,2
191070804002113,2
191070804002114,2
191070804002115,2
191070804002116,2
191070804002117,2
191070804002118,2
191070804002119,2
191070804002120,2
191070804002121,2
191070804002122,2
191070804002123,2
191070804002124,2
191070804002125,2
191070804002126,2
191070804002127,2
191070804002128,2
191070804002129,2
191070804002130,2
191070804002131,2
191070804002132,2
191070804002133,2
191070804002134,2
191070804002135,2
191070804002136,2
191070804002137,2
191070804002138,2
191070804002139,2
191070804002140,2
191070804002141,2
191070804002142,2
191070804002143,2
191070804002144,2
191070804002145,2
191070804002146,2
191070804002147,2
191070804002148,2
191070804002149,2
191070804002150,2
191070804002151,2
191070804002152,2
191070804002153,2
191070804002154,2
191070804002155,2
191070804002156,2
191070804002157,2
191070804002158,2
191070804002159,2
191070804002160,2
191070804002161,2
191070804002162,2
191070804002165,2
191070804002166,2
191070804002167,2
191070804002168,2
191070804002169,2
191070804002170,2
191070804002171,2
191070801003106,2
191070801003107,2
191070801003108,2
191070801003109,2
191070801003121,2
191070801003122,2
191070801003123,2
191070801003124,2
191070801003125,2
191070801003126,2
191070801003127,2
191070801003128,2
191070801003129,2
191070801003130,2
191070801003131,2
191070801003132,2
191070801003133,2
191070801003134,2
191070801003135,2
191070801003136,2
191070801003137,2
191070801003138,2
191070801003139,2
191070801003140,2
191070801003141,2
191070801003144,2
191070801003145,2
191070802001000,2
191070802001002,2
191070802001003,2
191070802001004,2
191070802001005,2
191070802001006,2
191070802001007,2
191070802001008,2
191070802001012,2
191070802001013,2
191070802001014,2
191070802001015,2
191070802001016,2
191070802001017,2
191070802001018,2
191070802001019,2
191070802001020,2
191070802001021,2
191070802001022,2
191070802001025,2
191070802001035,2
191070802001036,2
191070802001037,2
191070802001038,2
191070802001039,2
191070802001040,2
191070802001041,2
191070802001042,2
191070802001043,2
191070802001044,2
191070802001045,2
191070802001046,2
191070802001047,2
191070802001048,2
191070802001049,2
191070802001050,2
191070802001051,2
191070802001052,2
191070802001053,2
191070802001054,2
191070802001055,2
191070802001056,2
191070802001057,2
191070802001058,2
191070802001059,2
191070802001060,2
191070802001061,2
191070802001062,2
191070802001063,2
191070802001066,2
191070802001070,2
191070802001071,2
191070802001072,2
191070802001073,2
191070802001074,2
191070802001001,2
191070802001009,2
191070802001010,2
191070802001011,2
191070802001023,2
191070802001024,2
191070802001026,2
191070802001027,2
191070802002000,2
191070802002001,2
191070802002002,2
191070802002003,2
191070802002004,2
191070802002005,2
191070802002006,2
191070802002007,2
191070802002008,2
191070802002009,2
191070802002010,2
191070802002011,2
191070802002012,2
191070802002013,2
191070802002014,2
191070802002015,2
191070802002016,2
191070802002017,2
191070802002018,2
191070802002019,2
191070802002020,2
191070802002021,2
191070802002022,2
191070802002023,2
191070802002024,2
191070802002025,2
191070802002026,2
191070802002027,2
191070802002028,2
191070802002029,2
191070802002030,2
191070802002031,2
191070802002032,2
191070802002033,2
191070802002034,2
191070802002035,2
191070802002036,2
191070802002037,2
191070802002038,2
191070802002039,2
191070802002040,2
191070802002041,2
191070802002042,2
191070802002043,2
191070802002044,2
191070802002051,2
191070802002052,2
191070802002053,2
191070802001028,2
191070802001029,2
191070802001030,2
191070802001031,2
191070802001032,2
191070802001033,2
191070802001034,2
191070802001064,2
191070802001065,2
191070802001067,2
191070802001068,2
191070802001069,2
191070802002045,2
191070802002046,2
191070802002049,2
191070802002050,2
191070802002054,2
191070802002055,2
191070802002056,2
191070802002057,2
191070802002058,2
191070802002059,2
191070802002060,2
191070802002061,2
191070802002062,2
191070802002063,2
191070802002064,2
191070802002065,2
191070802002066,2
191070802002067,2
191070802002068,2
191070802002069,2
191070802002070,2
191070802002071,2
191070802002072,2
191070802002073,2
191070802002074,2
191070802002075,2
191070802002076,2
191070802002077,2
191070802002078,2
191070802002079,2
191070802002080,2
191070802002081,2
191070802002082,2
191070802002083,2
191070802002086,2
191070802002087,2
191070802002088,2
191070802002089,2
191070802002090,2
191070802002091,2
191070802002092,2
191070802002093,2
191070802002094,2
191070802002095,2
191070802002096,2
191070802002097,2
191070802002098,2
191070802003112,2
191070802003113,2
191070803003000,2
191070803003001,2
191070803003004,2
191070803003005,2
191070802003000,2
191070802003001,2
191070802003002,2
191070802003003,2
191070802003004,2
191070802003005,2
191070802003006,2
191070802003007,2
191070802003008,2
191070802003009,2
191070802003010,2
191070802003011,2
191070802003012,2
191070802003013,2
191070802003014,2
191070802003015,2
191070802003016,2
191070802003017,2
191070802003018,2
191070802003019,2
191070802003020,2
191070802003021,2
191070802003022,2
191070802003023,2
191070802003024,2
191070802003025,2
191070802003026,2
191070802003027,2
191070802003028,2
191070802003029,2
191070802003030,2
191070802003031,2
191070802003032,2
191070802003033,2
191070802003034,2
191070802003035,2
191070802003036,2
191070802003037,2
191070802003038,2
191070802003039,2
191070802003040,2
191070802003041,2
191070802003042,2
191070802003043,2
191070802003044,2
191070802003045,2
191070802003046,2
191070802003047,2
191070802003048,2
191070802003049,2
191070802003050,2
191070802003051,2
191070802003052,2
191070802003053,2
191070802003054,2
191070802003055,2
191070802003056,2
191070802003057,2
191070802003058,2
191070802003059,2
191070802003060,2
191070802003061,2
191070802003062,2
191070802003063,2
191070802003064,2
191070802003065,2
191070802003066,2
191070802003067,2
191070802003068,2
191070802003069,2
191070802003070,2
191070802003071,2
191070802003072,2
191070802003073,2
191070802003074,2
191070802003075,2
191070802003076,2
191070802003077,2
191070802003078,2
191070802003079,2
191070802003080,2
191070802003081,2
191070802003082,2
191070802003083,2
191070802003084,2
191070802003085,2
191070802003086,2
191070802003087,2
191070802003088,2
191070802003089,2
191070802003090,2
191070802003091,2
191070802003092,2
191070802003093,2
191070802003094,2
191070802003095,2
191070802003096,2
191070802003097,2
191070802003098,2
191070802003099,2
191070802003100,2
191070802003101,2
191070802003102,2
191070802003103,2
191070802003104,2
191070802003105,2
191070802003106,2
191070802003107,2
191070802003108,2
191070802003109,2
191070802003110,2
191070802003111,2
191070802003114,2
191070802003115,2
191070802003116,2
191070802004000,2
191070802004001,2
191070802004002,2
191070802004003,2
191070802004004,2
191070802004005,2
191070802004006,2
191070802004007,2
191070802004008,2
191070802004009,2
191070802004010,2
191070802004011,2
191070802004012,2
191070802004013,2
191070802004014,2
191070802004015,2
191070802004016,2
191070802004017,2
191070802004018,2
191070802004019,2
191070802004020,2
191070802004021,2
191070802004022,2
191070802004023,2
191070802004024,2
191070802004025,2
191070802004026,2
191070802004027,2
191070802004028,2
191070802004029,2
191070802004030,2
191070802004031,2
191070802004032,2
191070802004033,2
191070802004034,2
191070802004035,2
191070802004036,2
191070802004037,2
191070802004038,2
191070802004039,2
191070802004040,2
191070802004041,2
191070802004042,2
191070802004043,2
191070802004044,2
191070802004045,2
191070802004046,2
191070802004047,2
191070802004048,2
191070802004049,2
191070802004050,2
191070802004051,2
191070802004052,2
191070802004053,2
191070802004054,2
191070802004055,2
191070802004056,2
191070802004057,2
191070802004058,2
191070802004059,2
191070802004060,2
191070802004061,2
191070802004062,2
191070802004063,2
191070802004064,2
191070802004065,2
191070802004066,2
191070802004067,2
191070802004068,2
191070802004069,2
191070802004070,2
191070802004071,2
191070802004072,2
191070803001000,2
191070803001001,2
191070803001002,2
191070803001056,2
191070803001057,2
191070803001058,2
191070803001059,2
191070803001060,2
191070803001061,2
191070803001062,2
191070803001063,2
191070803001065,2
191070803001066,2
191070803002035,2
191070803002054,2
191070803003006,2
191070803003007,2
191070803003051,2
191070803001003,2
191070803001004,2
191070803001005,2
191070803001006,2
191070803001007,2
191070803001008,2
191070803001009,2
191070803001010,2
191070803001011,2
191070803001012,2
191070803001013,2
191070803001014,2
191070803001015,2
191070803001016,2
191070803001017,2
191070803001018,2
191070803001019,2
191070803001020,2
191070803001021,2
191070803001022,2
191070803001023,2
191070803001024,2
191070803001025,2
191070803001026,2
191070803001027,2
191070803001028,2
191070803001029,2
191070803001030,2
191070803001031,2
191070803001032,2
191070803001033,2
191070803001034,2
191070803001035,2
191070803001036,2
191070803001037,2
191070803001038,2
191070803001039,2
191070803001040,2
191070803001041,2
191070803001042,2
191070803001043,2
191070803001044,2
191070803001045,2
191070803001046,2
191070803001047,2
191070803001048,2
191070803001049,2
191070803001050,2
191070803001051,2
191070803001052,2
191070803001053,2
191070803001054,2
191070803001055,2
191070803001064,2
191070803001068,2
191070803001069,2
191070803001070,2
191070803001071,2
191070803001072,2
191070804001010,2
191070804001011,2
191070804001013,2
191070803001067,2
191070804001000,2
191070804001001,2
191070804001002,2
191070804001003,2
191070804001004,2
191070804001005,2
191070804001006,2
191070804001007,2
191070804001008,2
191070804001009,2
191070804001014,2
191070804001015,2
191070804001016,2
191070804001017,2
191070804001022,2
191070804001023,2
191070804001024,2
191070804001026,2
191070804001027,2
191070804001028,2
191070804001029,2
191070804001060,2
191070804001061,2
191070804001062,2
191070804001063,2
191070804001102,2
191070804001103,2
191070804001104,2
191070804001012,2
191070804001030,2
191070804001031,2
191070804001032,2
191070804001033,2
191070804001034,2
191070804001035,2
191070804001036,2
191070804001037,2
191070804001038,2
191070804001039,2
191070804001040,2
191070804001041,2
191070804001042,2
191070804001043,2
191070804001044,2
191070804001045,2
191070804001046,2
191070804001047,2
191070804001048,2
191070804001049,2
191070804001050,2
191070804001051,2
191070804001052,2
191070804001053,2
191070804001054,2
191070804001055,2
191070804001056,2
191070804001057,2
191070804001058,2
191070804001059,2
191070804001067,2
191070804001068,2
191070804001069,2
191070804001070,2
191070804001071,2
191070804001072,2
191070804001073,2
191070804001074,2
191070804001075,2
191070804001076,2
191070804001077,2
191070804001078,2
191070804001079,2
191070804001100,2
191070804001101,2
191070804003000,2
191070804003001,2
191070804003002,2
191070804003003,2
191070804003005,2
191070804001018,2
191070804001019,2
191070804001020,2
191070804001021,2
191070804001025,2
191070804001064,2
191070804001065,2
191070804001066,2
191070804001080,2
191070804001081,2
191070804001082,2
191070804001083,2
191070804001084,2
191070804001085,2
191070804001086,2
191070804001087,2
191070804001088,2
191070804001089,2
191070804001090,2
191070804001091,2
191070804001092,2
191070804001093,2
191070804001094,2
191070804001095,2
191070804001096,2
191070804001097,2
191070804001098,2
191070804001099,2
191070804002017,2
191070804002018,2
191070804002027,2
191070804002028,2
191070804002029,2
191070804002030,2
191070804002031,2
191070804002090,2
191070804002091,2
191070804002014,2
191070804002015,2
191070804002016,2
191070804002019,2
191070804002020,2
191070804002021,2
191070804002022,2
191070804002023,2
191070804002024,2
191070804002025,2
191070804002026,2
191070804002032,2
191070804002033,2
191070804002034,2
191070804002035,2
191070804002036,2
191070804002037,2
191070804002038,2
191070804002039,2
191070804002040,2
191070804002041,2
191070804002042,2
191070804002043,2
191070804002044,2
191070804002045,2
191070804002046,2
191070804002047,2
191070804002048,2
191070804002049,2
191070804002050,2
191070804002051,2
191070804002052,2
191070804002053,2
191070804002054,2
191070804002055,2
191070804002056,2
191070804002057,2
191070804002058,2
191070804002059,2
191070804002060,2
191070804002061,2
191070804002062,2
191070804002063,2
191070804002064,2
191070804002065,2
191070804002066,2
191070804002067,2
191070804002068,2
191070804002069,2
191070804002070,2
191070804002071,2
191070804002072,2
191070804002073,2
191070804002074,2
191070804002075,2
191070804002076,2
191070804002077,2
191070804002078,2
191070804002079,2
191070804002080,2
191070804002081,2
191070804002082,2
191070804002083,2
191070804002084,2
191070804002085,2
191070804002086,2
191070804002087,2
191070804002088,2
191070804002089,2
191070804002163,2
191070804002164,2
191070804002172,2
191070804002173,2
191070804002174,2
191070804002175,2
191070804002176,2
191070804002178,2
191070804002179,2
191070804002180,2
191070804003004,2
191070804003006,2
191070804003007,2
191070804003008,2
191070804003009,2
191070804003010,2
191070804003011,2
191070804003012,2
191070804003013,2
191070804003014,2
191070804003015,2
191070804003016,2
191070804003017,2
191070804003018,2
191070804003019,2
191070804003020,2
191070804003021,2
191070804003022,2
191070804003023,2
191070804003024,2
191070804003025,2
191070804003026,2
191070804003027,2
191070804003028,2
191070804003029,2
191070804003030,2
191070804003031,2
191070804003032,2
191070804003033,2
191070804003034,2
191070804003035,2
191070804003036,2
191070804003037,2
191070804003038,2
191070804003039,2
191070804003040,2
191070804003041,2
191070804003042,2
191070804003043,2
191070804003044,2
191070804003045,2
191070804003046,2
191070804003047,2
191070804003048,2
191070804003049,2
191070804003050,2
191070804003051,2
191070804003052,2
191070804003053,2
191070804003054,2
191070804003055,2
191070804003056,2
191070804003057,2
191070804003058,2
191070804003059,2
191070804003060,2
191099501001000,4
191099501001001,4
191099501001002,4
191099501001003,4
191099501001004,4
191099501001005,4
191099501001071,4
191099501001072,4
191099501001073,4
191099501001074,4
191099501001075,4
191099501001076,4
191099501001077,4
191099501001078,4
191099501001079,4
191099501001080,4
191099501001081,4
191099501001082,4
191099501001083,4
191099501001084,4
191099501001085,4
191099501001086,4
191099501001096,4
191099501001097,4
191099501001098,4
191099501001099,4
191099501001100,4
191099501001101,4
191099501001104,4
191099501001105,4
191099501001106,4
191099501001122,4
191099501001006,4
191099501001007,4
191099501001008,4
191099501001009,4
191099501001010,4
191099501001011,4
191099501001012,4
191099501001013,4
191099501001014,4
191099501001061,4
191099501001062,4
191099501001063,4
191099501001064,4
191099501001065,4
191099501001066,4
191099501001067,4
191099501001068,4
191099501001069,4
191099501001070,4
191099501001087,4
191099501001088,4
191099501001089,4
191099501001090,4
191099501001091,4
191099501001092,4
191099501001093,4
191099501001094,4
191099501001095,4
191099501001102,4
191099501001103,4
191099501001107,4
191099501001108,4
191099501001111,4
191099501001112,4
191099501001114,4
191099501001115,4
191099501001116,4
191099501001241,4
191099501003017,4
191099501001015,4
191099501001016,4
191099501001017,4
191099501001018,4
191099501001019,4
191099501001020,4
191099501001021,4
191099501001051,4
191099501001052,4
191099501001053,4
191099501001054,4
191099501001055,4
191099501001056,4
191099501001057,4
191099501001058,4
191099501001059,4
191099501001060,4
191099501001109,4
191099501001110,4
191099501001113,4
191099501001117,4
191099501001118,4
191099501001119,4
191099501001120,4
191099501001121,4
191099501001123,4
191099501001124,4
191099501001125,4
191099501001126,4
191099501001127,4
191099501001128,4
191099501001129,4
191099501001130,4
191099501001131,4
191099501001139,4
191099501001140,4
191099501001141,4
191099501001142,4
191099501001144,4
191099501001149,4
191099501001150,4
191099501001151,4
191099501001022,4
191099501001023,4
191099501001024,4
191099501001025,4
191099501001026,4
191099501001027,4
191099501001028,4
191099501001029,4
191099501001030,4
191099501001031,4
191099501001032,4
191099501001033,4
191099501001034,4
191099501001035,4
191099501001036,4
191099501001037,4
191099501001038,4
191099501001039,4
191099501001040,4
191099501001041,4
191099501001042,4
191099501001043,4
191099501001044,4
191099501001045,4
191099501001046,4
191099501001047,4
191099501001048,4
191099501001049,4
191099501001050,4
191099501001132,4
191099501001133,4
191099501001134,4
191099501001135,4
191099501001136,4
191099501001137,4
191099501001138,4
191099501001143,4
191099501001145,4
191099501001146,4
191099501001147,4
191099501001148,4
191099501001152,4
191099501001153,4
191099501001154,4
191099501001155,4
191099501001166,4
191099501001167,4
191099501001168,4
191099501001169,4
191099501001170,4
191099501001171,4
191099501001172,4
191099501001173,4
191099501001174,4
191099501001175,4
191099501001176,4
191099501001177,4
191099501001178,4
191099501001179,4
191099501001180,4
191099501001181,4
191099501001182,4
191099501001183,4
191099501001184,4
191099501001188,4
191099501001189,4
191099501001190,4
191099501001191,4
191099501001231,4
191099501001232,4
191099501001236,4
191099501002000,4
191099501002001,4
191099501002002,4
191099501002003,4
191099501002004,4
191099501002005,4
191099501002006,4
191099501002007,4
191099501002008,4
191099501002009,4
191099501002010,4
191099501002011,4
191099501002012,4
191099501002013,4
191099501002014,4
191099501002015,4
191099501002016,4
191099501002017,4
191099501002018,4
191099501002019,4
191099501002020,4
191099501002021,4
191099501002022,4
191099501002023,4
191099501002024,4
191099501002025,4
191099501002026,4
191099501002027,4
191099501002028,4
191099501002029,4
191099501002030,4
191099501002031,4
191099501002032,4
191099501002033,4
191099501002034,4
191099501002035,4
191099501002036,4
191099501002037,4
191099501002038,4
191099501002039,4
191099501002040,4
191099501002041,4
191099501002042,4
191099501002043,4
191099501002044,4
191099501002045,4
191099501002046,4
191099501002047,4
191099501002048,4
191099501002049,4
191099501002050,4
191099501002051,4
191099501002052,4
191099501002053,4
191099501002054,4
191099501002055,4
191099501002056,4
191099501002057,4
191099501002058,4
191099501002059,4
191099501003021,4
191099501003022,4
191099501003023,4
191099501003024,4
191099501003025,4
191099501003027,4
191099501003036,4
191099501003037,4
191099501001156,4
191099501001157,4
191099501001158,4
191099501001159,4
191099501001160,4
191099501001161,4
191099501001162,4
191099501001163,4
191099501001164,4
191099501001165,4
191099501001192,4
191099501001193,4
191099501001194,4
191099501001195,4
191099501001196,4
191099501001197,4
191099501001198,4
191099501001199,4
191099501001200,4
191099501001201,4
191099501001202,4
191099501001203,4
191099501001204,4
191099501001205,4
191099501001206,4
191099501001207,4
191099501001208,4
191099501001209,4
191099501001210,4
191099501001211,4
191099501001212,4
191099501001213,4
191099501001214,4
191099501001215,4
191099501001216,4
191099501001217,4
191099501001218,4
191099501001219,4
191099501001220,4
191099501001221,4
191099501001222,4
191099501001223,4
191099501001224,4
191099501001225,4
191099501001226,4
191099501001230,4
191099501001239,4
191099501001185,4
191099501001186,4
191099501001187,4
191099501001234,4
191099501001235,4
191099501001242,4
191099501003142,4
191099501003205,4
191099501003240,4
191099501003241,4
191099501003246,4
191099501003247,4
191099503002000,4
191099503002001,4
191099503002002,4
191099503002003,4
191099503002004,4
191099503002005,4
191099503002006,4
191099503002007,4
191099503002008,4
191099503002009,4
191099503002010,4
191099503002011,4
191099503002012,4
191099503002013,4
191099503002014,4
191099503002015,4
191099503002016,4
191099503002017,4
191099503002025,4
191099503002026,4
191099503002035,4
191099503002060,4
191099503002061,4
191099503002062,4
191099503002063,4
191099503002064,4
191099503002065,4
191099503002066,4
191099503002067,4
191099503002068,4
191099503002069,4
191099503002070,4
191099503002071,4
191099503002072,4
191099503002073,4
191099503002074,4
191099503002075,4
191099503002084,4
191099503002085,4
191099503002086,4
191099503002087,4
191099503002088,4
191099503002089,4
191099503002090,4
191099503002091,4
191099503002092,4
191099501001227,4
191099501001228,4
191099501001229,4
191099501001233,4
191099501001237,4
191099501001238,4
191099501001240,4
191099501001243,4
191099503003000,4
191099503003001,4
191099503003002,4
191099503003003,4
191099503003004,4
191099503003005,4
191099503003006,4
191099503003007,4
191099503003008,4
191099503003009,4
191099503003010,4
191099503003011,4
191099503003012,4
191099503003013,4
191099503003014,4
191099503003015,4
191099503003016,4
191099503003017,4
191099503003018,4
191099503003019,4
191099503003020,4
191099503003021,4
191099503003022,4
191099503003023,4
191099503003024,4
191099503003025,4
191099503003026,4
191099503003027,4
191099503003028,4
191099503003029,4
191099503003030,4
191099503003031,4
191099503003032,4
191099503003033,4
191099503003034,4
191099503003035,4
191099503003036,4
191099503003037,4
191099503003038,4
191099503003039,4
191099503003040,4
191099503003135,4
191099501003000,4
191099501003001,4
191099501003002,4
191099501003003,4
191099501003004,4
191099501003005,4
191099501003006,4
191099501003007,4
191099501003049,4
191099501003050,4
191099501003051,4
191099501003052,4
191099501003053,4
191099501003054,4
191099501003055,4
191099501003056,4
191099501003057,4
191099501003058,4
191099501003059,4
191099501003060,4
191099501003061,4
191099501003062,4
191099501003086,4
191099501003087,4
191099501003088,4
191099501003089,4
191099501003090,4
191099501003091,4
191099501003092,4
191099501003093,4
191099501003094,4
191099501003095,4
191099501003096,4
191099501003097,4
191099501003098,4
191099501003099,4
191099501003100,4
191099501003101,4
191099501003121,4
191099501003160,4
191099501003161,4
191099501003162,4
191099501003265,4
191099501003008,4
191099501003009,4
191099501003010,4
191099501003011,4
191099501003012,4
191099501003013,4
191099501003014,4
191099501003015,4
191099501003016,4
191099501003018,4
191099501003019,4
191099501003020,4
191099501003026,4
191099501003028,4
191099501003029,4
191099501003030,4
191099501003031,4
191099501003032,4
191099501003033,4
191099501003034,4
191099501003035,4
191099501003038,4
191099501003039,4
191099501003040,4
191099501003041,4
191099501003042,4
191099501003043,4
191099501003044,4
191099501003104,4
191099501003105,4
191099501003106,4
191099501003111,4
191099501003112,4
191099501003113,4
191099501003114,4
191099501003122,4
191099501003123,4
191099501003124,4
191099501003125,4
191099501003126,4
191099501003127,4
191099501003128,4
191099501003129,4
191099501003130,4
191099501003131,4
191099501003254,4
191099501003255,4
191099501003256,4
191099501003257,4
191099501003258,4
191099501003259,4
191099501003260,4
191099501003261,4
191099501003262,4
191099501003263,4
191099501003264,4
191099501003266,4
191099501003268,4
191099501003269,4
191099501003270,4
191099501003045,4
191099501003046,4
191099501003047,4
191099501003048,4
191099501003063,4
191099501003064,4
191099501003065,4
191099501003066,4
191099501003067,4
191099501003068,4
191099501003069,4
191099501003070,4
191099501003071,4
191099501003072,4
191099501003073,4
191099501003074,4
191099501003075,4
191099501003076,4
191099501003077,4
191099501003078,4
191099501003079,4
191099501003080,4
191099501003081,4
191099501003082,4
191099501003083,4
191099501003084,4
191099501003085,4
191099501003107,4
191099501003108,4
191099501003109,4
191099501003110,4
191099501003102,4
191099501003116,4
191099501003117,4
191099501003118,4
191099501003119,4
191099501003120,4
191099501003153,4
191099501003154,4
191099501003155,4
191099501003156,4
191099501003157,4
191099501003158,4
191099501003159,4
191099501003163,4
191099501003164,4
191099501003165,4
191099501003166,4
191099501003167,4
191099501003168,4
191099501003169,4
191099501003170,4
191099501003171,4
191099501003172,4
191099501003173,4
191099501003174,4
191099501003175,4
191099501003176,4
191099501003177,4
191099501003178,4
191099501003179,4
191099501003180,4
191099501003181,4
191099501003182,4
191099501003183,4
191099501003184,4
191099501003185,4
191099501003186,4
191099501003187,4
191099501003188,4
191099501003189,4
191099501003216,4
191099501003217,4
191099501003218,4
191099501003219,4
191099501003220,4
191099501003221,4
191099501003222,4
191099501003223,4
191099501003224,4
191099501003225,4
191099501003226,4
191099501003227,4
191099501003228,4
191099501003243,4
191099501003244,4
191099501003103,4
191099501003115,4
191099501003132,4
191099501003133,4
191099501003134,4
191099501003135,4
191099501003136,4
191099501003137,4
191099501003138,4
191099501003139,4
191099501003140,4
191099501003141,4
191099501003143,4
191099501003144,4
191099501003145,4
191099501003146,4
191099501003147,4
191099501003148,4
191099501003149,4
191099501003150,4
191099501003151,4
191099501003152,4
191099501003190,4
191099501003191,4
191099501003192,4
191099501003193,4
191099501003194,4
191099501003195,4
191099501003196,4
191099501003197,4
191099501003198,4
191099501003199,4
191099501003200,4
191099501003201,4
191099501003202,4
191099501003203,4
191099501003204,4
191099501003206,4
191099501003207,4
191099501003208,4
191099501003209,4
191099501003210,4
191099501003211,4
191099501003212,4
191099501003213,4
191099501003214,4
191099501003215,4
191099501003230,4
191099501003231,4
191099501003232,4
191099501003233,4
191099501003234,4
191099501003235,4
191099501003238,4
191099501003239,4
191099501003242,4
191099501003245,4
191099501003252,4
191099501003253,4
191099503002027,4
191099503002033,4
191099503002034,4
191099503002036,4
191099501003229,4
191099501003236,4
191099501003237,4
191099501003249,4
191099501003250,4
191099501003251,4
191099501003267,4
191099502001007,4
191099502001011,4
191099502001012,4
191099502001013,4
191099502001014,4
191099502001015,4
191099502001016,4
191099502001017,4
191099502001018,4
191099502001019,4
191099502001020,4
191099502001021,4
191099502001022,4
191099502001023,4
191099502001024,4
191099502001025,4
191099502001026,4
191099502001027,4
191099502001028,4
191099502001029,4
191099502001030,4
191099502001031,4
191099502001032,4
191099502001104,4
191099502001105,4
191099502001106,4
191099502001107,4
191099502001108,4
191099502001109,4
191099502001110,4
191099502001111,4
191099502001112,4
191099502001113,4
191099502001114,4
191099502001115,4
191099502001138,4
191099502001139,4
191099502001140,4
191099501003248,4
191099503001000,4
191099503001001,4
191099503001002,4
191099503001003,4
191099503001004,4
191099503001005,4
191099503001006,4
191099503001007,4
191099503001008,4
191099503001009,4
191099503001010,4
191099503001011,4
191099503001012,4
191099503001013,4
191099503001014,4
191099503001015,4
191099503001016,4
191099503001017,4
191099503001018,4
191099503001019,4
191099503001020,4
191099503001021,4
191099503001022,4
191099503001023,4
191099503001024,4
191099503001025,4
191099503001026,4
191099503001027,4
191099503001028,4
191099503001029,4
191099503001030,4
191099503001031,4
191099503001032,4
191099503001033,4
191099503001034,4
191099503001035,4
191099503001036,4
191099503001037,4
191099503001038,4
191099503001039,4
191099503001040,4
191099503001041,4
191099503001042,4
191099503001043,4
191099503001044,4
191099503001045,4
191099503001046,4
191099503001047,4
191099503001048,4
191099503001049,4
191099503001050,4
191099503001051,4
191099503001052,4
191099503001053,4
191099503001054,4
191099503001055,4
191099503001056,4
191099503001057,4
191099503001058,4
191099503001059,4
191099503001060,4
191099503001061,4
191099503001062,4
191099503001063,4
191099503001064,4
191099503001065,4
191099503001066,4
191099503001067,4
191099503001068,4
191099503001069,4
191099503001070,4
191099503001071,4
191099503001072,4
191099503001073,4
191099503001074,4
191099503001075,4
191099503001076,4
191099503001077,4
191099503001078,4
191099503001079,4
191099503001080,4
191099503001081,4
191099503001082,4
191099503001083,4
191099503001084,4
191099503001085,4
191099503001086,4
191099503001087,4
191099503001088,4
191099503001089,4
191099503001090,4
191099503001091,4
191099503001092,4
191099503001093,4
191099503001094,4
191099503001095,4
191099503001096,4
191099503001097,4
191099503001098,4
191099503001099,4
191099503001100,4
191099503001108,4
191099503001109,4
191099503001110,4
191099503001111,4
191099503001112,4
191099503001113,4
191099503001114,4
191099502001000,4
191099502001001,4
191099502001002,4
191099502001003,4
191099502001004,4
191099502001005,4
191099502001006,4
191099502001008,4
191099502001009,4
191099502001010,4
191099502001033,4
191099502001034,4
191099502001035,4
191099502001036,4
191099502001037,4
191099502001038,4
191099502001039,4
191099502001040,4
191099502001041,4
191099502001042,4
191099502001043,4
191099502001044,4
191099502001045,4
191099502001046,4
191099502001047,4
191099502001048,4
191099502001049,4
191099502001050,4
191099502001051,4
191099502001052,4
191099502001053,4
191099502001054,4
191099502001055,4
191099502001056,4
191099502001057,4
191099502001058,4
191099502001059,4
191099502001060,4
191099502001061,4
191099502001062,4
191099502001063,4
191099502001064,4
191099502001065,4
191099502001066,4
191099502001067,4
191099502001068,4
191099502001069,4
191099502001070,4
191099502001071,4
191099502001072,4
191099502001073,4
191099502001074,4
191099502001075,4
191099502001076,4
191099502001077,4
191099502001078,4
191099502001079,4
191099502001080,4
191099502001081,4
191099502001082,4
191099502001083,4
191099502001084,4
191099502001085,4
191099502001086,4
191099502001087,4
191099502001088,4
191099502001089,4
191099502001090,4
191099502001091,4
191099502001092,4
191099502001093,4
191099502001094,4
191099502001095,4
191099502001096,4
191099502001097,4
191099502001098,4
191099502001099,4
191099502001100,4
191099502001101,4
191099502001102,4
191099502001103,4
191099502001116,4
191099502001117,4
191099502001118,4
191099502001119,4
191099502001120,4
191099502001121,4
191099502001122,4
191099502001123,4
191099502001124,4
191099502001125,4
191099502001126,4
191099502001127,4
191099502001128,4
191099502001129,4
191099502001130,4
191099502001131,4
191099502001132,4
191099502001133,4
191099502001134,4
191099502001135,4
191099502001136,4
191099502001137,4
191099502001141,4
191099502001142,4
191099502001143,4
191099502002000,4
191099502002001,4
191099502002002,4
191099502002003,4
191099502002004,4
191099502002005,4
191099502002009,4
191099502002010,4
191099502002011,4
191099502002012,4
191099502002013,4
191099502002014,4
191099502002015,4
191099502002043,4
191099502002044,4
191099502002045,4
191099502002046,4
191099502002047,4
191099502002048,4
191099502002049,4
191099502002050,4
191099502002051,4
191099502002052,4
191099502002053,4
191099502002054,4
191099502002055,4
191099502002056,4
191099502002057,4
191099502002058,4
191099502002059,4
191099502002060,4
191099502002061,4
191099502002062,4
191099502002063,4
191099502002070,4
191099502002071,4
191099502002072,4
191099502002073,4
191099502002074,4
191099502002075,4
191099502002076,4
191099502002083,4
191099502002084,4
191099502002085,4
191099502002086,4
191099502002087,4
191099502002088,4
191099502002089,4
191099502002090,4
191099502002103,4
191099502002118,4
191099502002119,4
191099502002120,4
191099502002121,4
191099502002122,4
191099502002123,4
191099502002124,4
191099502002149,4
191099502002006,4
191099502002007,4
191099502002008,4
191099502002016,4
191099502002017,4
191099502002018,4
191099502002019,4
191099502002020,4
191099502002021,4
191099502002022,4
191099502002023,4
191099502002024,4
191099502002025,4
191099502002026,4
191099502002027,4
191099502002028,4
191099502002029,4
191099502002030,4
191099502002031,4
191099502002032,4
191099502002033,4
191099502002034,4
191099502002035,4
191099502002036,4
191099502002037,4
191099502002038,4
191099502002039,4
191099502002040,4
191099502002041,4
191099502002042,4
191099502002077,4
191099502002078,4
191099502002079,4
191099502002080,4
191099502002081,4
191099502002147,4
191099505001000,4
191099505001001,4
191099505001002,4
191099505001003,4
191099506002053,4
191099506002054,4
191099506002055,4
191099506002056,4
191099502002064,4
191099502002065,4
191099502002066,4
191099502002067,4
191099502002068,4
191099502002069,4
191099502002082,4
191099502002091,4
191099502002092,4
191099502002093,4
191099502002094,4
191099502002095,4
191099502002096,4
191099502002097,4
191099502002098,4
191099502002099,4
191099502002100,4
191099502002101,4
191099502002102,4
191099502002104,4
191099502002105,4
191099502002106,4
191099502002107,4
191099502002108,4
191099502002109,4
191099502002110,4
191099502002111,4
191099502002112,4
191099502002113,4
191099502002114,4
191099502002115,4
191099502002116,4
191099502002134,4
191099502002135,4
191099502002136,4
191099502002137,4
191099502002138,4
191099502002139,4
191099502002140,4
191099502002141,4
191099502002143,4
191099502002144,4
191099502002145,4
191099502002146,4
191099502002117,4
191099502002125,4
191099502002126,4
191099502002127,4
191099502002128,4
191099502002129,4
191099502002130,4
191099502002131,4
191099502002132,4
191099502002133,4
191099502002142,4
191099502002148,4
191099502003000,4
191099502003001,4
191099502003002,4
191099502003003,4
191099502003004,4
191099502003005,4
191099502003006,4
191099502003025,4
191099502003026,4
191099502003027,4
191099502003028,4
191099502003029,4
191099502003030,4
191099502003031,4
191099502003032,4
191099502003033,4
191099502003034,4
191099502003035,4
191099502003036,4
191099502003037,4
191099502003038,4
191099502003039,4
191099502003040,4
191099502003041,4
191099502003042,4
191099502003043,4
191099502003044,4
191099502003045,4
191099502003046,4
191099502003047,4
191099502003048,4
191099502003049,4
191099502003050,4
191099502003051,4
191099502003052,4
191099502003053,4
191099502003054,4
191099502003055,4
191099502003091,4
191099502003092,4
191099502003093,4
191099502003094,4
191099502003095,4
191099502003096,4
191099502003097,4
191099502003098,4
191099502003099,4
191099502003103,4
191099502003104,4
191099502003106,4
191099502003219,4
191099502003220,4
191099502003007,4
191099502003008,4
191099502003009,4
191099502003010,4
191099502003011,4
191099502003012,4
191099502003013,4
191099502003014,4
191099502003015,4
191099502003016,4
191099502003017,4
191099502003018,4
191099502003019,4
191099502003020,4
191099502003021,4
191099502003022,4
191099502003023,4
191099502003024,4
191099502003056,4
191099502003057,4
191099502003058,4
191099502003059,4
191099502003060,4
191099502003061,4
191099502003062,4
191099502003063,4
191099502003068,4
191099502003069,4
191099502003070,4
191099502003071,4
191099502003072,4
191099502003073,4
191099502003074,4
191099502003075,4
191099502003076,4
191099502003077,4
191099502003078,4
191099502003079,4
191099502003080,4
191099502003081,4
191099502003084,4
191099502003085,4
191099502003086,4
191099502003087,4
191099502003088,4
191099502003089,4
191099502003090,4
191099502003140,4
191099502003144,4
191099502003145,4
191099502003146,4
191099502003147,4
191099502003148,4
191099502003149,4
191099502003150,4
191099502003151,4
191099502003152,4
191099502003218,4
191099505001040,4
191099505001041,4
191099505003000,4
191099505003001,4
191099505003049,4
191099505003050,4
191099506001096,4
191099506001109,4
191099506001110,4
191099506001111,4
191099502003064,4
191099502003065,4
191099502003066,4
191099502003067,4
191099502003082,4
191099502003083,4
191099502003216,4
191099504001007,4
191099504001009,4
191099504001010,4
191099504001012,4
191099504001014,4
191099504001026,4
191099504001027,4
191099504003012,4
191099504003013,4
191099504003014,4
191099504003021,4
191099504003039,4
191099504003040,4
191099504003041,4
191099505003002,4
191099505003038,4
191099505003039,4
191099505003040,4
191099506001000,4
191099506001001,4
191099506001002,4
191099506001003,4
191099506001004,4
191099506001005,4
191099506001006,4
191099506001007,4
191099506001008,4
191099506001009,4
191099506001010,4
191099506001011,4
191099506001012,4
191099506001013,4
191099506001014,4
191099506001015,4
191099506001016,4
191099506001017,4
191099506001024,4
191099506001025,4
191099506001026,4
191099506001027,4
191099506001028,4
191099506001029,4
191099506001030,4
191099506001031,4
191099506001032,4
191099506001047,4
191099506001048,4
191099506001049,4
191099506001050,4
191099506001079,4
191099506001080,4
191099506001081,4
191099506001089,4
191099506001090,4
191099506001091,4
191099506001092,4
191099506001093,4
191099506001094,4
191099506001095,4
191099506001097,4
191099506001098,4
191099506001100,4
191099506001101,4
191099506001102,4
191099506001107,4
191099506001108,4
191099506001231,4
191099506001232,4
191099506001234,4
191099502003100,4
191099502003101,4
191099502003102,4
191099502003105,4
191099502003107,4
191099502003108,4
191099502003109,4
191099502003110,4
191099502003112,4
191099502003113,4
191099502003114,4
191099502003115,4
191099502003116,4
191099502003117,4
191099502003118,4
191099502003119,4
191099502003120,4
191099502003121,4
191099502003122,4
191099502003123,4
191099502003124,4
191099502003125,4
191099502003126,4
191099502003127,4
191099502003128,4
191099502003129,4
191099502003130,4
191099502003131,4
191099502003132,4
191099502003133,4
191099502003134,4
191099502003135,4
191099502003177,4
191099502003210,4
191099502003211,4
191099502003212,4
191099502003214,4
191099502003215,4
191099502003217,4
191099502003111,4
191099502003136,4
191099502003137,4
191099502003138,4
191099502003139,4
191099502003141,4
191099502003142,4
191099502003143,4
191099502003153,4
191099502003154,4
191099502003155,4
191099502003156,4
191099502003157,4
191099502003158,4
191099502003159,4
191099502003160,4
191099502003161,4
191099502003162,4
191099502003163,4
191099502003164,4
191099502003165,4
191099502003166,4
191099502003167,4
191099502003168,4
191099502003169,4
191099502003170,4
191099502003171,4
191099502003172,4
191099502003173,4
191099502003174,4
191099502003175,4
191099502003176,4
191099502003182,4
191099502003183,4
191099502003184,4
191099502003185,4
191099502003186,4
191099502003209,4
191099506001201,4
191099506001202,4
191099506001203,4
191099506001204,4
191099506001205,4
191099506001206,4
191099506001212,4
191099506001213,4
191099506001214,4
191099502003178,4
191099502003179,4
191099502003180,4
191099502003181,4
191099502003187,4
191099502003188,4
191099502003189,4
191099502003190,4
191099502003191,4
191099502003192,4
191099502003193,4
191099502003194,4
191099502003195,4
191099502003196,4
191099502003197,4
191099502003198,4
191099502003199,4
191099502003200,4
191099502003201,4
191099502003202,4
191099502003203,4
191099502003204,4
191099502003205,4
191099502003206,4
191099502003207,4
191099502003208,4
191099502003213,4
191099503001101,4
191099503001102,4
191099503001103,4
191099503001104,4
191099503001105,4
191099503001106,4
191099503001107,4
191099503002018,4
191099503002019,4
191099503002020,4
191099503002021,4
191099503002022,4
191099503002023,4
191099503002024,4
191099503002028,4
191099503002029,4
191099503002030,4
191099503002031,4
191099503002032,4
191099503002037,4
191099503002038,4
191099503002039,4
191099503002040,4
191099503002041,4
191099503002042,4
191099503002043,4
191099503002044,4
191099503002045,4
191099503002046,4
191099503002047,4
191099503002048,4
191099503002049,4
191099503002050,4
191099503002051,4
191099503002052,4
191099503002053,4
191099503002054,4
191099503002055,4
191099503002056,4
191099503002057,4
191099503002058,4
191099503002059,4
191099503002076,4
191099503002077,4
191099503002078,4
191099503002079,4
191099503002080,4
191099503002081,4
191099503002082,4
191099503002083,4
191099503002093,4
191099503003041,4
191099503003042,4
191099503003043,4
191099503003044,4
191099503003045,4
191099503003046,4
191099503003047,4
191099503003048,4
191099503003049,4
191099503003050,4
191099503003051,4
191099503003052,4
191099503003053,4
191099503003054,4
191099503003055,4
191099503003056,4
191099503003057,4
191099503003058,4
191099503003059,4
191099503003060,4
191099503003061,4
191099503003062,4
191099503003063,4
191099503003064,4
191099503003065,4
191099503003066,4
191099503003067,4
191099503003068,4
191099503003069,4
191099503003070,4
191099503003071,4
191099503003072,4
191099503003073,4
191099503003074,4
191099503003075,4
191099503003076,4
191099503003077,4
191099503003078,4
191099503003079,4
191099503003080,4
191099503003081,4
191099503003082,4
191099503003083,4
191099503003084,4
191099503003085,4
191099503003086,4
191099503003087,4
191099503003088,4
191099503003089,4
191099503003090,4
191099503003091,4
191099503003092,4
191099503003093,4
191099503003094,4
191099503003095,4
191099503003096,4
191099503003097,4
191099503003098,4
191099503003099,4
191099503003100,4
191099503003101,4
191099503003102,4
191099503003103,4
191099503003104,4
191099503003105,4
191099503003106,4
191099503003107,4
191099503003108,4
191099503003109,4
191099503003110,4
191099503003111,4
191099503003112,4
191099503003113,4
191099503003114,4
191099503003115,4
191099503003116,4
191099503003117,4
191099503003118,4
191099503003119,4
191099503003120,4
191099503003121,4
191099503003122,4
191099503003123,4
191099503003124,4
191099503003125,4
191099503003126,4
191099503003127,4
191099503003128,4
191099503003129,4
191099503003130,4
191099503003131,4
191099503003132,4
191099503003133,4
191099503003134,4
191099504001000,4
191099504001001,4
191099504001002,4
191099505001005,4
191099505001007,4
191099506002000,4
191099506002001,4
191099506002002,4
191099506002003,4
191099506002004,4
191099506002005,4
191099506002006,4
191099506002007,4
191099506002022,4
191099506002023,4
191099506002042,4
191099506002043,4
191099506002044,4
191099506002045,4
191099506002046,4
191099506002047,4
191099506002048,4
191099506002049,4
191099506002050,4
191099506002051,4
191099506002052,4
191099506002057,4
191099506002058,4
191099506002059,4
191099506002060,4
191099506002061,4
191099506002062,4
191099506002063,4
191099506002064,4
191099506002065,4
191099506002066,4
191099506002067,4
191099506002068,4
191099506002072,4
191099506002073,4
191099506002096,4
191099506002097,4
191099506002098,4
191099506002099,4
191099506002100,4
191099506002141,4
191099506002145,4
191099506002146,4
191099504001003,4
191099504001004,4
191099504001005,4
191099504001006,4
191099504001008,4
191099504001011,4
191099504001013,4
191099504001015,4
191099504001016,4
191099504001017,4
191099504001018,4
191099504001019,4
191099504001020,4
191099504001021,4
191099504001022,4
191099504001023,4
191099504001024,4
191099504001025,4
191099504001028,4
191099504001029,4
191099504001030,4
191099504001031,4
191099504001032,4
191099504001033,4
191099504001034,4
191099504001035,4
191099504001036,4
191099504001037,4
191099504001038,4
191099504001039,4
191099504001040,4
191099504001041,4
191099504001042,4
191099504001043,4
191099504001044,4
191099504002000,4
191099504002001,4
191099504002002,4
191099504002003,4
191099504002004,4
191099504002005,4
191099504002006,4
191099504002007,4
191099504002008,4
191099504002009,4
191099504002010,4
191099504002011,4
191099504002012,4
191099504002013,4
191099504002014,4
191099504002015,4
191099504002016,4
191099504002017,4
191099504002018,4
191099504002019,4
191099504002020,4
191099504002021,4
191099504002022,4
191099504002023,4
191099504002024,4
191099504002025,4
191099504002026,4
191099504002027,4
191099504002028,4
191099504002029,4
191099504002030,4
191099504002031,4
191099504002032,4
191099504002033,4
191099504002034,4
191099504002035,4
191099504002036,4
191099504002037,4
191099504002038,4
191099504002039,4
191099504002040,4
191099504002041,4
191099504002042,4
191099504002043,4
191099504002044,4
191099504002045,4
191099504002046,4
191099504002047,4
191099504002048,4
191099504002049,4
191099504002050,4
191099504002051,4
191099504002052,4
191099504002053,4
191099504002054,4
191099504003000,4
191099504003001,4
191099504003002,4
191099504003003,4
191099504003004,4
191099504003005,4
191099504003006,4
191099504003007,4
191099504003008,4
191099504003009,4
191099504003010,4
191099504003011,4
191099504003015,4
191099504003016,4
191099504003017,4
191099504003018,4
191099504003019,4
191099504003020,4
191099504003022,4
191099504003023,4
191099504003024,4
191099504003025,4
191099504003026,4
191099504003027,4
191099504003028,4
191099504003029,4
191099504003030,4
191099504003031,4
191099504003032,4
191099504003033,4
191099504003034,4
191099504003035,4
191099504003036,4
191099504003037,4
191099504003038,4
191099505001004,4
191099505001006,4
191099505001008,4
191099505001009,4
191099505001010,4
191099505001011,4
191099505001012,4
191099505001013,4
191099505001014,4
191099505001015,4
191099505001016,4
191099505001017,4
191099505001018,4
191099505001019,4
191099505001020,4
191099505001021,4
191099505001022,4
191099505001023,4
191099505001024,4
191099505001025,4
191099505001026,4
191099505001027,4
191099505001028,4
191099505001029,4
191099505001030,4
191099505001031,4
191099505001032,4
191099505001033,4
191099505001034,4
191099505001035,4
191099505001036,4
191099505001037,4
191099505001038,4
191099505001039,4
191099505001042,4
191099505001043,4
191099505001044,4
191099505001045,4
191099505001046,4
191099505001047,4
191099505001048,4
191099505001049,4
191099505001050,4
191099505001051,4
191099505001052,4
191099505001053,4
191099505001054,4
191099505001055,4
191099505001056,4
191099505001057,4
191099505001058,4
191099505001059,4
191099505001060,4
191099505001061,4
191099505002000,4
191099505002001,4
191099505002002,4
191099505002003,4
191099505002004,4
191099505002005,4
191099505002006,4
191099505002007,4
191099505002008,4
191099505002009,4
191099505002010,4
191099505002011,4
191099505002012,4
191099505002013,4
191099505002014,4
191099505002015,4
191099505002016,4
191099505002017,4
191099505002018,4
191099505002019,4
191099505002020,4
191099505002021,4
191099505002022,4
191099505002023,4
191099505002024,4
191099505002025,4
191099505002026,4
191099505002027,4
191099505002028,4
191099505002029,4
191099505002030,4
191099505002031,4
191099505002032,4
191099505002033,4
191099505002034,4
191099505002035,4
191099505002036,4
191099505002037,4
191099505002038,4
191099505002039,4
191099505002040,4
191099505002041,4
191099505002042,4
191099505002043,4
191099505002044,4
191099505002045,4
191099505002046,4
191099505002047,4
191099505002048,4
191099505002049,4
191099505002050,4
191099505002051,4
191099505002052,4
191099505002053,4
191099505002054,4
191099505002055,4
191099505002056,4
191099505002057,4
191099505002058,4
191099505002059,4
191099505002060,4
191099505002061,4
191099505002062,4
191099505002063,4
191099505002064,4
191099505002065,4
191099505002066,4
191099505003003,4
191099505003004,4
191099505003005,4
191099505003006,4
191099505003007,4
191099505003008,4
191099505003009,4
191099505003010,4
191099505003011,4
191099505003012,4
191099505003013,4
191099505003014,4
191099505003015,4
191099505003016,4
191099505003017,4
191099505003018,4
191099505003019,4
191099505003020,4
191099505003021,4
191099505003022,4
191099505003023,4
191099505003024,4
191099505003025,4
191099505003026,4
191099505003027,4
191099505003028,4
191099505003029,4
191099505003030,4
191099505003031,4
191099505003032,4
191099505003033,4
191099505003034,4
191099505003035,4
191099505003036,4
191099505003037,4
191099505003041,4
191099505003042,4
191099505003043,4
191099505003044,4
191099505003045,4
191099505003046,4
191099505003047,4
191099505003048,4
191099505003051,4
191099505003052,4
191099506001018,4
191099506001019,4
191099506001020,4
191099506001021,4
191099506001022,4
191099506001023,4
191099506001033,4
191099506001034,4
191099506001035,4
191099506001036,4
191099506001037,4
191099506001038,4
191099506001039,4
191099506001040,4
191099506001041,4
191099506001042,4
191099506001043,4
191099506001044,4
191099506001045,4
191099506001046,4
191099506001051,4
191099506001052,4
191099506001053,4
191099506001054,4
191099506001055,4
191099506001056,4
191099506001057,4
191099506001058,4
191099506001059,4
191099506001060,4
191099506001061,4
191099506001062,4
191099506001063,4
191099506001064,4
191099506001073,4
191099506001074,4
191099506001075,4
191099506001076,4
191099506001077,4
191099506001078,4
191099506001082,4
191099506001083,4
191099506001084,4
191099506001125,4
191099506002081,4
191099506002082,4
191099506002090,4
191099506002093,4
191099506002094,4
191099506002095,4
191099506002101,4
191099506002102,4
191099506002103,4
191099506002104,4
191099506002105,4
191099506002106,4
191099506002107,4
191099506002108,4
191099506002109,4
191099506002110,4
191099506002111,4
191099506002112,4
191099506002113,4
191099506002114,4
191099506002115,4
191099506002116,4
191099506002117,4
191099506002118,4
191099506002119,4
191099506002120,4
191099506002121,4
191099506002122,4
191099506002123,4
191099506002124,4
191099506002125,4
191099506002126,4
191099506002127,4
191099506002128,4
191099506002129,4
191099506002130,4
191099506002131,4
191099506002132,4
191099506002133,4
191099506002134,4
191099506002135,4
191099506002136,4
191099506002137,4
191099506002138,4
191099506002139,4
191099506002140,4
191099506002142,4
191099506002143,4
191099506002147,4
191099506001065,4
191099506001066,4
191099506001067,4
191099506001068,4
191099506001069,4
191099506001070,4
191099506001071,4
191099506001072,4
191099506001085,4
191099506001122,4
191099506001123,4
191099506001124,4
191099506001126,4
191099506001127,4
191099506001128,4
191099506001129,4
191099506001130,4
191099506001131,4
191099506001132,4
191099506001133,4
191099506001137,4
191099506001138,4
191099506001140,4
191099506001141,4
191099506001142,4
191099506001143,4
191099506001144,4
191099506001145,4
191099506001146,4
191099506001147,4
191099506001148,4
191099506001149,4
191099506001150,4
191099506001151,4
191099506001152,4
191099506001153,4
191099506001154,4
191099506001155,4
191099506001156,4
191099506001157,4
191099506001158,4
191099506001159,4
191099506001160,4
191099506001161,4
191099506001162,4
191099506001163,4
191099506001164,4
191099506001165,4
191099506001166,4
191099506001167,4
191099506001168,4
191099506001169,4
191099506001174,4
191099506001175,4
191099506001176,4
191099506001177,4
191099506001224,4
191099506001228,4
191099506001229,4
191099506001230,4
191099506001233,4
191099506001235,4
191099506001086,4
191099506001087,4
191099506001088,4
191099506001099,4
191099506001103,4
191099506001104,4
191099506001105,4
191099506001106,4
191099506001112,4
191099506001113,4
191099506001114,4
191099506001115,4
191099506001116,4
191099506001117,4
191099506001118,4
191099506001119,4
191099506001120,4
191099506001121,4
191099506001170,4
191099506001171,4
191099506001172,4
191099506001173,4
191099506001178,4
191099506001179,4
191099506001180,4
191099506001181,4
191099506001182,4
191099506001183,4
191099506001184,4
191099506001185,4
191099506001186,4
191099506001187,4
191099506001188,4
191099506001189,4
191099506001190,4
191099506001191,4
191099506001192,4
191099506001193,4
191099506001194,4
191099506001195,4
191099506001196,4
191099506001197,4
191099506001198,4
191099506001199,4
191099506001200,4
191099506001207,4
191099506001208,4
191099506001209,4
191099506001210,4
191099506001211,4
191099506001215,4
191099506001216,4
191099506001217,4
191099506001218,4
191099506001219,4
191099506001220,4
191099506001221,4
191099506001222,4
191099506001223,4
191099506001225,4
191099506001226,4
191099506001227,4
191099506001134,4
191099506001135,4
191099506001136,4
191099506001139,4
191099506002008,4
191099506002009,4
191099506002010,4
191099506002011,4
191099506002012,4
191099506002013,4
191099506002014,4
191099506002015,4
191099506002016,4
191099506002017,4
191099506002018,4
191099506002019,4
191099506002020,4
191099506002021,4
191099506002024,4
191099506002025,4
191099506002026,4
191099506002027,4
191099506002028,4
191099506002029,4
191099506002030,4
191099506002031,4
191099506002032,4
191099506002033,4
191099506002034,4
191099506002035,4
191099506002036,4
191099506002037,4
191099506002038,4
191099506002039,4
191099506002040,4
191099506002041,4
191099506002069,4
191099506002070,4
191099506002071,4
191099506002074,4
191099506002075,4
191099506002076,4
191099506002077,4
191099506002078,4
191099506002079,4
191099506002080,4
191099506002083,4
191099506002084,4
191099506002085,4
191099506002086,4
191099506002087,4
191099506002088,4
191099506002089,4
191099506002091,4
191099506002092,4
191099506002144,4
191114901001000,2
191114901001001,2
191114901001002,2
191114901001003,2
191114901001004,2
191114901001005,2
191114901001006,2
191114901001007,2
191114901001008,2
191114901001009,2
191114901001010,2
191114901002000,2
191114901002001,2
191114901002002,2
191114901002003,2
191114901002004,2
191114901002005,2
191114901002006,2
191114901002007,2
191114901002008,2
191114901002009,2
191114901002010,2
191114901002011,2
191114901002012,2
191114901002013,2
191114901002014,2
191114901002015,2
191114901002016,2
191114901002017,2
191114901002018,2
191114901002019,2
191114901002020,2
191114901002021,2
191114901002022,2
191114901002023,2
191114901002024,2
191114901003000,2
191114901003001,2
191114901003002,2
191114901003003,2
191114901003004,2
191114901003005,2
191114901003006,2
191114901003007,2
191114901003008,2
191114901003009,2
191114901003010,2
191114901003011,2
191114901003012,2
191114901003013,2
191114901003014,2
191114901003015,2
191114901003016,2
191114901003017,2
191114901003018,2
191114901003019,2
191114901003020,2
191114901003021,2
191114901003022,2
191114901003023,2
191114901003024,2
191114901003025,2
191114901003026,2
191114901003027,2
191114901004000,2
191114901004001,2
191114901004002,2
191114901004003,2
191114901004004,2
191114901004005,2
191114901004006,2
191114901004007,2
191114901004008,2
191114901004009,2
191114901004010,2
191114901004011,2
191114901004012,2
191114901004013,2
191114901004014,2
191114901004015,2
191114901004016,2
191114901004017,2
191114901004018,2
191114901004019,2
191114901004020,2
191114901004021,2
191114901004022,2
191114901005009,2
191114901005010,2
191114901005011,2
191114901005014,2
191114901005015,2
191114901005016,2
191114901005017,2
191114901005018,2
191114901005020,2
191114901005021,2
191114901005026,2
191114901005027,2
191114901005035,2
191114901005036,2
191114901005037,2
191114901005038,2
191114901005039,2
191114901005040,2
191114901005041,2
191114901005042,2
191114901005043,2
191114902001000,2
191114902001001,2
191114902001002,2
191114902001003,2
191114902001004,2
191114902001005,2
191114902001006,2
191114902001007,2
191114902001008,2
191114902001009,2
191114902001010,2
191114902001011,2
191114902001012,2
191114902001013,2
191114902001014,2
191114902001015,2
191114902001016,2
191114902001017,2
191114902001018,2
191114902001019,2
191114902001020,2
191114902001021,2
191114902001022,2
191114902001023,2
191114902001024,2
191114902001025,2
191114902001026,2
191114902001027,2
191114902001028,2
191114902001029,2
191114902001030,2
191114902001031,2
191114902001032,2
191114902001033,2
191114902001034,2
191114902001035,2
191114902001036,2
191114902001037,2
191114902001038,2
191114902001039,2
191114902002000,2
191114902002001,2
191114902002002,2
191114902002003,2
191114902002004,2
191114902002005,2
191114902002006,2
191114902002007,2
191114902002008,2
191114902002009,2
191114902002010,2
191114902002011,2
191114902002012,2
191114902002013,2
191114902002014,2
191114902002015,2
191114902002016,2
191114902002017,2
191114902002018,2
191114902002019,2
191114902002020,2
191114902002021,2
191114902002022,2
191114902002023,2
191114902002024,2
191114902002025,2
191114902002026,2
191114902002027,2
191114902002028,2
191114902002029,2
191114902002030,2
191114902002031,2
191114902002032,2
191114902002034,2
191114902002035,2
191114902002036,2
191114902002039,2
191114902002040,2
191114902002041,2
191114902002042,2
191114902002043,2
191114902002044,2
191114902002045,2
191114902002046,2
191114902002054,2
191114902002059,2
191114902002060,2
191114902002061,2
191114902002062,2
191114902002063,2
191114902002068,2
191114902002069,2
191114902002070,2
191114902002071,2
191114902002072,2
191114902002073,2
191114902002074,2
191114902002075,2
191114902002076,2
191114902002078,2
191114902002081,2
191114902002082,2
191114902002087,2
191114902002096,2
191114902002097,2
191114902002098,2
191114902002099,2
191114902002101,2
191114902002103,2
191114902002104,2
191114902003000,2
191114902003001,2
191114902003002,2
191114902003003,2
191114902003004,2
191114902003005,2
191114902003006,2
191114902003007,2
191114902003008,2
191114902003009,2
191114902003010,2
191114902003011,2
191114902003012,2
191114902003013,2
191114902003014,2
191114902003015,2
191114902003016,2
191114902003017,2
191114902003018,2
191114902003019,2
191114902003020,2
191114902003021,2
191114902003022,2
191114902003023,2
191114902003024,2
191114902003025,2
191114902003026,2
191114902003027,2
191114902003028,2
191114902003029,2
191114902003030,2
191114902003031,2
191114902003032,2
191114902003033,2
191114902003034,2
191114902003035,2
191114902003036,2
191114902003037,2
191114902003038,2
191114902003039,2
191114902003040,2
191114902003041,2
191114902003042,2
191114902003043,2
191114902003044,2
191114902003045,2
191114902003046,2
191114902003047,2
191114902003048,2
191114902003049,2
191114902003050,2
191114902003051,2
191114902003052,2
191114902003053,2
191114902004007,2
191114902004009,2
191114902004010,2
191114902004011,2
191114902004012,2
191114902004013,2
191114902004014,2
191114902004015,2
191114902004020,2
191114902004021,2
191114902004022,2
191114902004023,2
191114902004024,2
191114902004025,2
191114902004026,2
191114902004027,2
191114902004028,2
191114902004029,2
191114902004030,2
191114902004031,2
191114902004032,2
191114902004033,2
191114902004034,2
191114902004035,2
191114902004036,2
191114902004037,2
191114902004038,2
191114902004039,2
191114902004040,2
191114902004041,2
191114902004042,2
191114902004043,2
191114902004044,2
191114902004045,2
191114902004046,2
191114902004047,2
191114902004048,2
191114902004049,2
191114902004050,2
191114902004051,2
191114903002038,2
191114911001000,2
191114911001001,2
191114911001002,2
191114911001003,2
191114911001004,2
191114911001005,2
191114911001006,2
191114911001007,2
191114911001008,2
191114911001009,2
191114911001010,2
191114911001011,2
191114911001012,2
191114911001013,2
191114911001014,2
191114911001015,2
191114911001016,2
191114911001017,2
191114911001018,2
191114911001019,2
191114911001020,2
191114911001021,2
191114911001022,2
191114911001023,2
191114911001024,2
191114911001025,2
191114911001026,2
191114911001027,2
191114911001028,2
191114911002003,2
191114911002006,2
191114911002010,2
191114911002014,2
191114911002015,2
191114911002016,2
191114911002017,2
191114911002019,2
191114911002020,2
191114911002021,2
191114911002022,2
191114911002023,2
191114911002024,2
191114911002025,2
191114911002026,2
191114911002027,2
191114911002028,2
191114911002029,2
191114911002030,2
191114911002031,2
191114911002032,2
191114911002033,2
191114911002034,2
191114911002035,2
191114911002036,2
191114911002037,2
191114911002038,2
191114911002039,2
191114911002040,2
191114911002041,2
191114911002042,2
191114911002043,2
191114911002044,2
191114911002045,2
191114911002046,2
191114911002047,2
191114911003001,2
191114911003002,2
191114911003003,2
191114911003004,2
191114911003005,2
191114911003006,2
191114911003010,2
191114911003011,2
191114911003012,2
191114911003013,2
191114911003014,2
191114911003017,2
191114911003020,2
191114911003021,2
191114911003022,2
191114911003023,2
191114911003024,2
191114911003025,2
191114911003026,2
191114911003027,2
191114911003028,2
191114911003029,2
191114911003030,2
191114911003031,2
191114911003032,2
191114911003033,2
191114911003034,2
191114901005000,2
191114901005006,2
191114901005007,2
191114901005008,2
191114902004002,2
191114902004003,2
191114902004004,2
191114902004005,2
191114902004006,2
191114902004008,2
191114902004016,2
191114902004017,2
191114902004018,2
191114902004019,2
191114903001059,2
191114903001060,2
191114903001061,2
191114903001064,2
191114903001065,2
191114903001066,2
191114903001069,2
191114903001070,2
191114903001071,2
191114903001072,2
191114903001077,2
191114903002002,2
191114903002003,2
191114903002004,2
191114903002006,2
191114903002007,2
191114903002008,2
191114903002009,2
191114903002010,2
191114903002014,2
191114903002015,2
191114903002016,2
191114903002017,2
191114903002018,2
191114903002022,2
191114903002023,2
191114903002025,2
191114903002026,2
191114903002027,2
191114903002028,2
191114903002029,2
191114903002030,2
191114903002031,2
191114903002032,2
191114903002033,2
191114903002034,2
191114903002035,2
191114903002037,2
191114903002039,2
191114903003046,2
191114903003047,2
191114903003048,2
191114903003073,2
191114903003074,2
191114903003085,2
191114904001057,2
191114911002000,2
191114911002001,2
191114911002002,2
191114911002004,2
191114911002005,2
191114911002007,2
191114911002008,2
191114911002009,2
191114911002011,2
191114911002012,2
191114911002013,2
191114911002018,2
191114911003000,2
191114911003007,2
191114911003008,2
191114911003009,2
191114911003015,2
191114911003016,2
191114911003018,2
191114911003019,2
191114901005001,2
191114901005002,2
191114901005029,2
191114901005030,2
191114901005031,2
191114903001068,2
191114903001073,2
191114903001074,2
191114903001075,2
191114903002011,2
191114903002012,2
191114903002013,2
191114903002019,2
191114903002020,2
191114903002021,2
191114903002024,2
191114903002041,2
191114904001023,2
191114904001024,2
191114904001025,2
191114904001026,2
191114904001027,2
191114904001028,2
191114904001029,2
191114904001030,2
191114904001031,2
191114904001032,2
191114904001033,2
191114904001034,2
191114904001037,2
191114904001038,2
191114904001039,2
191114904001040,2
191114904001041,2
191114904001043,2
191114904001044,2
191114904001049,2
191114904001050,2
191114904001053,2
191114904001054,2
191114904001055,2
191114904001056,2
191114904001058,2
191114904001059,2
191114904001062,2
191114904002002,2
191114904002003,2
191114904002004,2
191114904002005,2
191114904002006,2
191114904002007,2
191114904002008,2
191114904002009,2
191114904002010,2
191114904002011,2
191114904002012,2
191114904002013,2
191114904002014,2
191114904002015,2
191114904002016,2
191114904002017,2
191114904002018,2
191114904002019,2
191114904002020,2
191114904002021,2
191114904002022,2
191114904002023,2
191114904002024,2
191114904002025,2
191114904002026,2
191114904002027,2
191114904002028,2
191114904002029,2
191114904002030,2
191114904002031,2
191114904002032,2
191114904002033,2
191114904002034,2
191114904002035,2
191114904002036,2
191114904002037,2
191114904002038,2
191114904002039,2
191114904002040,2
191114904002041,2
191114904002042,2
191114904002043,2
191114904002044,2
191114904002045,2
191114904002046,2
191114904002047,2
191114904002048,2
191114904002049,2
191114904002050,2
191114904002051,2
191114904002055,2
191114905001087,2
191114905001088,2
191114905001094,2
191114901005003,2
191114901005004,2
191114901005005,2
191114901005012,2
191114901005013,2
191114901005019,2
191114901005022,2
191114901005023,2
191114901005024,2
191114901005025,2
191114901005028,2
191114901005032,2
191114901005033,2
191114901005034,2
191114901005044,2
191114902002033,2
191114902002037,2
191114902002038,2
191114902002047,2
191114902002048,2
191114902002049,2
191114902002050,2
191114902002051,2
191114902002052,2
191114902002053,2
191114902002055,2
191114902002056,2
191114902002057,2
191114902002058,2
191114902002064,2
191114902002065,2
191114902002066,2
191114902002067,2
191114902002077,2
191114902002079,2
191114902002080,2
191114902002083,2
191114902002084,2
191114902002085,2
191114902002086,2
191114902002088,2
191114902002089,2
191114902002090,2
191114902002091,2
191114902002092,2
191114902002093,2
191114902002094,2
191114902002095,2
191114902002100,2
191114902002102,2
191114903002040,2
191114904001047,2
191114904001048,2
191114904001051,2
191114904001052,2
191114904001060,2
191114904001061,2
191114905001092,2
191114905001093,2
191114905004000,2
191114905004001,2
191114905004002,2
191114905004003,2
191114905004004,2
191114905004005,2
191114905004006,2
191114905004007,2
191114905004008,2
191114905004009,2
191114905004010,2
191114905004011,2
191114905004012,2
191114905004013,2
191114905004014,2
191114905004015,2
191114905004016,2
191114905004017,2
191114905004018,2
191114905004019,2
191114905004020,2
191114905004021,2
191114905004022,2
191114905004023,2
191114905004024,2
191114905004025,2
191114905004026,2
191114905004027,2
191114905004028,2
191114905004029,2
191114905004030,2
191114905004031,2
191114905004032,2
191114905004033,2
191114905004043,2
191114905004048,2
191114902004000,2
191114902004001,2
191114903002000,2
191114903002001,2
191114903002005,2
191114903002036,2
191114903003000,2
191114903003001,2
191114903003002,2
191114903003003,2
191114903003004,2
191114903003005,2
191114903003006,2
191114903003007,2
191114903003008,2
191114903003009,2
191114903003010,2
191114903003011,2
191114903003012,2
191114903003013,2
191114903003014,2
191114903003015,2
191114903003016,2
191114903003017,2
191114903003018,2
191114903003019,2
191114903003020,2
191114903003021,2
191114903003022,2
191114903003023,2
191114903003024,2
191114903003025,2
191114903003026,2
191114903003027,2
191114903003028,2
191114903003029,2
191114903003033,2
191114903003034,2
191114903003035,2
191114903003036,2
191114903003037,2
191114903003038,2
191114903003042,2
191114903003043,2
191114903003044,2
191114903003049,2
191114903003050,2
191114903003051,2
191114903003052,2
191114903003053,2
191114903003054,2
191114903003055,2
191114903003056,2
191114903003057,2
191114903003058,2
191114903003059,2
191114903003060,2
191114903003061,2
191114903003062,2
191114903003063,2
191114903003064,2
191114903003065,2
191114903003066,2
191114903003067,2
191114903003068,2
191114903003069,2
191114903003070,2
191114903003071,2
191114903003072,2
191114903003075,2
191114903003076,2
191114903003077,2
191114903003078,2
191114903003079,2
191114903003080,2
191114903003081,2
191114903003082,2
191114903003083,2
191114903003084,2
191114903003086,2
191114903001000,2
191114903001001,2
191114903001002,2
191114903001003,2
191114903001006,2
191114903001007,2
191114903001008,2
191114903001009,2
191114903001010,2
191114903001011,2
191114903001012,2
191114903001013,2
191114903001014,2
191114903001015,2
191114903001016,2
191114903001017,2
191114903001018,2
191114903001019,2
191114903001020,2
191114903001021,2
191114903001022,2
191114903001023,2
191114903001024,2
191114903001025,2
191114903001026,2
191114903001027,2
191114903001028,2
191114903001029,2
191114903001030,2
191114903001031,2
191114903001032,2
191114903001033,2
191114903001034,2
191114903001035,2
191114903001036,2
191114903001037,2
191114903001038,2
191114903001039,2
191114903001040,2
191114903001041,2
191114903001042,2
191114903001043,2
191114903001044,2
191114903001045,2
191114903001046,2
191114903001047,2
191114903001048,2
191114903001049,2
191114903001050,2
191114903001051,2
191114903001052,2
191114903001053,2
191114903001054,2
191114903001055,2
191114903001056,2
191114903001057,2
191114903001058,2
191114903001062,2
191114903001076,2
191114903003030,2
191114903003031,2
191114903003032,2
191114903003039,2
191114903003040,2
191114903003041,2
191114903003045,2
191114903001004,2
191114903001005,2
191114903001063,2
191114903001067,2
191114904001000,2
191114904001001,2
191114904001002,2
191114904001003,2
191114904001004,2
191114904001007,2
191114904001008,2
191114904001009,2
191114904001012,2
191114904001013,2
191114904001014,2
191114904001015,2
191114904001016,2
191114904001017,2
191114904001018,2
191114904001019,2
191114904001020,2
191114904001021,2
191114904001022,2
191114904001035,2
191114904001036,2
191114904002000,2
191114904002001,2
191114904003123,2
191114904001005,2
191114904001006,2
191114904001010,2
191114904001011,2
191114904003000,2
191114904003001,2
191114904003002,2
191114904003003,2
191114904003004,2
191114904003005,2
191114904003039,2
191114904003041,2
191114904003042,2
191114904003043,2
191114904003044,2
191114904003045,2
191114904003046,2
191114904003047,2
191114904003048,2
191114904003049,2
191114904003050,2
191114904003051,2
191114904003052,2
191114904003056,2
191114904003057,2
191114904003058,2
191114904003059,2
191114904003060,2
191114904003061,2
191114904003062,2
191114904003063,2
191114904003066,2
191114904003067,2
191114904003068,2
191114904003069,2
191114904003070,2
191114904003071,2
191114904003072,2
191114904003073,2
191114904003074,2
191114904003075,2
191114904003076,2
191114904003077,2
191114904003078,2
191114904003079,2
191114904003108,2
191114904003109,2
191114904003110,2
191114904003111,2
191114904003112,2
191114904003113,2
191114904003116,2
191114904003117,2
191114904003118,2
191114904003119,2
191114904003120,2
191114904003121,2
191114904001042,2
191114904001045,2
191114904001046,2
191114904002052,2
191114904002053,2
191114904002054,2
191114904003114,2
191114904003115,2
191114904003122,2
191114905001000,2
191114905001001,2
191114905001002,2
191114905001003,2
191114905001004,2
191114905001005,2
191114905001006,2
191114905001007,2
191114905001008,2
191114905001025,2
191114905001026,2
191114905001027,2
191114905001028,2
191114905001029,2
191114905001030,2
191114905001031,2
191114905001032,2
191114905001033,2
191114905001034,2
191114905001037,2
191114905001038,2
191114905001039,2
191114905001040,2
191114905001041,2
191114905001042,2
191114905001043,2
191114905001044,2
191114905001045,2
191114905001046,2
191114905001052,2
191114905001054,2
191114905001055,2
191114905001056,2
191114905001057,2
191114905001058,2
191114905001060,2
191114905001061,2
191114905001062,2
191114905001063,2
191114905001064,2
191114905001065,2
191114905001066,2
191114905001067,2
191114905001068,2
191114905001069,2
191114905001070,2
191114905001071,2
191114905001072,2
191114905001073,2
191114905001074,2
191114905001075,2
191114905001076,2
191114905001077,2
191114905001078,2
191114905001079,2
191114905001080,2
191114905001081,2
191114905001082,2
191114905001083,2
191114905001086,2
191114905001089,2
191114905002024,2
191114905002025,2
191114905005026,2
191114905005027,2
191114905005075,2
191114904003006,2
191114904003007,2
191114904003008,2
191114904003009,2
191114904003010,2
191114904003011,2
191114904003012,2
191114904003013,2
191114904003014,2
191114904003015,2
191114904003016,2
191114904003017,2
191114904003018,2
191114904003019,2
191114904003020,2
191114904003021,2
191114904003022,2
191114904003023,2
191114904003024,2
191114904003025,2
191114904003026,2
191114904003027,2
191114904003028,2
191114904003029,2
191114904003030,2
191114904003031,2
191114904003032,2
191114904003033,2
191114904003034,2
191114904003035,2
191114904003038,2
191114904003064,2
191114904003065,2
191114904003080,2
191114904003081,2
191114904003082,2
191114904003083,2
191114904003084,2
191114904003085,2
191114904003086,2
191114904003087,2
191114904003088,2
191114904003089,2
191114904003090,2
191114904003091,2
191114904003092,2
191114904003093,2
191114904003094,2
191114904003095,2
191114904003096,2
191114904003097,2
191114904003098,2
191114904003099,2
191114904003100,2
191114904003101,2
191114904003102,2
191114904003103,2
191114904003104,2
191114904003105,2
191114904003106,2
191114904003107,2
191114904003036,2
191114904003037,2
191114904003040,2
191114904003053,2
191114904003054,2
191114904003055,2
191114905001009,2
191114905001010,2
191114905001011,2
191114905001012,2
191114905001013,2
191114905001014,2
191114905001015,2
191114905001016,2
191114905001017,2
191114905001018,2
191114905001019,2
191114905001020,2
191114905001021,2
191114905001022,2
191114905001023,2
191114905001024,2
191114905001035,2
191114905001036,2
191114905001047,2
191114905001048,2
191114905001049,2
191114905001050,2
191114905001051,2
191114905005000,2
191114905005001,2
191114905005002,2
191114905005003,2
191114905005004,2
191114905005005,2
191114905005006,2
191114905005007,2
191114905005008,2
191114905005009,2
191114905005010,2
191114905005011,2
191114905005012,2
191114905005013,2
191114905005014,2
191114905005015,2
191114905005016,2
191114905005017,2
191114905005018,2
191114905005019,2
191114905005020,2
191114905005021,2
191114905005022,2
191114905005023,2
191114905005024,2
191114905005025,2
191114905005028,2
191114905005029,2
191114905005030,2
191114905005031,2
191114905005032,2
191114905005033,2
191114905005034,2
191114905005035,2
191114905005036,2
191114905005037,2
191114905005038,2
191114905005039,2
191114905005040,2
191114905005041,2
191114905005042,2
191114905005043,2
191114905001053,2
191114905001059,2
191114905001090,2
191114905001091,2
191114905002000,2
191114905002001,2
191114905002002,2
191114905002003,2
191114905002004,2
191114905002005,2
191114905002006,2
191114905002007,2
191114905002008,2
191114905002009,2
191114905002010,2
191114905002011,2
191114905002012,2
191114905002013,2
191114905002014,2
191114905002015,2
191114905002016,2
191114905002017,2
191114905002018,2
191114905002019,2
191114905002020,2
191114905002021,2
191114905002022,2
191114905002023,2
191114905002026,2
191114905002027,2
191114905002028,2
191114905002029,2
191114905002030,2
191114905002031,2
191114905002032,2
191114905002033,2
191114905002034,2
191114905002035,2
191114905002036,2
191114905002037,2
191114905002038,2
191114905002039,2
191114905002040,2
191114905002041,2
191114905002042,2
191114905002043,2
191114905002044,2
191114905002045,2
191114905002046,2
191114905002047,2
191114905002048,2
191114905003002,2
191114905003007,2
191114905003008,2
191114905003009,2
191114905003010,2
191114905001084,2
191114905001085,2
191114905003000,2
191114905003001,2
191114905003003,2
191114905003004,2
191114905003005,2
191114905003006,2
191114905003011,2
191114905003012,2
191114905003013,2
191114905003014,2
191114905003015,2
191114905003016,2
191114905003017,2
191114905003018,2
191114905003019,2
191114905003020,2
191114905003021,2
191114905003022,2
191114905003023,2
191114905003024,2
191114905003025,2
191114905003026,2
191114905003027,2
191114905003028,2
191114905003029,2
191114905003030,2
191114905003031,2
191114905003032,2
191114905003033,2
191114905003034,2
191114905003035,2
191114905003036,2
191114905003039,2
191114905003040,2
191114905003041,2
191114905003042,2
191114905003043,2
191114905003044,2
191114905003045,2
191114905003046,2
191114905003047,2
191114905003062,2
191114905004034,2
191114905004035,2
191114905004036,2
191114905004037,2
191114905004038,2
191114905004039,2
191114905004040,2
191114905004041,2
191114905004042,2
191114905004046,2
191114905003037,2
191114905003038,2
191114905003048,2
191114905003049,2
191114905003050,2
191114905003051,2
191114905003052,2
191114905003053,2
191114905003054,2
191114905003055,2
191114905003056,2
191114905003057,2
191114905003058,2
191114905003059,2
191114905003060,2
191114905004045,2
191114905004047,2
191114905005082,2
191114906001007,2
191114906001008,2
191114906001009,2
191114906001010,2
191114906001011,2
191114906003006,2
191114906003007,2
191114906003008,2
191114906003043,2
191114906003044,2
191114906004002,2
191114906004003,2
191114906004004,2
191114906004005,2
191114906004006,2
191114906004007,2
191114906004008,2
191114906004009,2
191114906004010,2
191114906004011,2
191114906004012,2
191114906004015,2
191114906004016,2
191114906004017,2
191114906004018,2
191114906004019,2
191114906004020,2
191114906004021,2
191114906004022,2
191114906004023,2
191114906004024,2
191114906004025,2
191114906004026,2
191114906004027,2
191114906004028,2
191114906004029,2
191114906004030,2
191114906004031,2
191114906004032,2
191114906004033,2
191114906004034,2
191114906004035,2
191114906004036,2
191114906004037,2
191114906004039,2
191114906004040,2
191114906004041,2
191114906004042,2
191114906004043,2
191114906004044,2
191114906004045,2
191114906004046,2
191114906004047,2
191114906004048,2
191114906004049,2
191114906004050,2
191114906004051,2
191114906004052,2
191114906004053,2
191114906004054,2
191114906004055,2
191114906004056,2
191114906004057,2
191114905003061,2
191114905003063,2
191114905005044,2
191114905005045,2
191114905005046,2
191114905005047,2
191114905005048,2
191114905005049,2
191114905005050,2
191114905005051,2
191114905005052,2
191114905005053,2
191114905005054,2
191114905005055,2
191114905005056,2
191114905005057,2
191114905005058,2
191114905005059,2
191114905005060,2
191114905005061,2
191114905005062,2
191114905005063,2
191114905005064,2
191114905005065,2
191114905005066,2
191114905005067,2
191114905005068,2
191114905005069,2
191114905005070,2
191114905005071,2
191114905005072,2
191114905005073,2
191114905005074,2
191114905005076,2
191114905005077,2
191114905005078,2
191114905005079,2
191114905005080,2
191114905005081,2
191114905005083,2
191114906004013,2
191114906004014,2
191114905004044,2
191114906002000,2
191114906002001,2
191114906002002,2
191114906002003,2
191114906002004,2
191114906002005,2
191114906002006,2
191114906002007,2
191114906002008,2
191114906002009,2
191114906002010,2
191114906002011,2
191114906002012,2
191114906002013,2
191114906002014,2
191114906002015,2
191114906002016,2
191114906002017,2
191114906002018,2
191114906002019,2
191114906002020,2
191114906002021,2
191114906002022,2
191114906002023,2
191114906002024,2
191114906002025,2
191114906002026,2
191114906002027,2
191114906002028,2
191114906002029,2
191114906002030,2
191114906002031,2
191114906002032,2
191114906002033,2
191114906002034,2
191114906002035,2
191114906002036,2
191114906002037,2
191114906002038,2
191114906002039,2
191114906002040,2
191114906002041,2
191114906002042,2
191114906002043,2
191114906002044,2
191114906002045,2
191114906002046,2
191114906002047,2
191114906002048,2
191114906002049,2
191114906002050,2
191114906002051,2
191114906002052,2
191114906002053,2
191114906002054,2
191114906002055,2
191114906002056,2
191114906002057,2
191114906002058,2
191114906002059,2
191114906002060,2
191114906002061,2
191114906002062,2
191114906002063,2
191114906002064,2
191114906002065,2
191114906002066,2
191114906002067,2
191114906002068,2
191114906002069,2
191114906002070,2
191114906002071,2
191114906002072,2
191114906002073,2
191114906003000,2
191114906003001,2
191114906003002,2
191114906003003,2
191114906003004,2
191114906003005,2
191114906003009,2
191114906003010,2
191114906003011,2
191114906003012,2
191114906003013,2
191114906003014,2
191114906003015,2
191114906003016,2
191114906003017,2
191114906003018,2
191114906003019,2
191114906003020,2
191114906003021,2
191114906003022,2
191114906003023,2
191114906003024,2
191114906003025,2
191114906003026,2
191114906003027,2
191114906003028,2
191114906003029,2
191114906003030,2
191114906003031,2
191114906003032,2
191114906003033,2
191114906003034,2
191114906003035,2
191114906003036,2
191114906003037,2
191114906003038,2
191114906003039,2
191114906003040,2
191114906003041,2
191114906003045,2
191114906004000,2
191114906004001,2
191114906004038,2
191114906001000,2
191114906001001,2
191114906001002,2
191114906001003,2
191114906001004,2
191114906001005,2
191114906001006,2
191114906001012,2
191114906001013,2
191114906001014,2
191114906001015,2
191114906001016,2
191114906001017,2
191114906001018,2
191114906001019,2
191114906001020,2
191114906001021,2
191114906001022,2
191114906001023,2
191114906001024,2
191114906001025,2
191114906001026,2
191114906001027,2
191114906001028,2
191114906001029,2
191114906001030,2
191114906001031,2
191114906001032,2
191114906001033,2
191114906001034,2
191114906003042,2
191114906003046,2
191114906003047,2
191114906003048,2
191114907001000,2
191114907001001,2
191114907001002,2
191114907001003,2
191114907001004,2
191114907001005,2
191114907001006,2
191114907001007,2
191114907001008,2
191114907001009,2
191114907001010,2
191114907001011,2
191114907001012,2
191114907001013,2
191114907001014,2
191114907001015,2
191114907001016,2
191114907001017,2
191114907001018,2
191114907001019,2
191114907001020,2
191114907001021,2
191114907001022,2
191114907001023,2
191114907001024,2
191114907001025,2
191114907001026,2
191114907001027,2
191114907001028,2
191114907001029,2
191114907001030,2
191114907001031,2
191114907001032,2
191114907001033,2
191114907001034,2
191114907001035,2
191114907002000,2
191114907002001,2
191114907002002,2
191114907002003,2
191114907002004,2
191114907002005,2
191114907002006,2
191114907002007,2
191114907002008,2
191114907002009,2
191114907002010,2
191114907002011,2
191114907002012,2
191114907002013,2
191114907002014,2
191114907003000,2
191114907003001,2
191114907003002,2
191114907003003,2
191114907003004,2
191114907003005,2
191114907003006,2
191114907003007,2
191114907003008,2
191114907003009,2
191114907003010,2
191114907003011,2
191114907003012,2
191114907003013,2
191114907003014,2
191114907003015,2
191114907003016,2
191114907003017,2
191114907003018,2
191114907003019,2
191114907003020,2
191114907003021,2
191114907003022,2
191114907003023,2
191114907003024,2
191114907003025,2
191114907003026,2
191114907003027,2
191114907003028,2
191114907003029,2
191114907003030,2
191114907003031,2
191114907003032,2
191114907003033,2
191114907003034,2
191114907003035,2
191114907003036,2
191114907003037,2
191114907003038,2
191114907003039,2
191114907003040,2
191114907003041,2
191114907003042,2
191114907003043,2
191114907004000,2
191114907004001,2
191114907004002,2
191114907004003,2
191114907004004,2
191114907004005,2
191114907004006,2
191114907004007,2
191114907004008,2
191114907004009,2
191114907004010,2
191114907005000,2
191114907005001,2
191114907005002,2
191114907005003,2
191114907005004,2
191114907005005,2
191114907005006,2
191114907005007,2
191114907005008,2
191114907005009,2
191114907005010,2
191114907005011,2
191114907005012,2
191114907005013,2
191114907005014,2
191114907005015,2
191114907005016,2
191114908001000,2
191114908001001,2
191114908001002,2
191114908001003,2
191114908001004,2
191114908001005,2
191114908001006,2
191114908001007,2
191114908001008,2
191114908001009,2
191114908001010,2
191114908001011,2
191114908001012,2
191114908001013,2
191114908001014,2
191114908001015,2
191114908001016,2
191114908001017,2
191114908001018,2
191114908001019,2
191114908001020,2
191114908001021,2
191114908001022,2
191114908001023,2
191114908001024,2
191114908001025,2
191114908001026,2
191114908001027,2
191114908001028,2
191114908001029,2
191114908001030,2
191114908001031,2
191114908001032,2
191114908001033,2
191114908001034,2
191114908001035,2
191114908001036,2
191114908001037,2
191114908001038,2
191114908001039,2
191114908001040,2
191114908001041,2
191114908001042,2
191114908001043,2
191114908001044,2
191114908001045,2
191114908001046,2
191114908001047,2
191114908001048,2
191114908002000,2
191114908002001,2
191114908002002,2
191114908002003,2
191114908002004,2
191114908002005,2
191114908002006,2
191114908002007,2
191114908002008,2
191114908002009,2
191114908002010,2
191114908002011,2
191114908002012,2
191114908002013,2
191114908002014,2
191114908002015,2
191114908002016,2
191114908002017,2
191114908002018,2
191114908002019,2
191114908002020,2
191114908002021,2
191114908002022,2
191114908002023,2
191114908002024,2
191114908003000,2
191114908003001,2
191114908003002,2
191114908003003,2
191114908003004,2
191114908003005,2
191114908003006,2
191114908003007,2
191114908003008,2
191114908003009,2
191114908003010,2
191114908003011,2
191114908003012,2
191114908003013,2
191114908003014,2
191114908003015,2
191114908003016,2
191114908003017,2
191114908003018,2
191114908003019,2
191114908003020,2
191114908003021,2
191114908003022,2
191114908003023,2
191114908003024,2
191114908003025,2
191114908003026,2
191114908003027,2
191114908003028,2
191114908003029,2
191114908003030,2
191114908003031,2
191114908003032,2
191114908003033,2
191114908003034,2
191114908003035,2
191114908003036,2
191114908003037,2
191114908003038,2
191114908003039,2
191114908003040,2
191114908003041,2
191114908003042,2
191114908003043,2
191114908003044,2
191114908003045,2
191114908003046,2
191114908003047,2
191114908003048,2
191114909001000,2
191114909001001,2
191114909001002,2
191114909001003,2
191114909001004,2
191114909001005,2
191114909001006,2
191114909001007,2
191114909001008,2
191114909001009,2
191114909001010,2
191114909001011,2
191114909001012,2
191114909001013,2
191114909001014,2
191114909001015,2
191114909001016,2
191114909001017,2
191114909001018,2
191114909001019,2
191114909001020,2
191114909001021,2
191114909001022,2
191114909001023,2
191114909001024,2
191114909001025,2
191114909001026,2
191114909001027,2
191114909001028,2
191114909001029,2
191114909001030,2
191114909002000,2
191114909002001,2
191114909002002,2
191114909002003,2
191114909002004,2
191114909002005,2
191114909002006,2
191114909002007,2
191114909002008,2
191114909002009,2
191114909002010,2
191114909002011,2
191114909002012,2
191114909002013,2
191114909002014,2
191114909002015,2
191114909002016,2
191114909002017,2
191114909002018,2
191114909002019,2
191114909002020,2
191114909002021,2
191114909002022,2
191114909002023,2
191114909002024,2
191114909002025,2
191114909002026,2
191114909002027,2
191114909002028,2
191114909002029,2
191114909002030,2
191114909003000,2
191114909003001,2
191114909003002,2
191114909003003,2
191114909003004,2
191114909003005,2
191114909003006,2
191114909003007,2
191114909003008,2
191114909003009,2
191114909003010,2
191114909003011,2
191114909003012,2
191114909003013,2
191114909003014,2
191114909003015,2
191114909003016,2
191114909003017,2
191114909003018,2
191114909003019,2
191114909003020,2
191114909003021,2
191114909003022,2
191114909003023,2
191114910001000,2
191114910001001,2
191114910001002,2
191114910001003,2
191114910001004,2
191114910001005,2
191114910001006,2
191114910001007,2
191114910001008,2
191114910001009,2
191114910001010,2
191114910001011,2
191114910001012,2
191114910001013,2
191114910001014,2
191114910001015,2
191114910001016,2
191114910001017,2
191114910001018,2
191114910001019,2
191114910001020,2
191114910001021,2
191114910001022,2
191114910001023,2
191114910001024,2
191114910001025,2
191114910001026,2
191114910001027,2
191114910001028,2
191114910001029,2
191114910001030,2
191114910001031,2
191114910001032,2
191114910001033,2
191114910001034,2
191114910001035,2
191114910002000,2
191114910002001,2
191114910002002,2
191114910002003,2
191114910002004,2
191114910002005,2
191114910002006,2
191114910002007,2
191114910002008,2
191114910002009,2
191114910002010,2
191114910002011,2
191114910002012,2
191114910002013,2
191114910002014,2
191114910002015,2
191114910002016,2
191114910002017,2
191114910002018,2
191114910002019,2
191114910002020,2
191114910002021,2
191114910002022,2
191114910002023,2
191114910002024,2
191114910002025,2
191114910002026,2
191114910002027,2
191114910002028,2
191114910002029,2
191114910002030,2
191114910002031,2
191114910002032,2
191114910002033,2
191114910002034,2
191114910002035,2
191114910002036,2
191114910002037,2
191114910002038,2
191114910002039,2
191114910002040,2
191114910003000,2
191114910003001,2
191114910003002,2
191114910003003,2
191114910003004,2
191114910003005,2
191114910003006,2
191114910003007,2
191114910003008,2
191114910003009,2
191114910003010,2
191114910003011,2
191114910003012,2
191114910003013,2
191114910003014,2
191114910003015,2
191114910003016,2
191114910003017,2
191114910003018,2
191114910003019,2
191114910003020,2
191114910003021,2
191114910003022,2
191114910003023,2
191114910003024,2
191114910003025,2
191114910003026,2
191114910003027,2
191114910003028,2
191114910003029,2
191114910003030,2
191114910003031,2
191114910003032,2
191130001011000,1
191130001011001,1
191130001011006,1
191130001011007,1
191130001011009,1
191130001011010,1
191130001011012,1
191130001011013,1
191130001011015,1
191130001011018,1
191130001013000,1
191130001013001,1
191130001013002,1
191130001013012,1
191130001013027,1
191130002082000,1
191130002082001,1
191130002082003,1
191130002082017,1
191130002082020,1
191130002082021,1
191130002082022,1
191130002082023,1
191130002082025,1
191130002082033,1
191130002101000,1
191130002113000,1
191130002113001,1
191130002113004,1
191130002113012,1
191130105001000,1
191130105001001,1
191130105001002,1
191130105001003,1
191130105001004,1
191130105001005,1
191130105001006,1
191130105001007,1
191130105001008,1
191130105001009,1
191130105001010,1
191130105001011,1
191130105001012,1
191130105001013,1
191130105001014,1
191130105001015,1
191130105001016,1
191130105001017,1
191130105001018,1
191130105001019,1
191130105001020,1
191130105001021,1
191130105001022,1
191130105001023,1
191130105001024,1
191130105001026,1
191130105001029,1
191130105001030,1
191130105001031,1
191130105001032,1
191130105001033,1
191130105001034,1
191130105001035,1
191130105001036,1
191130105001037,1
191130105001038,1
191130105001043,1
191130105001049,1
191130105001050,1
191130105001051,1
191130105001074,1
191130105001075,1
191130105001076,1
191130105001077,1
191130105001078,1
191130105001079,1
191130105001080,1
191130105001081,1
191130105001082,1
191130105001083,1
191130105001084,1
191130105001085,1
191130105001086,1
191130105001087,1
191130105001088,1
191130105001089,1
191130105001090,1
191130105001092,1
191130105001101,1
191130105001102,1
191130105001103,1
191130105001104,1
191130105001107,1
191130105001108,1
191130105001109,1
191130105001110,1
191130105001111,1
191130105001112,1
191130105001113,1
191130105001114,1
191130105001115,1
191130105001116,1
191130105001117,1
191130105001118,1
191130105001119,1
191130105002000,1
191130105002001,1
191130105002002,1
191130105002003,1
191130105002004,1
191130105002005,1
191130105002006,1
191130105002007,1
191130105002015,1
191130106001116,1
191130001011002,1
191130001011003,1
191130001011004,1
191130001011005,1
191130001011008,1
191130001011011,1
191130001011014,1
191130001011017,1
191130001011019,1
191130001011020,1
191130001011021,1
191130001011022,1
191130001011023,1
191130001011028,1
191130001011029,1
191130001011047,1
191130001011048,1
191130001011049,1
191130001012011,1
191130001012012,1
191130001012018,1
191130001013003,1
191130001013004,1
191130001013005,1
191130001013006,1
191130001013007,1
191130001013008,1
191130001013009,1
191130001013010,1
191130001013011,1
191130001013016,1
191130001013017,1
191130001013018,1
191130001013019,1
191130001013020,1
191130001013022,1
191130001013023,1
191130001013024,1
191130001013025,1
191130004002000,1
191130004002001,1
191130004002002,1
191130004002003,1
191130004002004,1
191130004002005,1
191130004002006,1
191130004002007,1
191130004002008,1
191130004002009,1
191130004002010,1
191130004002011,1
191130004002012,1
191130004004000,1
191130004004001,1
191130004004002,1
191130004004003,1
191130004004004,1
191130004004005,1
191130004004006,1
191130004004007,1
191130004004009,1
191130004004010,1
191130004004011,1
191130004004012,1
191130004004013,1
191130004004014,1
191130004004018,1
191130004005000,1
191130004005001,1
191130004005002,1
191130004005003,1
191130004005004,1
191130004005005,1
191130105001025,1
191130105001027,1
191130105001028,1
191130001011016,1
191130001021000,1
191130001021001,1
191130001021002,1
191130001021003,1
191130001021004,1
191130001021005,1
191130001021006,1
191130001021007,1
191130001021008,1
191130001021009,1
191130001021010,1
191130001021011,1
191130001021012,1
191130001021013,1
191130001021014,1
191130001021021,1
191130001021022,1
191130001021029,1
191130001023000,1
191130001023024,1
191130105001039,1
191130105001040,1
191130105001041,1
191130105001042,1
191130105001044,1
191130105001045,1
191130105001046,1
191130105001047,1
191130105001048,1
191130105001053,1
191130105001054,1
191130105001055,1
191130105001056,1
191130105001057,1
191130105001058,1
191130105001059,1
191130105001060,1
191130105001061,1
191130105001062,1
191130105001063,1
191130105001064,1
191130001011024,1
191130001011025,1
191130001011026,1
191130001011027,1
191130001011030,1
191130001011031,1
191130001011032,1
191130001011033,1
191130001011034,1
191130001011035,1
191130001011036,1
191130001011037,1
191130001011038,1
191130001011039,1
191130001011040,1
191130001011041,1
191130001011042,1
191130001011043,1
191130001011044,1
191130001011045,1
191130001011046,1
191130001012000,1
191130001012001,1
191130001012002,1
191130001012003,1
191130001012004,1
191130001012005,1
191130001012006,1
191130001012007,1
191130001012008,1
191130001012009,1
191130001012010,1
191130001012019,1
191130001012020,1
191130001012021,1
191130001012022,1
191130004001000,1
191130004001001,1
191130004001002,1
191130004001003,1
191130004001004,1
191130001012013,1
191130001012014,1
191130001012015,1
191130001012016,1
191130001012017,1
191130001013013,1
191130001013014,1
191130001013015,1
191130001013021,1
191130001013026,1
191130002082011,1
191130002082027,1
191130002082032,1
191130003003000,1
191130003003001,1
191130003003002,1
191130003003003,1
191130003003004,1
191130003003015,1
191130001021015,1
191130001021016,1
191130001021017,1
191130001021018,1
191130001021019,1
191130001021020,1
191130001021023,1
191130001021024,1
191130001021025,1
191130001021026,1
191130001021027,1
191130001021028,1
191130001031000,1
191130001031001,1
191130001031002,1
191130001031003,1
191130001031004,1
191130001031005,1
191130001031006,1
191130001031007,1
191130001031008,1
191130001031009,1
191130001031010,1
191130001031011,1
191130001031012,1
191130001031013,1
191130001031014,1
191130001031015,1
191130001031016,1
191130001031017,1
191130001031018,1
191130001031019,1
191130001031020,1
191130001031021,1
191130001031022,1
191130001033000,1
191130001033001,1
191130001033002,1
191130001033003,1
191130001033005,1
191130001033006,1
191130001033007,1
191130005001009,1
191130005001010,1
191130005001011,1
191130005001012,1
191130005001023,1
191130005001024,1
191130105001052,1
191130105001065,1
191130105001066,1
191130105001067,1
191130105001068,1
191130105001069,1
191130105001070,1
191130105001071,1
191130105001072,1
191130105001073,1
191130105001091,1
191130105001093,1
191130105001094,1
191130105001095,1
191130105001096,1
191130105001097,1
191130105001098,1
191130105001099,1
191130105001100,1
191130105001105,1
191130105001106,1
191130001022000,1
191130001022001,1
191130001022002,1
191130001022003,1
191130001022004,1
191130001022005,1
191130001022006,1
191130001022007,1
191130001022008,1
191130001022009,1
191130001022010,1
191130001022011,1
191130001023001,1
191130001023002,1
191130001023003,1
191130001023004,1
191130001023005,1
191130001023006,1
191130001023007,1
191130001023008,1
191130001023009,1
191130001023010,1
191130001023011,1
191130001023012,1
191130001023013,1
191130001023014,1
191130001023015,1
191130001023016,1
191130001023017,1
191130001023018,1
191130001023019,1
191130001023020,1
191130001023025,1
191130001023026,1
191130001022012,1
191130001022013,1
191130001022014,1
191130001022015,1
191130001022016,1
191130001022017,1
191130001022018,1
191130001022019,1
191130001022020,1
191130001022021,1
191130001022022,1
191130001023021,1
191130001023022,1
191130001023023,1
191130001023027,1
191130004001005,1
191130004001006,1
191130004001007,1
191130004001008,1
191130004001009,1
191130004001010,1
191130004001011,1
191130004001012,1
191130004001013,1
191130004001014,1
191130004001015,1
191130004003000,1
191130004003001,1
191130004003002,1
191130004003003,1
191130004003004,1
191130004003005,1
191130004003006,1
191130004003007,1
191130004003008,1
191130004003009,1
191130004003010,1
191130004003011,1
191130004003012,1
191130004003013,1
191130004003014,1
191130004003015,1
191130004003016,1
191130004003017,1
191130004003018,1
191130004003019,1
191130004003020,1
191130004003021,1
191130004003022,1
191130004003023,1
191130004003024,1
191130004003025,1
191130004003026,1
191130004003027,1
191130004003028,1
191130004003029,1
191130004003030,1
191130004003031,1
191130004003032,1
191130004003033,1
191130004003034,1
191130004003035,1
191130004003036,1
191130004003037,1
191130004003038,1
191130004003039,1
191130004003040,1
191130004003041,1
191130004003042,1
191130004003043,1
191130004003044,1
191130004004008,1
191130004004015,1
191130004004016,1
191130004004017,1
191130004004022,1
191130004004023,1
191130004004024,1
191130004004028,1
191130004004029,1
191130004004030,1
191130004004031,1
191130004004040,1
191130004004041,1
191130004004042,1
191130004004048,1
191130004004049,1
191130001031023,1
191130001032000,1
191130001032001,1
191130001032002,1
191130001032004,1
191130001033004,1
191130001033008,1
191130001033009,1
191130001033010,1
191130005003000,1
191130005003003,1
191130005003004,1
191130005003013,1
191130005003015,1
191130005003016,1
191130005003018,1
191130005003019,1
191130005003021,1
191130006001014,1
191130006001017,1
191130006001021,1
191130015002000,1
191130015002001,1
191130015002002,1
191130015002004,1
191130015002014,1
191130015002016,1
191130016004008,1
191130016005000,1
191130016005001,1
191130001032003,1
191130001032005,1
191130001032006,1
191130001032007,1
191130001032008,1
191130001032009,1
191130001032010,1
191130001032011,1
191130001032012,1
191130001032013,1
191130001032014,1
191130001032015,1
191130001032016,1
191130001032017,1
191130001032018,1
191130001032019,1
191130001032020,1
191130001032021,1
191130001032022,1
191130001032023,1
191130001032025,1
191130001032026,1
191130001032027,1
191130001032030,1
191130005003020,1
191130005003022,1
191130016004005,1
191130016005002,1
191130016005003,1
191130016005004,1
191130016005005,1
191130016005008,1
191130016005009,1
191130016005011,1
191130016005012,1
191130016005013,1
191130016005014,1
191130016005016,1
191130028003000,1
191130028003004,1
191130028003024,1
191130028003025,1
191130028003026,1
191130028003027,1
191130028003028,1
191130105002008,1
191130105002009,1
191130105002010,1
191130105002011,1
191130105002012,1
191130105002013,1
191130105002014,1
191130105002016,1
191130105002017,1
191130105002018,1
191130105002019,1
191130105002020,1
191130105002021,1
191130105002022,1
191130105002023,1
191130105002024,1
191130105002025,1
191130105002026,1
191130105002027,1
191130105002028,1
191130105002029,1
191130105002030,1
191130105002031,1
191130105002032,1
191130105002033,1
191130105002036,1
191130105002037,1
191130105002038,1
191130105002039,1
191130105002040,1
191130105002041,1
191130105002042,1
191130105002043,1
191130105002044,1
191130105002045,1
191130105002046,1
191130105002047,1
191130105002048,1
191130105002049,1
191130105002050,1
191130105002051,1
191130105002052,1
191130105002055,1
191130105002056,1
191130105002057,1
191130105002059,1
191130105002060,1
191130105002061,1
191130105002062,1
191130105002063,1
191130105002064,1
191130105002065,1
191130105002066,1
191130105002067,1
191130105002068,1
191130105002069,1
191130105002070,1
191130105002071,1
191130105002072,1
191130105002073,1
191130105002074,1
191130105002075,1
191130105002076,1
191130105002077,1
191130105002078,1
191130105002079,1
191130105002080,1
191130105002081,1
191130105002082,1
191130105002083,1
191130105002084,1
191130105002085,1
191130105002086,1
191130105002087,1
191130105002088,1
191130105002089,1
191130105002090,1
191130105002091,1
191130105002092,1
191130105002093,1
191130105002094,1
191130105002095,1
191130105002096,1
191130105002097,1
191130105002098,1
191130105002099,1
191130105002100,1
191130105002101,1
191130105002102,1
191130105002103,1
191130105002104,1
191130105002105,1
191130105002106,1
191130001032024,1
191130001032028,1
191130001032029,1
191130016002030,1
191130016002031,1
191130016002036,1
191130016002037,1
191130016002038,1
191130016002039,1
191130027001017,1
191130028001000,1
191130028001001,1
191130028001002,1
191130028001003,1
191130028001004,1
191130028001005,1
191130028001006,1
191130028001007,1
191130028001008,1
191130028001009,1
191130028001010,1
191130028001011,1
191130028001012,1
191130028001013,1
191130028001014,1
191130028001015,1
191130028001016,1
191130028001017,1
191130028001018,1
191130028001019,1
191130028001020,1
191130028002000,1
191130028002001,1
191130028002002,1
191130028002009,1
191130028003005,1
191130028003006,1
191130028003007,1
191130028003008,1
191130028003009,1
191130028003010,1
191130028003011,1
191130028003012,1
191130028003013,1
191130028003014,1
191130028003015,1
191130028003016,1
191130028003017,1
191130028003021,1
191130028003022,1
191130028003023,1
191130105002034,1
191130105002035,1
191130105002053,1
191130105002054,1
191130105002058,1
191130107004000,1
191130107004001,1
191130001032031,1
191130030032000,1
191130030032003,1
191130030032004,1
191130030032005,1
191130030033000,1
191130030033001,1
191130030033003,1
191130030033016,1
191130030033017,1
191130030033023,1
191130107003000,1
191130107003001,1
191130107003002,1
191130107003018,1
191130107003025,1
191130107003026,1
191130107003028,1
191130107003033,1
191130107004002,1
191130107004003,1
191130107004004,1
191130107004005,1
191130107004006,1
191130107004007,1
191130107004008,1
191130107004009,1
191130107004010,1
191130107004011,1
191130107004012,1
191130107004013,1
191130107004014,1
191130107004015,1
191130107004016,1
191130107004017,1
191130107004018,1
191130107004019,1
191130107004020,1
191130107004021,1
191130107004022,1
191130107004023,1
191130107004024,1
191130107004025,1
191130107004026,1
191130107004027,1
191130107004028,1
191130107004029,1
191130107004034,1
191130107004035,1
191130107004036,1
191130107004037,1
191130107004038,1
191130107004046,1
191130107004047,1
191130107004049,1
191130107004057,1
191130107004059,1
191130107004060,1
191130002011000,1
191130002011009,1
191130002011010,1
191130002012000,1
191130002012005,1
191130002101030,1
191130002101031,1
191130002101033,1
191130002101034,1
191130002101036,1
191130002101037,1
191130002101040,1
191130002101041,1
191130002101042,1
191130002101043,1
191130002121000,1
191130002121001,1
191130002121002,1
191130002121003,1
191130002121004,1
191130002121005,1
191130002121006,1
191130002121007,1
191130002121008,1
191130002121009,1
191130002121010,1
191130002121013,1
191130002121014,1
191130002121015,1
191130002132009,1
191130002132010,1
191130002132011,1
191130002132014,1
191130002132015,1
191130002132016,1
191130002132017,1
191130002132018,1
191130002132019,1
191130002132020,1
191130002132021,1
191130002132022,1
191130002132023,1
191130002132024,1
191130002132025,1
191130002011001,1
191130002011002,1
191130002011003,1
191130002011004,1
191130002011005,1
191130002011006,1
191130002011007,1
191130002011008,1
191130002011011,1
191130002011012,1
191130002011013,1
191130002011014,1
191130002011015,1
191130002011016,1
191130002011017,1
191130002011018,1
191130002012001,1
191130002012002,1
191130002012003,1
191130002012004,1
191130002012006,1
191130002012007,1
191130002012008,1
191130002012009,1
191130002012010,1
191130002012011,1
191130002013000,1
191130002013001,1
191130002013002,1
191130002013003,1
191130002013004,1
191130002013005,1
191130002013006,1
191130002013007,1
191130002013008,1
191130002013009,1
191130002013010,1
191130002013011,1
191130002013012,1
191130002013013,1
191130002013014,1
191130002013015,1
191130002013016,1
191130002013017,1
191130002013018,1
191130002013019,1
191130002013020,1
191130002013021,1
191130002013022,1
191130002013023,1
191130002013024,1
191130002013025,1
191130002013026,1
191130002014000,1
191130002014001,1
191130002014002,1
191130002014003,1
191130002014004,1
191130002014005,1
191130002014006,1
191130002014007,1
191130002014008,1
191130002014009,1
191130002014010,1
191130002014011,1
191130002014012,1
191130002014013,1
191130002014014,1
191130002014015,1
191130002014016,1
191130002014017,1
191130002014018,1
191130002014019,1
191130002014020,1
191130002014021,1
191130002014022,1
191130002014023,1
191130002014024,1
191130002014025,1
191130002014026,1
191130002014027,1
191130002014028,1
191130002014029,1
191130002014030,1
191130002014031,1
191130002014032,1
191130002014033,1
191130002051000,1
191130002051001,1
191130002051002,1
191130002051003,1
191130002051004,1
191130002051005,1
191130002051011,1
191130002051012,1
191130002051014,1
191130002051016,1
191130002051019,1
191130002052001,1
191130002052002,1
191130002052003,1
191130002052004,1
191130002052006,1
191130002052007,1
191130002052008,1
191130002052009,1
191130002052010,1
191130002052011,1
191130002052012,1
191130002052013,1
191130002052014,1
191130002052015,1
191130002052016,1
191130002052017,1
191130002052018,1
191130002052019,1
191130002052032,1
191130002052033,1
191130002052034,1
191130002052035,1
191130002052036,1
191130002052037,1
191130002052038,1
191130002052039,1
191130002052040,1
191130002052041,1
191130002052042,1
191130002052043,1
191130002052046,1
191130002052047,1
191130002101032,1
191130002101035,1
191130002101038,1
191130002102007,1
191130002102008,1
191130002102012,1
191130002102013,1
191130002102014,1
191130002102015,1
191130002102018,1
191130002102028,1
191130002102029,1
191130002102030,1
191130002102031,1
191130002102032,1
191130002102033,1
191130002102035,1
191130002102036,1
191130002102037,1
191130002102038,1
191130002102039,1
191130002102040,1
191130002102041,1
191130002121011,1
191130002121012,1
191130002132012,1
191130106001020,1
191130106001047,1
191130106001048,1
191130106001050,1
191130106001058,1
191130106001087,1
191130106001088,1
191130002051006,1
191130002051007,1
191130002051008,1
191130002051009,1
191130002051010,1
191130002051015,1
191130002051017,1
191130002051018,1
191130002052022,1
191130002052024,1
191130002101007,1
191130002102003,1
191130002102009,1
191130002102010,1
191130002102011,1
191130106001000,1
191130106001001,1
191130106001002,1
191130106001003,1
191130106001004,1
191130106001005,1
191130106001006,1
191130106001007,1
191130106001008,1
191130106001009,1
191130106001010,1
191130106001011,1
191130106001012,1
191130106001013,1
191130106001014,1
191130106001015,1
191130106001016,1
191130106001017,1
191130106001018,1
191130106001019,1
191130106001022,1
191130106001023,1
191130106001025,1
191130106001026,1
191130106001027,1
191130106001028,1
191130106001029,1
191130106001030,1
191130106001031,1
191130106001046,1
191130106001051,1
191130106001052,1
191130106001053,1
191130106001054,1
191130106001055,1
191130106001056,1
191130106001057,1
191130106001059,1
191130106001060,1
191130106001061,1
191130106001062,1
191130106001063,1
191130106001064,1
191130106001065,1
191130106001066,1
191130106001093,1
191130106001094,1
191130106001095,1
191130106001096,1
191130106001097,1
191130106001098,1
191130106001099,1
191130106001102,1
191130106001103,1
191130106001104,1
191130106001109,1
191130106001110,1
191130106001111,1
191130106001114,1
191130106001115,1
191130002051013,1
191130002052000,1
191130002101001,1
191130002101002,1
191130002101003,1
191130002101004,1
191130002101005,1
191130002101006,1
191130002101008,1
191130002101009,1
191130002101010,1
191130002101011,1
191130002101012,1
191130002101013,1
191130002101014,1
191130002101015,1
191130002101016,1
191130002101017,1
191130002101018,1
191130002101019,1
191130002101020,1
191130002101021,1
191130002101022,1
191130002101023,1
191130002101024,1
191130002101025,1
191130002101026,1
191130002101027,1
191130002101028,1
191130002101029,1
191130002101039,1
191130002102000,1
191130002102001,1
191130002102002,1
191130002102004,1
191130002102005,1
191130002102006,1
191130002102016,1
191130002102017,1
191130002102019,1
191130002102020,1
191130002102021,1
191130002102022,1
191130002102023,1
191130002102024,1
191130002102025,1
191130002102026,1
191130002102027,1
191130002102034,1
191130002112000,1
191130002112001,1
191130002112002,1
191130002112010,1
191130002113002,1
191130002113003,1
191130002113005,1
191130002113006,1
191130002113007,1
191130002113008,1
191130002113009,1
191130002113010,1
191130002113011,1
191130002113014,1
191130002113015,1
191130002113016,1
191130002113017,1
191130002113018,1
191130002113019,1
191130002113020,1
191130002113021,1
191130002113022,1
191130002113023,1
191130002113024,1
191130002113025,1
191130106001021,1
191130106001024,1
191130106001045,1
191130106001049,1
191130106001067,1
191130106001068,1
191130106001069,1
191130106001070,1
191130106001084,1
191130106001085,1
191130106001086,1
191130106001117,1
191130106001118,1
191130106001119,1
191130002051020,1
191130002051021,1
191130002051022,1
191130002051023,1
191130002051024,1
191130002051025,1
191130002051026,1
191130002051027,1
191130002051028,1
191130002051029,1
191130002051030,1
191130002051031,1
191130002051032,1
191130002051033,1
191130002051034,1
191130002051035,1
191130002051036,1
191130002051037,1
191130002051038,1
191130002051040,1
191130002051041,1
191130002051045,1
191130002051046,1
191130002051047,1
191130002051056,1
191130009023004,1
191130009023005,1
191130009023006,1
191130009023008,1
191130009023010,1
191130009024000,1
191130009024001,1
191130009024002,1
191130009024004,1
191130009024006,1
191130009024007,1
191130009024008,1
191130009024009,1
191130009024010,1
191130009024011,1
191130009024012,1
191130009024015,1
191130009024018,1
191130009024019,1
191130009024020,1
191130009024027,1
191130010013004,1
191130106001100,1
191130106001101,1
191130106001105,1
191130106001106,1
191130106001107,1
191130106001108,1
191130106001112,1
191130002051039,1
191130002051042,1
191130002051043,1
191130002051044,1
191130002051048,1
191130002051049,1
191130002051050,1
191130002051051,1
191130002051052,1
191130002051053,1
191130002051054,1
191130002051055,1
191130002052005,1
191130002052020,1
191130002052021,1
191130002052023,1
191130002052025,1
191130002052026,1
191130002052027,1
191130002052028,1
191130002052029,1
191130002052030,1
191130002052031,1
191130002052044,1
191130002052045,1
191130009011000,1
191130009011001,1
191130009011002,1
191130009011003,1
191130009011004,1
191130009011005,1
191130009011006,1
191130009011007,1
191130009011008,1
191130009011009,1
191130009011010,1
191130009011011,1
191130009011012,1
191130009011013,1
191130009011014,1
191130009011016,1
191130009011017,1
191130009011018,1
191130009011019,1
191130009023000,1
191130009023001,1
191130009023002,1
191130002081000,1
191130002081001,1
191130002081002,1
191130002081003,1
191130002081004,1
191130002081006,1
191130002081007,1
191130002081008,1
191130002081009,1
191130002081010,1
191130002081011,1
191130002081012,1
191130002081013,1
191130002081014,1
191130002081015,1
191130002081016,1
191130002081017,1
191130002081018,1
191130002081019,1
191130002081020,1
191130002082002,1
191130002082004,1
191130002082005,1
191130002082006,1
191130002082007,1
191130002082008,1
191130002082009,1
191130002082010,1
191130002082012,1
191130002082013,1
191130002082014,1
191130002082015,1
191130002082016,1
191130002082018,1
191130002082024,1
191130002082026,1
191130002082030,1
191130002082031,1
191130002081005,1
191130002082028,1
191130002082029,1
191130002093000,1
191130002093001,1
191130002093002,1
191130002093003,1
191130002093005,1
191130002093006,1
191130002093007,1
191130002093008,1
191130002093009,1
191130002093010,1
191130002093011,1
191130002093012,1
191130002093013,1
191130002093014,1
191130003003005,1
191130003003006,1
191130003003007,1
191130003003008,1
191130003003009,1
191130003003010,1
191130003003011,1
191130003003012,1
191130003003013,1
191130003003019,1
191130002082019,1
191130002091000,1
191130002091001,1
191130002091002,1
191130002091003,1
191130002091004,1
191130002091005,1
191130002091006,1
191130002091007,1
191130002091008,1
191130002091009,1
191130002091010,1
191130002091011,1
191130002091012,1
191130002091013,1
191130002091014,1
191130002091015,1
191130002091016,1
191130002091017,1
191130002091018,1
191130002091019,1
191130002091020,1
191130002093004,1
191130002093015,1
191130002093016,1
191130002093017,1
191130002093018,1
191130002092000,1
191130003001000,1
191130003001001,1
191130003001002,1
191130003001003,1
191130003001004,1
191130003001005,1
191130003001021,1
191130003001024,1
191130003001025,1
191130003001026,1
191130003001027,1
191130003003014,1
191130003003016,1
191130003003017,1
191130003003018,1
191130003004000,1
191130003004001,1
191130003004002,1
191130003004003,1
191130003004004,1
191130003004005,1
191130003004006,1
191130003004007,1
191130003004008,1
191130003004009,1
191130003004010,1
191130003004011,1
191130003004012,1
191130003004013,1
191130003004014,1
191130003004015,1
191130003004016,1
191130003004017,1
191130003004018,1
191130003004019,1
191130003004020,1
191130003004021,1
191130003004022,1
191130002092001,1
191130002092002,1
191130002092003,1
191130002092004,1
191130002092005,1
191130002092006,1
191130002092007,1
191130002092008,1
191130002092009,1
191130002092010,1
191130002092011,1
191130002092012,1
191130002122000,1
191130002122009,1
191130002122010,1
191130002122011,1
191130002122012,1
191130002131000,1
191130002131001,1
191130002131002,1
191130002131003,1
191130002131004,1
191130002131005,1
191130002131006,1
191130002131007,1
191130002131008,1
191130002131009,1
191130002131010,1
191130002132001,1
191130002132002,1
191130002132003,1
191130002132004,1
191130002132005,1
191130002132006,1
191130002132007,1
191130002132008,1
191130002132013,1
191130003002003,1
191130003002004,1
191130003002010,1
191130003002011,1
191130003002012,1
191130003002021,1
191130002111000,1
191130002111001,1
191130002111002,1
191130002111003,1
191130002111004,1
191130002111005,1
191130002111006,1
191130002111007,1
191130002111008,1
191130002111009,1
191130002111010,1
191130002111011,1
191130002111012,1
191130002111013,1
191130002111014,1
191130002111015,1
191130002111016,1
191130002111017,1
191130002122001,1
191130002122002,1
191130002122003,1
191130002122004,1
191130002122005,1
191130002122006,1
191130002122007,1
191130002122008,1
191130002112003,1
191130002112004,1
191130002112005,1
191130002112006,1
191130002112007,1
191130002112008,1
191130002112009,1
191130002112011,1
191130002112012,1
191130002112013,1
191130002112014,1
191130002112015,1
191130002112016,1
191130002112017,1
191130002112018,1
191130002112019,1
191130002112020,1
191130002112021,1
191130002112022,1
191130002112023,1
191130002112024,1
191130002112025,1
191130002112026,1
191130002112027,1
191130002113013,1
191130002132000,1
191130003002000,1
191130003002001,1
191130003002002,1
191130003002005,1
191130003002006,1
191130003002007,1
191130003002008,1
191130003002009,1
191130003002013,1
191130003002014,1
191130003002015,1
191130003002016,1
191130003002017,1
191130003002018,1
191130003002019,1
191130003002020,1
191130006001000,1
191130006001001,1
191130006001002,1
191130006001003,1
191130006001004,1
191130006001005,1
191130006001006,1
191130006001007,1
191130006001008,1
191130006001009,1
191130006001010,1
191130006001011,1
191130006001018,1
191130006001019,1
191130006001020,1
191130006002000,1
191130006002002,1
191130006002004,1
191130006002012,1
191130006002013,1
191130006002014,1
191130006002015,1
191130006002016,1
191130006002018,1
191130006002019,1
191130006002020,1
191130007001000,1
191130007001001,1
191130007001009,1
191130007001021,1
191130007002000,1
191130007002019,1
191130015001000,1
191130003001006,1
191130003001007,1
191130003001008,1
191130003001009,1
191130003001010,1
191130003001011,1
191130003001012,1
191130003001013,1
191130003001014,1
191130003001015,1
191130003001016,1
191130003001017,1
191130003001018,1
191130003001019,1
191130003001020,1
191130003001022,1
191130003001023,1
191130003001028,1
191130003001029,1
191130003001030,1
191130003001031,1
191130003001032,1
191130003001033,1
191130003001034,1
191130003001035,1
191130003001036,1
191130003001037,1
191130003001038,1
191130003001039,1
191130003001040,1
191130003001041,1
191130003001042,1
191130003001043,1
191130003001044,1
191130003001045,1
191130003001046,1
191130003001047,1
191130003001048,1
191130003001049,1
191130004004019,1
191130004004020,1
191130004004021,1
191130004004025,1
191130004004026,1
191130004004027,1
191130004004032,1
191130004004033,1
191130004004034,1
191130004004035,1
191130004004036,1
191130004004037,1
191130004004038,1
191130004004039,1
191130004004043,1
191130004004044,1
191130004004045,1
191130004004046,1
191130004004047,1
191130004005006,1
191130004005007,1
191130004005008,1
191130004005009,1
191130004005010,1
191130004005011,1
191130004005012,1
191130004005013,1
191130004005014,1
191130004005015,1
191130004005016,1
191130004005017,1
191130004005018,1
191130004005019,1
191130004005020,1
191130004005021,1
191130004005022,1
191130004005023,1
191130004005024,1
191130005001004,1
191130005001005,1
191130005001019,1
191130005002000,1
191130005002001,1
191130005002002,1
191130005002003,1
191130005002004,1
191130005002005,1
191130005002006,1
191130005002007,1
191130005002008,1
191130005002009,1
191130005002010,1
191130005002011,1
191130005002012,1
191130005002013,1
191130005002014,1
191130005002015,1
191130005002016,1
191130005002017,1
191130005002018,1
191130005002019,1
191130005002020,1
191130005002021,1
191130005002022,1
191130005002023,1
191130005002024,1
191130005002025,1
191130006003000,1
191130006003001,1
191130006003002,1
191130006003003,1
191130006003004,1
191130006003005,1
191130006003006,1
191130006003007,1
191130006003008,1
191130006003009,1
191130006003010,1
191130006003011,1
191130006003012,1
191130006003013,1
191130006003014,1
191130006003015,1
191130006003016,1
191130006003017,1
191130006003018,1
191130006003019,1
191130006003020,1
191130006003021,1
191130006003022,1
191130006003023,1
191130006003024,1
191130006003025,1
191130005001000,1
191130005001001,1
191130005001002,1
191130005001003,1
191130005001006,1
191130005001007,1
191130005001008,1
191130005001013,1
191130005001014,1
191130005001015,1
191130005001016,1
191130005001017,1
191130005001018,1
191130005001020,1
191130005001021,1
191130005001022,1
191130005001025,1
191130005001026,1
191130005003001,1
191130005003002,1
191130005004000,1
191130005004001,1
191130005004002,1
191130005004004,1
191130005004005,1
191130005004006,1
191130005004007,1
191130005004008,1
191130005004009,1
191130005004011,1
191130005004012,1
191130005004013,1
191130005004014,1
191130005004015,1
191130005004016,1
191130005004017,1
191130005004018,1
191130005004019,1
191130005004020,1
191130005004021,1
191130005004022,1
191130005004025,1
191130005004026,1
191130005004027,1
191130005004028,1
191130005004029,1
191130005004030,1
191130005004031,1
191130005004032,1
191130005004033,1
191130005002026,1
191130005002027,1
191130005002028,1
191130005002029,1
191130005002030,1
191130005002031,1
191130005002032,1
191130005002033,1
191130005002034,1
191130005002035,1
191130005002036,1
191130005002037,1
191130005002038,1
191130005003005,1
191130005003006,1
191130005003007,1
191130005003008,1
191130005003009,1
191130005003010,1
191130005003011,1
191130005003012,1
191130005004003,1
191130005004010,1
191130005004023,1
191130005004024,1
191130005003014,1
191130005003017,1
191130015002012,1
191130015002013,1
191130015002015,1
191130015002018,1
191130015002019,1
191130016002000,1
191130016002001,1
191130016002002,1
191130016002015,1
191130016002016,1
191130016002017,1
191130016002023,1
191130016002024,1
191130016002025,1
191130016002026,1
191130016002029,1
191130016003000,1
191130016003001,1
191130016003002,1
191130016003003,1
191130016003004,1
191130016003005,1
191130016003006,1
191130016003007,1
191130016003008,1
191130016003009,1
191130016003010,1
191130016003011,1
191130016004000,1
191130016004001,1
191130016004002,1
191130016004003,1
191130016004004,1
191130016004006,1
191130016004007,1
191130016004010,1
191130016004011,1
191130016004012,1
191130016004013,1
191130016005006,1
191130016005007,1
191130016005010,1
191130016005015,1
191130028003001,1
191130028003002,1
191130028003003,1
191130006001012,1
191130006001013,1
191130006002001,1
191130006002003,1
191130006002005,1
191130006002006,1
191130006002007,1
191130006002008,1
191130006002009,1
191130006002010,1
191130006002011,1
191130006002017,1
191130007001002,1
191130007001003,1
191130007001008,1
191130007001010,1
191130007001019,1
191130007001020,1
191130007001022,1
191130007002001,1
191130007002002,1
191130007002003,1
191130007002004,1
191130007002012,1
191130007002013,1
191130007002014,1
191130007002017,1
191130007002018,1
191130007002020,1
191130007002021,1
191130007002025,1
191130006001015,1
191130006001016,1
191130006001022,1
191130006001023,1
191130006001024,1
191130014001000,1
191130014001001,1
191130014001010,1
191130014001011,1
191130015001001,1
191130015001002,1
191130015001003,1
191130015001004,1
191130015001005,1
191130015001006,1
191130015001007,1
191130015001008,1
191130015001009,1
191130015001010,1
191130015001011,1
191130015001012,1
191130015001013,1
191130015001014,1
191130015001015,1
191130015001016,1
191130015001017,1
191130015001018,1
191130015001019,1
191130015001020,1
191130015001021,1
191130015001022,1
191130015001023,1
191130015001024,1
191130015001025,1
191130015001026,1
191130015001027,1
191130015001028,1
191130015002003,1
191130015002005,1
191130015002006,1
191130015002007,1
191130015002008,1
191130015002009,1
191130015002010,1
191130015002011,1
191130015002017,1
191130015002020,1
191130015002021,1
191130015002022,1
191130007001004,1
191130007001005,1
191130007001006,1
191130007001007,1
191130007001011,1
191130007001012,1
191130007001013,1
191130007001014,1
191130007001015,1
191130007001016,1
191130007001017,1
191130007001018,1
191130007002005,1
191130007002006,1
191130007002007,1
191130007002008,1
191130007002009,1
191130007002010,1
191130007002011,1
191130007002015,1
191130007002016,1
191130007002022,1
191130007002023,1
191130007002024,1
191130007002026,1
191130008001000,1
191130008001001,1
191130008001002,1
191130008001003,1
191130008001004,1
191130008001005,1
191130008001006,1
191130008001007,1
191130008001009,1
191130008001010,1
191130008003000,1
191130008003001,1
191130008003002,1
191130008003004,1
191130008003012,1
191130008003013,1
191130008003014,1
191130008003015,1
191130008001008,1
191130008002000,1
191130008002001,1
191130008002002,1
191130008002003,1
191130008002004,1
191130008002005,1
191130008002006,1
191130008002007,1
191130008002008,1
191130008002009,1
191130008002010,1
191130008002011,1
191130008002012,1
191130008002013,1
191130008002014,1
191130008002015,1
191130008002016,1
191130008002017,1
191130008002018,1
191130008002019,1
191130008002020,1
191130008002021,1
191130008002022,1
191130008002023,1
191130008003003,1
191130008003005,1
191130008003006,1
191130008003007,1
191130008003008,1
191130008003009,1
191130008003010,1
191130008003011,1
191130008004000,1
191130008004001,1
191130008004002,1
191130008004003,1
191130008004004,1
191130008004005,1
191130008004006,1
191130008004007,1
191130008004008,1
191130008004009,1
191130009012014,1
191130009013000,1
191130008002024,1
191130009011015,1
191130009012000,1
191130009012001,1
191130009012002,1
191130009012003,1
191130009012004,1
191130009012005,1
191130009012006,1
191130009012007,1
191130009012008,1
191130009012009,1
191130009012010,1
191130009012011,1
191130009012012,1
191130009012013,1
191130009013001,1
191130009013002,1
191130009013003,1
191130009013004,1
191130009013005,1
191130009013006,1
191130009013007,1
191130009013008,1
191130009013009,1
191130009013010,1
191130009013011,1
191130009013017,1
191130009013018,1
191130009013022,1
191130009013023,1
191130009013027,1
191130009013028,1
191130009013012,1
191130009013013,1
191130009013014,1
191130009013015,1
191130009013016,1
191130009013019,1
191130009013020,1
191130009013024,1
191130009013025,1
191130009013026,1
191130009021000,1
191130009021001,1
191130009021002,1
191130009021003,1
191130009021004,1
191130009021005,1
191130009021006,1
191130009021007,1
191130009021008,1
191130009021009,1
191130009021010,1
191130009021011,1
191130009021012,1
191130009021013,1
191130009021014,1
191130009021015,1
191130009021016,1
191130009013021,1
191130009022000,1
191130009022001,1
191130009022002,1
191130009022003,1
191130009022004,1
191130009022005,1
191130009022006,1
191130009022007,1
191130009022008,1
191130009022009,1
191130009022010,1
191130009022011,1
191130013001000,1
191130013001001,1
191130013001002,1
191130013001003,1
191130013001004,1
191130013001005,1
191130013001006,1
191130013001007,1
191130013001008,1
191130013001009,1
191130013001010,1
191130013001011,1
191130013001012,1
191130013001013,1
191130013001014,1
191130013001015,1
191130013001016,1
191130013001017,1
191130013001018,1
191130013003009,1
191130013003010,1
191130013003011,1
191130013003012,1
191130013003013,1
191130013003014,1
191130013003015,1
191130013003016,1
191130013003017,1
191130013003018,1
191130013003019,1
191130013003020,1
191130013003021,1
191130013003022,1
191130013003023,1
191130013003024,1
191130013003025,1
191130013003026,1
191130013003027,1
191130013003028,1
191130013003029,1
191130013003030,1
191130013003031,1
191130013003032,1
191130013003035,1
191130013003036,1
191130013003037,1
191130013003038,1
191130013003039,1
191130013003040,1
191130013003046,1
191130013003047,1
191130013003048,1
191130013003049,1
191130013003050,1
191130019003057,1
191130019003058,1
191130009023003,1
191130009023007,1
191130009023009,1
191130009023011,1
191130009023012,1
191130009023013,1
191130009023014,1
191130009023015,1
191130009023016,1
191130009023017,1
191130009023018,1
191130009023019,1
191130009023020,1
191130009023021,1
191130009023022,1
191130009023023,1
191130009023024,1
191130009023025,1
191130009023026,1
191130009023027,1
191130009023028,1
191130009023029,1
191130009023030,1
191130009023031,1
191130009024003,1
191130009024005,1
191130009024013,1
191130009024014,1
191130009024016,1
191130009024017,1
191130009024021,1
191130009024022,1
191130009024023,1
191130009024024,1
191130009024025,1
191130009024026,1
191130010011000,1
191130010012006,1
191130010012007,1
191130010012016,1
191130010013000,1
191130010013001,1
191130010013002,1
191130010013003,1
191130010013005,1
191130010013006,1
191130010013007,1
191130010013010,1
191130010013011,1
191130010013012,1
191130010013015,1
191130010013019,1
191130010013022,1
191130010021001,1
191130106002001,1
191130106002005,1
191130106002006,1
191130106002007,1
191130106002008,1
191130106002010,1
191130106002011,1
191130106002012,1
191130106002013,1
191130106002014,1
191130106002015,1
191130106002027,1
191130106002041,1
191130106002043,1
191130106002051,1
191130106002052,1
191130106003056,1
191130106003057,1
191130106003058,1
191130106003059,1
191130106003069,1
191130106003071,1
191130106003073,1
191130106003074,1
191130106003075,1
191130106003076,1
191130106003077,1
191130106003078,1
191130106003079,1
191130106003080,1
191130106003081,1
191130106003082,1
191130106003083,1
191130106003084,1
191130106003085,1
191130106003086,1
191130106003087,1
191130106003088,1
191130106003091,1
191130106003092,1
191130106003093,1
191130106003094,1
191130106003101,1
191130107001001,1
191130107001002,1
191130107001003,1
191130107001004,1
191130107001005,1
191130107001006,1
191130107001007,1
191130107001008,1
191130107001015,1
191130107001016,1
191130010011001,1
191130010011002,1
191130010011003,1
191130010011004,1
191130010011005,1
191130010011006,1
191130010011007,1
191130010011008,1
191130010012000,1
191130010012001,1
191130010012002,1
191130010012003,1
191130010012004,1
191130010012005,1
191130010012008,1
191130010012009,1
191130010012010,1
191130010012011,1
191130010012012,1
191130010012013,1
191130010012014,1
191130010012015,1
191130010012017,1
191130010012018,1
191130010012019,1
191130010012020,1
191130010012022,1
191130010013008,1
191130010013009,1
191130010013013,1
191130010013014,1
191130010013016,1
191130010013017,1
191130010013018,1
191130010013020,1
191130010013021,1
191130010011009,1
191130010011010,1
191130010011011,1
191130010011012,1
191130010011013,1
191130010011014,1
191130010011015,1
191130010011016,1
191130010011017,1
191130010011018,1
191130010021008,1
191130010021009,1
191130010022000,1
191130010022001,1
191130010022002,1
191130010022003,1
191130010022004,1
191130010022005,1
191130010022006,1
191130010022007,1
191130010022008,1
191130010022010,1
191130010022011,1
191130010022012,1
191130010022013,1
191130010022014,1
191130010041000,1
191130010041001,1
191130010041002,1
191130010041003,1
191130010041004,1
191130010041005,1
191130010041006,1
191130010041013,1
191130010041014,1
191130010041015,1
191130010041016,1
191130010041017,1
191130010042000,1
191130010042001,1
191130010042002,1
191130010042003,1
191130010042004,1
191130010042005,1
191130010042006,1
191130010042007,1
191130010042011,1
191130010042012,1
191130010012021,1
191130010012023,1
191130010041007,1
191130010041008,1
191130010041009,1
191130010041010,1
191130010041011,1
191130010041012,1
191130010041018,1
191130010041019,1
191130010042013,1
191130010043000,1
191130010043005,1
191130010051000,1
191130010051001,1
191130010051002,1
191130010051003,1
191130010051004,1
191130010051005,1
191130010051006,1
191130010051007,1
191130010051008,1
191130010051009,1
191130010052000,1
191130010052001,1
191130010052002,1
191130010052003,1
191130010052004,1
191130010052005,1
191130010052006,1
191130023004007,1
191130023004008,1
191130024002013,1
191130024002014,1
191130010021000,1
191130010021002,1
191130010021003,1
191130010021004,1
191130010021005,1
191130010021006,1
191130010021007,1
191130010022009,1
191130106002000,1
191130106002002,1
191130106002003,1
191130106002004,1
191130106002009,1
191130106002016,1
191130106002017,1
191130106002018,1
191130106002019,1
191130106002020,1
191130106002021,1
191130106002022,1
191130106002023,1
191130106002024,1
191130106002025,1
191130106002026,1
191130106002028,1
191130106002029,1
191130106002030,1
191130106002031,1
191130106002032,1
191130106002033,1
191130106002034,1
191130106002035,1
191130106002036,1
191130106002037,1
191130106002038,1
191130106002039,1
191130106002040,1
191130106002042,1
191130106002044,1
191130106002045,1
191130106002046,1
191130106002047,1
191130106002048,1
191130106002049,1
191130106002050,1
191130106003072,1
191130106003095,1
191130106003096,1
191130106003097,1
191130010023000,1
191130010023001,1
191130010023002,1
191130010023003,1
191130010023004,1
191130010023005,1
191130010023006,1
191130010023007,1
191130010023008,1
191130010023009,1
191130010023010,1
191130010023011,1
191130010023012,1
191130010023013,1
191130010023014,1
191130010023015,1
191130010023016,1
191130010023017,1
191130010042008,1
191130010042009,1
191130010042010,1
191130010042014,1
191130010042015,1
191130010042016,1
191130010042017,1
191130010042018,1
191130010043001,1
191130010043002,1
191130010043003,1
191130010043004,1
191130010043006,1
191130010043007,1
191130010043008,1
191130010043009,1
191130010043010,1
191130010043011,1
191130010052007,1
191130010052008,1
191130010052009,1
191130010052010,1
191130010052011,1
191130010052012,1
191130010052013,1
191130010052014,1
191130010052015,1
191130010052016,1
191130010052017,1
191130030052014,1
191130030052018,1
191130030052020,1
191130030052024,1
191130030052026,1
191130030052031,1
191130030053000,1
191130030053001,1
191130030053002,1
191130030053003,1
191130030053004,1
191130030053005,1
191130030053006,1
191130030053007,1
191130030053008,1
191130030053009,1
191130030053010,1
191130030053011,1
191130030053012,1
191130030053013,1
191130030053014,1
191130030053015,1
191130030053016,1
191130030053017,1
191130030053018,1
191130030053019,1
191130030053020,1
191130030053021,1
191130030053022,1
191130030053023,1
191130030053024,1
191130030053025,1
191130030053026,1
191130030053027,1
191130030053028,1
191130030053029,1
191130030054000,1
191130030054001,1
191130030054002,1
191130030054003,1
191130030054004,1
191130030054005,1
191130030054006,1
191130030054007,1
191130030054008,1
191130030054009,1
191130030054010,1
191130030054011,1
191130030054012,1
191130030054013,1
191130030054014,1
191130030061000,1
191130011011000,1
191130011011001,1
191130011011002,1
191130011011003,1
191130011011004,1
191130011011005,1
191130011011006,1
191130011011007,1
191130011011008,1
191130011011009,1
191130011011010,1
191130011011011,1
191130011011012,1
191130011011016,1
191130011012000,1
191130012001010,1
191130012001016,1
191130012001017,1
191130012001018,1
191130012001019,1
191130012001023,1
191130012001024,1
191130012001025,1
191130012001026,1
191130012001027,1
191130012002008,1
191130012002009,1
191130012002010,1
191130012002011,1
191130012002015,1
191130012002016,1
191130012002017,1
191130012002018,1
191130012002019,1
191130012002020,1
191130012002023,1
191130012002024,1
191130012002025,1
191130012002026,1
191130012002027,1
191130012002028,1
191130012002045,1
191130012002046,1
191130012002047,1
191130011011013,1
191130011011014,1
191130011011015,1
191130011011017,1
191130011012002,1
191130011012003,1
191130012002048,1
191130012002049,1
191130012002050,1
191130012002051,1
191130023001000,1
191130023001001,1
191130023001002,1
191130023001003,1
191130023001004,1
191130023001005,1
191130023001006,1
191130023001007,1
191130023001008,1
191130023001009,1
191130023001010,1
191130023001011,1
191130023001012,1
191130023001013,1
191130023001014,1
191130023001015,1
191130023001016,1
191130023001017,1
191130023001018,1
191130023001019,1
191130023001020,1
191130023001021,1
191130023001022,1
191130023001023,1
191130023001026,1
191130023001027,1
191130023001028,1
191130023001029,1
191130023001030,1
191130023002000,1
191130023002001,1
191130023002002,1
191130023002003,1
191130023002004,1
191130023002005,1
191130023002006,1
191130023002007,1
191130023002008,1
191130023002009,1
191130023002010,1
191130023002011,1
191130023002012,1
191130023002013,1
191130023002014,1
191130023002015,1
191130023002016,1
191130023002017,1
191130023002018,1
191130023002019,1
191130023002020,1
191130023003000,1
191130023003012,1
191130023003013,1
191130023003014,1
191130011012001,1
191130011013000,1
191130011013001,1
191130011013002,1
191130011013003,1
191130011013004,1
191130011013005,1
191130011013006,1
191130011013007,1
191130011013008,1
191130011013009,1
191130011013010,1
191130011021006,1
191130011022000,1
191130011022001,1
191130011022002,1
191130011022003,1
191130011022004,1
191130011022005,1
191130011022006,1
191130011022007,1
191130011012004,1
191130011012005,1
191130011012006,1
191130011012007,1
191130023003001,1
191130023003002,1
191130023003003,1
191130023003004,1
191130023003005,1
191130023003006,1
191130023003007,1
191130023003008,1
191130023003009,1
191130023003010,1
191130023003011,1
191130023004000,1
191130023004001,1
191130023004002,1
191130023004003,1
191130023004004,1
191130023004005,1
191130023004006,1
191130024002000,1
191130024002001,1
191130024002002,1
191130024002003,1
191130024002004,1
191130024002005,1
191130024002006,1
191130024002007,1
191130024002008,1
191130024002009,1
191130024002010,1
191130024002011,1
191130024002012,1
191130024002015,1
191130024002016,1
191130024002017,1
191130024002018,1
191130024002019,1
191130024002020,1
191130024002021,1
191130011021000,1
191130011021001,1
191130011021002,1
191130011021003,1
191130011021004,1
191130011021005,1
191130011021007,1
191130011021008,1
191130011021009,1
191130011021010,1
191130011021011,1
191130011021012,1
191130011021013,1
191130012001000,1
191130012001001,1
191130012001002,1
191130012001003,1
191130012001004,1
191130012001005,1
191130012001006,1
191130012001007,1
191130012001008,1
191130012001009,1
191130012001011,1
191130012001012,1
191130012001013,1
191130012001014,1
191130012001015,1
191130012001020,1
191130012001021,1
191130012001022,1
191130012002000,1
191130012002001,1
191130012002002,1
191130012002003,1
191130012002004,1
191130012002005,1
191130012002006,1
191130012002007,1
191130012002012,1
191130012002013,1
191130012002014,1
191130012002021,1
191130012002022,1
191130012002029,1
191130012002030,1
191130012002044,1
191130012002031,1
191130012002032,1
191130012002033,1
191130012002034,1
191130012002035,1
191130012002036,1
191130012002037,1
191130012002038,1
191130012002039,1
191130012002040,1
191130012002041,1
191130012002042,1
191130012002043,1
191130012002052,1
191130012002053,1
191130012002054,1
191130012002055,1
191130012002056,1
191130019003010,1
191130019003011,1
191130019003012,1
191130019003013,1
191130019003014,1
191130019003015,1
191130019003016,1
191130019003017,1
191130019003018,1
191130019003019,1
191130019003020,1
191130019003021,1
191130019003043,1
191130019003046,1
191130019003047,1
191130019003048,1
191130019003049,1
191130019003050,1
191130019003051,1
191130019003052,1
191130019003053,1
191130019003054,1
191130019003055,1
191130019003056,1
191130019003059,1
191130019003060,1
191130019003061,1
191130019003062,1
191130019003063,1
191130019003064,1
191130019003065,1
191130019003066,1
191130022001000,1
191130022001001,1
191130022001002,1
191130022001003,1
191130022001004,1
191130022001005,1
191130022001006,1
191130022001007,1
191130022001008,1
191130022001009,1
191130022001010,1
191130022001011,1
191130022001012,1
191130022001013,1
191130022001014,1
191130022001015,1
191130022001016,1
191130022001017,1
191130022001018,1
191130022001019,1
191130022001020,1
191130022001021,1
191130022001022,1
191130022001023,1
191130022001024,1
191130022001025,1
191130022001026,1
191130022001027,1
191130022001028,1
191130022001029,1
191130022001030,1
191130022001031,1
191130022001032,1
191130022001033,1
191130022001034,1
191130022001035,1
191130022001036,1
191130022001037,1
191130022001038,1
191130022001039,1
191130022001040,1
191130022001041,1
191130022001042,1
191130022001043,1
191130022001044,1
191130022001045,1
191130022001046,1
191130022001047,1
191130022001048,1
191130022001049,1
191130022001050,1
191130022001051,1
191130022001052,1
191130022001053,1
191130022001054,1
191130022001055,1
191130022001056,1
191130022001057,1
191130022001058,1
191130022001059,1
191130022001063,1
191130022001064,1
191130022001065,1
191130022001066,1
191130022001067,1
191130022001068,1
191130022001069,1
191130022001070,1
191130022001071,1
191130022001072,1
191130022001073,1
191130022002000,1
191130022002001,1
191130022002002,1
191130022002008,1
191130022002009,1
191130022002010,1
191130022002011,1
191130022002022,1
191130022002023,1
191130022002024,1
191130022002025,1
191130022002029,1
191130022002030,1
191130022002031,1
191130022002032,1
191130022002040,1
191130025001000,1
191130025001001,1
191130025001002,1
191130025001003,1
191130025001004,1
191130025001005,1
191130025001006,1
191130025001007,1
191130025001008,1
191130025001009,1
191130025001010,1
191130025001011,1
191130025001012,1
191130025001013,1
191130025001014,1
191130025001015,1
191130025001016,1
191130025001017,1
191130025001018,1
191130025001019,1
191130025001020,1
191130025001021,1
191130025001022,1
191130025001023,1
191130025001024,1
191130025001025,1
191130025001026,1
191130025001027,1
191130025001028,1
191130025001029,1
191130025001030,1
191130025002000,1
191130025002001,1
191130025002002,1
191130025002003,1
191130025002004,1
191130025002005,1
191130025002006,1
191130025002007,1
191130025002008,1
191130025002009,1
191130025002010,1
191130025002011,1
191130025002012,1
191130025002013,1
191130025002014,1
191130025002015,1
191130025002017,1
191130025002019,1
191130026001016,1
191130026002002,1
191130026002003,1
191130026002004,1
191130026002005,1
191130026002013,1
191130026002014,1
191130026002015,1
191130026002016,1
191130026002017,1
191130026002018,1
191130026002019,1
191130026002020,1
191130026002021,1
191130026002022,1
191130026002023,1
191130026002024,1
191130026002025,1
191130026002031,1
191130026002042,1
191130026002043,1
191130026002044,1
191130026002045,1
191130026002046,1
191130027002018,1
191130027002019,1
191130027002020,1
191130027002021,1
191130027002022,1
191130027002023,1
191130027002024,1
191130027002025,1
191130027002026,1
191130027002027,1
191130027002028,1
191130027002029,1
191130027002030,1
191130027002031,1
191130027002032,1
191130027002033,1
191130013002000,1
191130013002001,1
191130013002006,1
191130013002007,1
191130014001002,1
191130014001003,1
191130014001004,1
191130014001005,1
191130014001006,1
191130014001007,1
191130014001008,1
191130014001009,1
191130014001012,1
191130014001013,1
191130014001014,1
191130014001015,1
191130014001016,1
191130014001017,1
191130014001018,1
191130014001019,1
191130014001020,1
191130014001021,1
191130014001022,1
191130014001023,1
191130014001024,1
191130014002000,1
191130014002001,1
191130014002002,1
191130014002003,1
191130014002004,1
191130014002005,1
191130014002006,1
191130014002007,1
191130014002008,1
191130014002009,1
191130014002010,1
191130014002011,1
191130014002012,1
191130014003000,1
191130014003001,1
191130014003002,1
191130014003003,1
191130014003004,1
191130014003005,1
191130014003006,1
191130014003007,1
191130014003008,1
191130014003009,1
191130014003010,1
191130014003011,1
191130014003012,1
191130014003013,1
191130014003014,1
191130014003017,1
191130013002002,1
191130013002003,1
191130013002004,1
191130013002005,1
191130013002008,1
191130013002009,1
191130013002010,1
191130013002011,1
191130013002012,1
191130013003000,1
191130013003001,1
191130013003002,1
191130013003003,1
191130013003004,1
191130013003005,1
191130013003006,1
191130013003007,1
191130013003008,1
191130013003033,1
191130013003034,1
191130013003041,1
191130013003042,1
191130013003043,1
191130018002002,1
191130018002003,1
191130018002015,1
191130018002016,1
191130018002017,1
191130018002018,1
191130018003000,1
191130018003001,1
191130018003002,1
191130018003003,1
191130018003004,1
191130018003005,1
191130018003006,1
191130018003007,1
191130018003008,1
191130018003009,1
191130018003010,1
191130019001000,1
191130019001001,1
191130019001002,1
191130019001003,1
191130019001004,1
191130019001005,1
191130019001006,1
191130019001007,1
191130019001008,1
191130019001009,1
191130019001010,1
191130019001011,1
191130019001012,1
191130013003044,1
191130013003045,1
191130017003012,1
191130017003013,1
191130017003018,1
191130017005004,1
191130017005013,1
191130017005014,1
191130017005015,1
191130017005020,1
191130017005021,1
191130017005022,1
191130017005023,1
191130017005024,1
191130017005025,1
191130019001013,1
191130019001014,1
191130019001015,1
191130019001016,1
191130019001017,1
191130019002004,1
191130019002005,1
191130019002006,1
191130019002007,1
191130019002008,1
191130019002009,1
191130019002010,1
191130019002011,1
191130019003000,1
191130019003001,1
191130019003002,1
191130019003003,1
191130019003004,1
191130019003005,1
191130019003006,1
191130019003007,1
191130019003008,1
191130019003009,1
191130019003022,1
191130019003023,1
191130019003024,1
191130019003025,1
191130019003026,1
191130019003027,1
191130019003028,1
191130019003029,1
191130019003030,1
191130019003031,1
191130019003032,1
191130019003033,1
191130019003034,1
191130019003035,1
191130019003036,1
191130019003037,1
191130019003038,1
191130019003039,1
191130019003040,1
191130019003041,1
191130019003042,1
191130019003044,1
191130019003045,1
191130027002000,1
191130027002001,1
191130027002002,1
191130027002003,1
191130027002004,1
191130027002005,1
191130027002006,1
191130027002007,1
191130027002008,1
191130027002009,1
191130027002013,1
191130027002014,1
191130027002015,1
191130027002016,1
191130027002017,1
191130027002034,1
191130027002035,1
191130027002036,1
191130027002037,1
191130027002040,1
191130027002041,1
191130027002042,1
191130014003015,1
191130014003016,1
191130014003018,1
191130014003019,1
191130014003020,1
191130014003021,1
191130014003022,1
191130014003023,1
191130014003024,1
191130014003025,1
191130014003026,1
191130018001000,1
191130018001001,1
191130018001002,1
191130018001003,1
191130018001004,1
191130018001005,1
191130018001006,1
191130018001007,1
191130018001008,1
191130018001009,1
191130018001010,1
191130018001011,1
191130018001012,1
191130018001013,1
191130018001014,1
191130018001015,1
191130018002000,1
191130018002001,1
191130018002004,1
191130018002005,1
191130018002006,1
191130018002007,1
191130018002008,1
191130018002009,1
191130018002010,1
191130018002011,1
191130018002012,1
191130018002013,1
191130018002014,1
191130015002023,1
191130016001000,1
191130016001001,1
191130016001002,1
191130016001003,1
191130016001004,1
191130016001005,1
191130016001006,1
191130016001007,1
191130016001008,1
191130016001009,1
191130016001010,1
191130016001011,1
191130016001012,1
191130016001013,1
191130016001014,1
191130016004009,1
191130017001000,1
191130017001001,1
191130017001002,1
191130017001003,1
191130017001004,1
191130017001005,1
191130017001006,1
191130017001007,1
191130017001008,1
191130017001009,1
191130017001010,1
191130017002000,1
191130017002001,1
191130017002002,1
191130017002003,1
191130017002004,1
191130017002005,1
191130017002006,1
191130017002007,1
191130017002008,1
191130017002009,1
191130017002010,1
191130016002003,1
191130016002004,1
191130016002005,1
191130016002006,1
191130016002007,1
191130016002008,1
191130016002009,1
191130016002010,1
191130016002011,1
191130016002012,1
191130016002013,1
191130016002014,1
191130016002018,1
191130016002019,1
191130016002020,1
191130016002021,1
191130016002022,1
191130016002027,1
191130016002028,1
191130016002032,1
191130016002033,1
191130016002034,1
191130016002035,1
191130017004000,1
191130017004001,1
191130017004002,1
191130017004003,1
191130017004004,1
191130017004005,1
191130017004006,1
191130017004007,1
191130017004008,1
191130017004009,1
191130017004010,1
191130017004011,1
191130017004012,1
191130017004013,1
191130017004014,1
191130017004015,1
191130017004016,1
191130017004017,1
191130017004018,1
191130017004019,1
191130017004020,1
191130017004021,1
191130017004022,1
191130017004023,1
191130017004024,1
191130017004025,1
191130017004026,1
191130017004027,1
191130017004028,1
191130017004029,1
191130017004030,1
191130017004031,1
191130017004032,1
191130028002003,1
191130028002004,1
191130028002005,1
191130028002006,1
191130028002007,1
191130028002008,1
191130028002010,1
191130028002011,1
191130017001011,1
191130017001012,1
191130017001013,1
191130017001014,1
191130017001015,1
191130017001016,1
191130017001017,1
191130017001018,1
191130017001019,1
191130017001020,1
191130017001021,1
191130017001022,1
191130017001023,1
191130017003000,1
191130017003001,1
191130017003002,1
191130017003003,1
191130017003004,1
191130017003005,1
191130017003006,1
191130017003007,1
191130017003008,1
191130017003009,1
191130017003010,1
191130017003011,1
191130017003014,1
191130017003015,1
191130017003016,1
191130017003017,1
191130017005000,1
191130017005001,1
191130017005002,1
191130017005003,1
191130017005005,1
191130017005006,1
191130017005007,1
191130017005008,1
191130017005009,1
191130017005010,1
191130017005011,1
191130017005012,1
191130017005016,1
191130017005017,1
191130017005018,1
191130017005019,1
191130017005026,1
191130017005027,1
191130017005028,1
191130019002000,1
191130019002001,1
191130019002002,1
191130019002003,1
191130022001060,1
191130022001061,1
191130022001062,1
191130022001074,1
191130022001075,1
191130022001076,1
191130022002003,1
191130022002004,1
191130022002005,1
191130022002006,1
191130022002007,1
191130022002012,1
191130022002013,1
191130022002014,1
191130022002015,1
191130022002016,1
191130022002017,1
191130022002018,1
191130022002019,1
191130022002020,1
191130022002021,1
191130022002026,1
191130022002027,1
191130022002028,1
191130022002033,1
191130022002034,1
191130022002035,1
191130022002036,1
191130022002037,1
191130022002038,1
191130022002039,1
191130023001024,1
191130023001025,1
191130024001000,1
191130024001001,1
191130024001002,1
191130024001003,1
191130024001004,1
191130024001005,1
191130024001006,1
191130024001007,1
191130024001008,1
191130024001009,1
191130024001010,1
191130024001011,1
191130024001012,1
191130024001013,1
191130024001014,1
191130024001015,1
191130024001016,1
191130024001017,1
191130024001018,1
191130024001019,1
191130024001020,1
191130024001021,1
191130024001022,1
191130024001023,1
191130024001024,1
191130024003000,1
191130025002016,1
191130025002018,1
191130025002020,1
191130025002021,1
191130025002022,1
191130025002023,1
191130025002024,1
191130025002025,1
191130025002026,1
191130025002027,1
191130025002028,1
191130025002029,1
191130025002030,1
191130025002031,1
191130025002032,1
191130025002033,1
191130025003000,1
191130025003001,1
191130025003002,1
191130025003003,1
191130025003004,1
191130025003005,1
191130025003006,1
191130025003007,1
191130025003008,1
191130025003009,1
191130025003010,1
191130025003011,1
191130025003012,1
191130025003013,1
191130025003014,1
191130025003015,1
191130025003016,1
191130025003017,1
191130025003018,1
191130025003019,1
191130025003020,1
191130025003021,1
191130025003022,1
191130025003023,1
191130025003024,1
191130025003025,1
191130025003026,1
191130025003027,1
191130025003028,1
191130025003029,1
191130025003030,1
191130025003031,1
191130024003001,1
191130024003002,1
191130024003003,1
191130024003004,1
191130024003005,1
191130024003006,1
191130024003007,1
191130024003008,1
191130024003009,1
191130024003010,1
191130024003011,1
191130024003012,1
191130024003013,1
191130024003014,1
191130024003015,1
191130024003016,1
191130024003017,1
191130024003018,1
191130030051001,1
191130030051002,1
191130030051003,1
191130030051004,1
191130030051005,1
191130030051006,1
191130030051007,1
191130030051008,1
191130030051009,1
191130030051010,1
191130030051011,1
191130030051012,1
191130030051013,1
191130030051014,1
191130030051015,1
191130030051016,1
191130030051017,1
191130030051018,1
191130030051019,1
191130030051021,1
191130030051022,1
191130030051023,1
191130030051024,1
191130030051025,1
191130030051026,1
191130030051027,1
191130030051028,1
191130026001000,1
191130026001001,1
191130026001002,1
191130026001003,1
191130026001004,1
191130026001005,1
191130026001006,1
191130026001007,1
191130026001008,1
191130026001009,1
191130026001010,1
191130026001011,1
191130026002000,1
191130026002001,1
191130026002006,1
191130026002007,1
191130026002008,1
191130026002009,1
191130026002010,1
191130026002011,1
191130026002012,1
191130026002026,1
191130026002027,1
191130026002028,1
191130026002029,1
191130026002030,1
191130026002032,1
191130026002033,1
191130026002034,1
191130026002035,1
191130026002036,1
191130026002037,1
191130026002038,1
191130026002039,1
191130026002040,1
191130026002041,1
191130027001000,1
191130027001001,1
191130027001002,1
191130027001003,1
191130027001004,1
191130027001005,1
191130027001006,1
191130027001007,1
191130027001008,1
191130027001009,1
191130027001010,1
191130027001011,1
191130027001012,1
191130027001013,1
191130027001014,1
191130027001015,1
191130027001016,1
191130027001018,1
191130027001019,1
191130027001020,1
191130027001021,1
191130027001022,1
191130027001023,1
191130027001024,1
191130027001025,1
191130027001026,1
191130027001027,1
191130027001028,1
191130027001029,1
191130027002010,1
191130027002011,1
191130027002012,1
191130027002038,1
191130027002039,1
191130027002043,1
191130027002044,1
191130027002045,1
191130027002046,1
191130027002047,1
191130027002048,1
191130027002049,1
191130027002050,1
191130027002051,1
191130027002052,1
191130027002053,1
191130027002054,1
191130027002055,1
191130027002056,1
191130027002057,1
191130027002058,1
191130027002059,1
191130027002060,1
191130027002061,1
191130027002062,1
191130028003018,1
191130028003019,1
191130028003020,1
191130029001000,1
191130029001001,1
191130029001010,1
191130029001011,1
191130026001012,1
191130026001013,1
191130026001014,1
191130026001015,1
191130026001017,1
191130026001018,1
191130026001019,1
191130026002047,1
191130026002048,1
191130029001002,1
191130029001003,1
191130029001004,1
191130029001005,1
191130029001006,1
191130029001007,1
191130029001008,1
191130029001009,1
191130029001012,1
191130029001013,1
191130029001014,1
191130029001015,1
191130029001016,1
191130029001017,1
191130029001018,1
191130029002000,1
191130029002001,1
191130029002002,1
191130029002003,1
191130029002010,1
191130029002011,1
191130029002012,1
191130029002013,1
191130029002014,1
191130029002015,1
191130029002016,1
191130029002017,1
191130029002018,1
191130029002019,1
191130029002020,1
191130029002021,1
191130029003006,1
191130029003007,1
191130029003008,1
191130029003009,1
191130029003010,1
191130029003011,1
191130029003014,1
191130029003015,1
191130028003029,1
191130029004045,1
191130030032001,1
191130030032002,1
191130030032008,1
191130030032009,1
191130030032010,1
191130030032011,1
191130030032012,1
191130030032013,1
191130030032014,1
191130030032015,1
191130030032016,1
191130030032017,1
191130030032018,1
191130030032019,1
191130030032020,1
191130030032021,1
191130030032022,1
191130030033002,1
191130030033004,1
191130030033005,1
191130030033006,1
191130030033007,1
191130030033008,1
191130030033009,1
191130030033010,1
191130030033011,1
191130030033012,1
191130030033013,1
191130030033014,1
191130030033015,1
191130030033018,1
191130030033019,1
191130030033020,1
191130030033021,1
191130030033022,1
191130030041000,1
191130030041001,1
191130030041002,1
191130030041003,1
191130030041004,1
191130030041005,1
191130030041006,1
191130030041007,1
191130030041008,1
191130030041009,1
191130030041010,1
191130030041011,1
191130030041012,1
191130030041013,1
191130030041014,1
191130030041015,1
191130030041016,1
191130030041017,1
191130030041018,1
191130030041019,1
191130030041020,1
191130030041021,1
191130030041022,1
191130030041023,1
191130030041024,1
191130030041025,1
191130030041026,1
191130030041027,1
191130030041028,1
191130030041029,1
191130030041030,1
191130030041031,1
191130030041032,1
191130030041033,1
191130030041034,1
191130030041035,1
191130030041036,1
191130030041037,1
191130030041038,1
191130030041039,1
191130030041040,1
191130030041041,1
191130030041042,1
191130030041043,1
191130030041044,1
191130030041045,1
191130030041046,1
191130030041047,1
191130030041048,1
191130030041049,1
191130030041050,1
191130030041051,1
191130030041052,1
191130030041053,1
191130030041054,1
191130030041055,1
191130030041056,1
191130030041057,1
191130030041058,1
191130030041059,1
191130030041060,1
191130030041061,1
191130030041062,1
191130030041063,1
191130030041064,1
191130030041065,1
191130030041066,1
191130030041067,1
191130030041068,1
191130030041069,1
191130030041070,1
191130030041071,1
191130030041072,1
191130030052021,1
191130030052029,1
191130030052032,1
191130107002008,1
191130107002009,1
191130107002010,1
191130107002011,1
191130107002012,1
191130107002013,1
191130107002015,1
191130107002018,1
191130107002037,1
191130107002038,1
191130107002039,1
191130107002040,1
191130107002041,1
191130107002042,1
191130107002044,1
191130107002059,1
191130107002060,1
191130107002064,1
191130107002065,1
191130107002066,1
191130107002067,1
191130107002068,1
191130107002069,1
191130107002070,1
191130107002071,1
191130107002072,1
191130107002085,1
191130107002086,1
191130107002087,1
191130107002088,1
191130107002090,1
191130107002091,1
191130107002092,1
191130107002097,1
191130029002004,1
191130029002005,1
191130029002006,1
191130029002007,1
191130029002008,1
191130029002009,1
191130029003000,1
191130029003001,1
191130029003002,1
191130029003003,1
191130029003004,1
191130029003005,1
191130029003012,1
191130029003013,1
191130029004000,1
191130029004001,1
191130029004002,1
191130029004003,1
191130029004004,1
191130029004005,1
191130029004006,1
191130029004007,1
191130029004008,1
191130029004009,1
191130029004010,1
191130029004011,1
191130029004012,1
191130029004013,1
191130029004014,1
191130029004015,1
191130029004016,1
191130029004017,1
191130029004018,1
191130029004019,1
191130029004020,1
191130029004021,1
191130029004022,1
191130029004023,1
191130029004024,1
191130029004025,1
191130029004026,1
191130029004027,1
191130029004028,1
191130029004029,1
191130029004030,1
191130029004031,1
191130029004032,1
191130029004033,1
191130029004034,1
191130029004035,1
191130029004036,1
191130029004037,1
191130029004038,1
191130029004039,1
191130029004040,1
191130029004041,1
191130029004042,1
191130029004043,1
191130029004044,1
191130030051000,1
191130030051020,1
191130030052000,1
191130030052001,1
191130030052002,1
191130030052003,1
191130030052004,1
191130030052005,1
191130030052006,1
191130030052007,1
191130030052008,1
191130030052009,1
191130030052010,1
191130030052011,1
191130030052012,1
191130030052013,1
191130030052030,1
191130030031000,1
191130030031001,1
191130030031002,1
191130030031003,1
191130030031004,1
191130030031005,1
191130030031006,1
191130030031007,1
191130030031008,1
191130030031009,1
191130030031010,1
191130030031011,1
191130030031012,1
191130030031013,1
191130030031014,1
191130030031015,1
191130030031016,1
191130107002001,1
191130107002002,1
191130107002003,1
191130107002004,1
191130107002005,1
191130107002006,1
191130107002007,1
191130107002075,1
191130107002076,1
191130030032006,1
191130030032007,1
191130030032023,1
191130030032024,1
191130030032025,1
191130107002000,1
191130107002073,1
191130107002074,1
191130107002077,1
191130107002078,1
191130107002079,1
191130107002080,1
191130107002081,1
191130107002082,1
191130107002083,1
191130107002084,1
191130107002089,1
191130107002093,1
191130107002094,1
191130107002095,1
191130107003003,1
191130107003004,1
191130107003005,1
191130107003006,1
191130107003007,1
191130107003008,1
191130107003010,1
191130107003011,1
191130107003029,1
191130107003030,1
191130107003031,1
191130030042000,1
191130030042001,1
191130030042002,1
191130030042003,1
191130030042004,1
191130030042005,1
191130030043000,1
191130030043001,1
191130030043002,1
191130030043003,1
191130030043004,1
191130030043005,1
191130030043006,1
191130030043007,1
191130030043008,1
191130030043009,1
191130030043010,1
191130030043011,1
191130030043012,1
191130030043013,1
191130030043014,1
191130030043015,1
191130030043016,1
191130030043017,1
191130030043018,1
191130030043019,1
191130030043020,1
191130030043021,1
191130030043022,1
191130030052015,1
191130030052016,1
191130030052017,1
191130030052019,1
191130030052022,1
191130030052023,1
191130030052025,1
191130030052027,1
191130030052028,1
191130030061001,1
191130030061002,1
191130030061003,1
191130030061004,1
191130030061005,1
191130030061006,1
191130030061007,1
191130030061008,1
191130030061009,1
191130030061010,1
191130030061011,1
191130030061012,1
191130030061013,1
191130030061014,1
191130030061015,1
191130030061016,1
191130030061017,1
191130030061018,1
191130030061019,1
191130030061020,1
191130030061021,1
191130030061022,1
191130030061023,1
191130030061024,1
191130030061025,1
191130030061026,1
191130030061027,1
191130030061028,1
191130030061029,1
191130030061030,1
191130030061031,1
191130030061032,1
191130030061033,1
191130030061034,1
191130030061035,1
191130030061036,1
191130030061037,1
191130030061038,1
191130030061039,1
191130030062004,1
191130030062005,1
191130030062009,1
191130030062010,1
191130030062012,1
191130030062013,1
191130030062015,1
191130030062016,1
191130107001009,1
191130107001010,1
191130107001011,1
191130107001012,1
191130107001013,1
191130107001014,1
191130107001024,1
191130107001025,1
191130107001026,1
191130107001027,1
191130107001028,1
191130107001029,1
191130107001030,1
191130107001031,1
191130107001032,1
191130107001033,1
191130107001038,1
191130107001039,1
191130107001040,1
191130107001041,1
191130107001042,1
191130107001043,1
191130107001044,1
191130107001045,1
191130107001046,1
191130107001047,1
191130107001048,1
191130107001049,1
191130107001050,1
191130107001051,1
191130107001052,1
191130107001053,1
191130107001054,1
191130107001055,1
191130107001056,1
191130107001057,1
191130107001058,1
191130107001059,1
191130107001060,1
191130107001061,1
191130107001062,1
191130107001063,1
191130107001064,1
191130107001065,1
191130107001066,1
191130107001067,1
191130107001068,1
191130107001069,1
191130107001070,1
191130107001071,1
191130107001072,1
191130107001073,1
191130107001074,1
191130107001075,1
191130107001076,1
191130107002014,1
191130107002016,1
191130107002017,1
191130107002019,1
191130107002020,1
191130107002021,1
191130107002022,1
191130107002023,1
191130107002024,1
191130107002025,1
191130107002026,1
191130107002027,1
191130107002028,1
191130107002029,1
191130107002030,1
191130107002031,1
191130107002032,1
191130107002033,1
191130107002034,1
191130107002035,1
191130107002036,1
191130107002043,1
191130107002045,1
191130107002046,1
191130107002047,1
191130107002048,1
191130107002049,1
191130107002050,1
191130107002051,1
191130107002052,1
191130107002053,1
191130107002054,1
191130107002055,1
191130107002056,1
191130107002057,1
191130107002058,1
191130107002061,1
191130107002062,1
191130107002063,1
191130107002096,1
191130107002098,1
191130030062000,1
191130030062001,1
191130030062002,1
191130030062003,1
191130030062006,1
191130030062007,1
191130030062008,1
191130030062011,1
191130030062014,1
191130030063000,1
191130030063001,1
191130030063002,1
191130030063003,1
191130030063004,1
191130030063005,1
191130030063006,1
191130030063007,1
191130030063008,1
191130030063009,1
191130030063010,1
191130030063011,1
191130030063012,1
191130030063013,1
191130030063014,1
191130030063015,1
191130030063016,1
191130030063017,1
191130030063018,1
191130030063019,1
191130030063020,1
191130030063021,1
191130030063022,1
191130107001000,1
191130107001017,1
191130107001018,1
191130107001019,1
191130107001020,1
191130107001021,1
191130107001022,1
191130107001023,1
191130107001034,1
191130107001035,1
191130107001036,1
191130107001037,1
191130101001000,1
191130101001001,1
191130101001002,1
191130101001003,1
191130101001004,1
191130101001011,1
191130101001012,1
191130101001013,1
191130101001014,1
191130101001015,1
191130101001016,1
191130101001017,1
191130101001018,1
191130101001019,1
191130101001020,1
191130101001021,1
191130101001022,1
191130101001023,1
191130101001024,1
191130101001025,1
191130101001026,1
191130101001027,1
191130101001030,1
191130101001031,1
191130101001032,1
191130101001033,1
191130101001034,1
191130101001035,1
191130101001036,1
191130101001037,1
191130101001038,1
191130101001039,1
191130101001040,1
191130101001041,1
191130101001042,1
191130101001043,1
191130101001044,1
191130101001045,1
191130101001046,1
191130101001047,1
191130101001048,1
191130101001049,1
191130101001050,1
191130101001051,1
191130101001052,1
191130101001053,1
191130101001115,1
191130101001116,1
191130101001118,1
191130101001119,1
191130101001120,1
191130101001121,1
191130101001122,1
191130101001123,1
191130101001125,1
191130101001005,1
191130101001006,1
191130101001007,1
191130101001008,1
191130101001009,1
191130101001010,1
191130101001028,1
191130101001029,1
191130101001054,1
191130101001055,1
191130101001056,1
191130101001057,1
191130101001058,1
191130101001059,1
191130101001060,1
191130101001061,1
191130101001062,1
191130101001063,1
191130101001064,1
191130101001065,1
191130101001066,1
191130101001067,1
191130101001068,1
191130101001069,1
191130101001070,1
191130101001071,1
191130101001072,1
191130101001073,1
191130101001074,1
191130101001075,1
191130101001076,1
191130101001077,1
191130101001078,1
191130101001079,1
191130101001080,1
191130101001081,1
191130101001082,1
191130101001083,1
191130101001084,1
191130101001085,1
191130101001086,1
191130101001087,1
191130101001088,1
191130101001089,1
191130101001090,1
191130101001091,1
191130101001092,1
191130101001093,1
191130101001094,1
191130101001095,1
191130101001096,1
191130101001097,1
191130101001098,1
191130101001099,1
191130101001100,1
191130101001101,1
191130101001102,1
191130101001104,1
191130101001106,1
191130101001109,1
191130101001113,1
191130101001114,1
191130101001117,1
191130101001124,1
191130101001126,1
191130101001127,1
191130101002000,1
191130101002001,1
191130101002002,1
191130101002023,1
191130101002024,1
191130101002025,1
191130101002026,1
191130101002027,1
191130101002028,1
191130101002029,1
191130101002030,1
191130101002031,1
191130101002032,1
191130101002033,1
191130101002034,1
191130101002035,1
191130101002064,1
191130101002065,1
191130101002067,1
191130101002068,1
191130101002069,1
191130101002073,1
191130101003000,1
191130101003001,1
191130101003002,1
191130101003003,1
191130101003004,1
191130101003005,1
191130101003006,1
191130101003007,1
191130101003008,1
191130101003009,1
191130101003010,1
191130101003011,1
191130101003012,1
191130101003013,1
191130101003014,1
191130101003015,1
191130101003016,1
191130101003017,1
191130101003018,1
191130101003019,1
191130101003020,1
191130101003021,1
191130101003022,1
191130101003023,1
191130101003024,1
191130101003025,1
191130101003026,1
191130101003027,1
191130101003028,1
191130101003029,1
191130101003030,1
191130101003031,1
191130101003032,1
191130101003033,1
191130101003034,1
191130101003035,1
191130101003036,1
191130101003037,1
191130101003038,1
191130101003039,1
191130101003040,1
191130101003041,1
191130101001103,1
191130101001105,1
191130101001107,1
191130101001108,1
191130101001110,1
191130101001111,1
191130101001112,1
191130103002051,1
191130103002052,1
191130103002053,1
191130103002138,1
191130103003004,1
191130103003005,1
191130103003006,1
191130103003007,1
191130103003008,1
191130103003009,1
191130103003010,1
191130103003014,1
191130103003018,1
191130103003019,1
191130103003023,1
191130103003024,1
191130103003025,1
191130103003026,1
191130103003028,1
191130103003029,1
191130103003030,1
191130103003031,1
191130103003032,1
191130103003033,1
191130103003034,1
191130103003035,1
191130103003036,1
191130103003037,1
191130103003038,1
191130103003039,1
191130103003040,1
191130103003041,1
191130103003042,1
191130103003043,1
191130103003044,1
191130103003045,1
191130103003046,1
191130103003047,1
191130103003050,1
191130103003051,1
191130103003052,1
191130103003053,1
191130103003054,1
191130103003055,1
191130103003056,1
191130103003057,1
191130103003058,1
191130103003059,1
191130103003060,1
191130103003061,1
191130103003062,1
191130103003063,1
191130103003064,1
191130103003065,1
191130103003066,1
191130103003067,1
191130103003068,1
191130103003069,1
191130103003070,1
191130103003071,1
191130103003072,1
191130103003073,1
191130103003074,1
191130103003075,1
191130103003077,1
191130103003078,1
191130103003083,1
191130103003087,1
191130103003088,1
191130103003091,1
191130103003092,1
191130103003093,1
191130101002003,1
191130101002004,1
191130101002005,1
191130101002006,1
191130101002007,1
191130101002008,1
191130101002009,1
191130101002010,1
191130101002011,1
191130101002012,1
191130101002013,1
191130101002014,1
191130101002015,1
191130101002016,1
191130101002017,1
191130101002018,1
191130101002019,1
191130101002020,1
191130101002021,1
191130101002022,1
191130101002036,1
191130101002037,1
191130101002038,1
191130101002039,1
191130101002040,1
191130101002041,1
191130101002042,1
191130101002043,1
191130101002044,1
191130101002045,1
191130101002046,1
191130101002047,1
191130101002048,1
191130101002049,1
191130101002050,1
191130101002051,1
191130101002052,1
191130101002053,1
191130101002054,1
191130101002055,1
191130101002056,1
191130101002057,1
191130101002058,1
191130101002059,1
191130101002060,1
191130101002061,1
191130101002062,1
191130101002063,1
191130101002066,1
191130101002070,1
191130101002071,1
191130101002072,1
191130101002074,1
191130101002075,1
191130101002076,1
191130101002077,1
191130101002078,1
191130101002079,1
191130101002080,1
191130101002081,1
191130101002082,1
191130101002083,1
191130102001000,1
191130102001001,1
191130102001002,1
191130102001003,1
191130102001004,1
191130102001005,1
191130102001006,1
191130102001007,1
191130102001008,1
191130102001009,1
191130102001010,1
191130102001011,1
191130102001012,1
191130102001013,1
191130102001014,1
191130102001015,1
191130102001016,1
191130102001017,1
191130102001018,1
191130102001019,1
191130102001020,1
191130102001021,1
191130102001022,1
191130102001023,1
191130102001024,1
191130102001025,1
191130102001026,1
191130102001027,1
191130102001028,1
191130102001029,1
191130102001030,1
191130102001031,1
191130102001032,1
191130102001033,1
191130102001034,1
191130102001035,1
191130102001036,1
191130102001037,1
191130102001038,1
191130102001039,1
191130102001040,1
191130102001041,1
191130102001042,1
191130102001043,1
191130102001044,1
191130102001045,1
191130102001046,1
191130102001047,1
191130102001048,1
191130102001049,1
191130102001050,1
191130102001051,1
191130102001052,1
191130102001053,1
191130102001054,1
191130102001055,1
191130102001056,1
191130102001057,1
191130102001058,1
191130102001059,1
191130102001060,1
191130102001061,1
191130102001062,1
191130102001063,1
191130102001064,1
191130102001065,1
191130102001066,1
191130102001067,1
191130102001068,1
191130102001069,1
191130102001070,1
191130102001071,1
191130102001072,1
191130102001073,1
191130102001074,1
191130102001077,1
191130102001078,1
191130102001079,1
191130102001080,1
191130102002000,1
191130102002001,1
191130102002002,1
191130102002003,1
191130102003000,1
191130102003003,1
191130102001075,1
191130102001076,1
191130102002004,1
191130102002005,1
191130102002006,1
191130102002007,1
191130102002008,1
191130102002009,1
191130102002010,1
191130102002011,1
191130102002012,1
191130102002013,1
191130102002014,1
191130102002015,1
191130102002016,1
191130102002017,1
191130102002018,1
191130102002019,1
191130102002020,1
191130102002021,1
191130102002022,1
191130102002023,1
191130102002024,1
191130102002025,1
191130102002026,1
191130102002027,1
191130102002028,1
191130102002029,1
191130102002030,1
191130102002031,1
191130102002032,1
191130102002033,1
191130102002034,1
191130102002035,1
191130102002036,1
191130102002037,1
191130102002038,1
191130102002039,1
191130102002040,1
191130102002041,1
191130102002042,1
191130102002043,1
191130102002044,1
191130102002045,1
191130102002046,1
191130102002047,1
191130102002048,1
191130102002049,1
191130102002050,1
191130102002051,1
191130102002052,1
191130102002053,1
191130102002054,1
191130102002055,1
191130102002056,1
191130102002057,1
191130102002058,1
191130102002059,1
191130102002060,1
191130102002061,1
191130102002062,1
191130102002063,1
191130102002064,1
191130102002065,1
191130102002066,1
191130102002067,1
191130102002068,1
191130102002069,1
191130102002070,1
191130102002071,1
191130102002072,1
191130102002073,1
191130102002074,1
191130102002075,1
191130102002076,1
191130102002077,1
191130102002078,1
191130102002079,1
191130102002080,1
191130102002081,1
191130102002082,1
191130102002083,1
191130102002084,1
191130102002085,1
191130102002086,1
191130102002087,1
191130102002088,1
191130102002089,1
191130102002090,1
191130102002091,1
191130102002092,1
191130102002093,1
191130102002094,1
191130102002095,1
191130102002096,1
191130102002097,1
191130102002098,1
191130102002099,1
191130102002100,1
191130102002101,1
191130102002102,1
191130102002103,1
191130102002104,1
191130102002105,1
191130102002106,1
191130102002107,1
191130102002108,1
191130102002109,1
191130102002110,1
191130102002111,1
191130102002112,1
191130102002113,1
191130102002114,1
191130102002115,1
191130102002116,1
191130102003001,1
191130102003002,1
191130102003004,1
191130102003005,1
191130102003006,1
191130102003007,1
191130102003008,1
191130102003009,1
191130102003010,1
191130102003011,1
191130102003012,1
191130102003013,1
191130102003014,1
191130102003015,1
191130102003016,1
191130102003017,1
191130102003018,1
191130102003019,1
191130102003020,1
191130102003021,1
191130102003022,1
191130102003023,1
191130102003024,1
191130102003025,1
191130102003026,1
191130102003027,1
191130102003028,1
191130102003029,1
191130102003030,1
191130102003031,1
191130102003032,1
191130102003033,1
191130102003034,1
191130102003035,1
191130102003036,1
191130102003037,1
191130102003038,1
191130102003039,1
191130102003040,1
191130102003041,1
191130102003042,1
191130102003043,1
191130103001000,1
191130103001001,1
191130103001002,1
191130103001003,1
191130103001004,1
191130103001005,1
191130103001006,1
191130103001007,1
191130103001008,1
191130103001009,1
191130103001010,1
191130103001011,1
191130103001012,1
191130103001013,1
191130103001014,1
191130103001015,1
191130103001016,1
191130103001017,1
191130103001018,1
191130103001019,1
191130103001020,1
191130103001021,1
191130103001022,1
191130103001023,1
191130103001024,1
191130103001025,1
191130103001026,1
191130103001027,1
191130103001028,1
191130103001029,1
191130103001030,1
191130103001031,1
191130103001032,1
191130103001033,1
191130103001034,1
191130103001035,1
191130103001036,1
191130103001037,1
191130103001038,1
191130103001039,1
191130103001040,1
191130103001041,1
191130103001042,1
191130103001043,1
191130103001044,1
191130103001045,1
191130103001046,1
191130103001047,1
191130103001048,1
191130103001049,1
191130103001050,1
191130103001051,1
191130103001052,1
191130103001053,1
191130103001054,1
191130103001055,1
191130103001056,1
191130103001057,1
191130103001058,1
191130103001059,1
191130103001060,1
191130103001061,1
191130103001062,1
191130103001063,1
191130103001064,1
191130103001065,1
191130103001066,1
191130103001067,1
191130103001068,1
191130103001069,1
191130103001070,1
191130103001071,1
191130103001072,1
191130103001073,1
191130103001074,1
191130103001075,1
191130103001076,1
191130103001077,1
191130103001078,1
191130103001079,1
191130103001080,1
191130103001081,1
191130103001082,1
191130103001083,1
191130103001084,1
191130103002000,1
191130103002001,1
191130103002002,1
191130103002003,1
191130103002004,1
191130103002005,1
191130103002006,1
191130103002007,1
191130103002012,1
191130103002013,1
191130103002014,1
191130103002015,1
191130103002016,1
191130103002017,1
191130103002018,1
191130103002019,1
191130103002020,1
191130103002021,1
191130103002022,1
191130103002023,1
191130103002024,1
191130103002025,1
191130103002026,1
191130103002027,1
191130103002028,1
191130103002029,1
191130103002030,1
191130103002031,1
191130103002032,1
191130103002033,1
191130103002034,1
191130103002039,1
191130103002040,1
191130103002041,1
191130103002042,1
191130103002043,1
191130103002044,1
191130103002113,1
191130103002114,1
191130103002115,1
191130103002116,1
191130103002117,1
191130103002118,1
191130103002124,1
191130103002125,1
191130103002126,1
191130103002127,1
191130103002128,1
191130103002129,1
191130103002130,1
191130103002131,1
191130103002132,1
191130103002133,1
191130103002134,1
191130103002135,1
191130103002136,1
191130103002137,1
191130103002140,1
191130103002143,1
191130103002008,1
191130103002009,1
191130103002010,1
191130103002011,1
191130103002035,1
191130103002036,1
191130103002037,1
191130103002038,1
191130103002045,1
191130103002046,1
191130103002047,1
191130103002048,1
191130103002049,1
191130103002050,1
191130103002054,1
191130103002055,1
191130103002056,1
191130103002057,1
191130103002058,1
191130103002059,1
191130103002060,1
191130103002061,1
191130103002062,1
191130103002063,1
191130103002064,1
191130103002065,1
191130103002066,1
191130103002067,1
191130103002068,1
191130103002069,1
191130103002070,1
191130103002071,1
191130103002072,1
191130103002073,1
191130103002074,1
191130103002075,1
191130103002076,1
191130103002077,1
191130103002078,1
191130103002079,1
191130103002080,1
191130103002081,1
191130103002082,1
191130103002083,1
191130103002084,1
191130103002085,1
191130103002086,1
191130103002087,1
191130103002088,1
191130103002089,1
191130103002090,1
191130103002091,1
191130103002092,1
191130103002093,1
191130103002094,1
191130103002095,1
191130103002096,1
191130103002097,1
191130103002098,1
191130103002099,1
191130103002100,1
191130103002101,1
191130103002102,1
191130103002103,1
191130103002104,1
191130103002105,1
191130103002106,1
191130103002107,1
191130103002108,1
191130103002109,1
191130103002110,1
191130103002111,1
191130103002112,1
191130103002119,1
191130103002120,1
191130103002121,1
191130103002122,1
191130103002123,1
191130103002139,1
191130103002141,1
191130103002142,1
191130103002144,1
191130103003000,1
191130103003001,1
191130103003002,1
191130103003003,1
191130103003011,1
191130103003012,1
191130103003013,1
191130103003015,1
191130103003016,1
191130103003017,1
191130103003020,1
191130103003021,1
191130103003022,1
191130103003027,1
191130103003048,1
191130103003049,1
191130103003076,1
191130103003079,1
191130103003080,1
191130103003081,1
191130103003082,1
191130103003084,1
191130103003085,1
191130103003086,1
191130103003089,1
191130103003090,1
191130103003094,1
191130104001000,1
191130104001001,1
191130104001002,1
191130104001003,1
191130104001004,1
191130104001005,1
191130104001006,1
191130104001007,1
191130104001008,1
191130104001009,1
191130104001010,1
191130104001011,1
191130104001012,1
191130104001013,1
191130104001014,1
191130104001015,1
191130104001016,1
191130104001017,1
191130104001018,1
191130104001019,1
191130104001020,1
191130104001021,1
191130104001022,1
191130104001023,1
191130104001024,1
191130104001025,1
191130104001026,1
191130104001027,1
191130104001028,1
191130104001029,1
191130104001030,1
191130104001031,1
191130104001032,1
191130104001033,1
191130104001034,1
191130104001035,1
191130104001036,1
191130104001037,1
191130104001038,1
191130104001039,1
191130104001040,1
191130104001041,1
191130104001042,1
191130104001046,1
191130104001047,1
191130104001048,1
191130104001049,1
191130104001050,1
191130104001051,1
191130104001052,1
191130104001056,1
191130104001057,1
191130104001069,1
191130104001074,1
191130104001075,1
191130104001076,1
191130104001077,1
191130104001078,1
191130104001080,1
191130104001082,1
191130104001084,1
191130104001142,1
191130104001145,1
191130104001146,1
191130104001147,1
191130104002000,1
191130104002001,1
191130104002002,1
191130104002008,1
191130104002024,1
191130104002025,1
191130104002026,1
191130104002043,1
191130104002044,1
191130104002045,1
191130104002046,1
191130104002047,1
191130104002048,1
191130104001043,1
191130104001044,1
191130104001045,1
191130104001079,1
191130104001081,1
191130104001083,1
191130104002003,1
191130104002004,1
191130104002005,1
191130104002006,1
191130104002007,1
191130104002009,1
191130104002010,1
191130104002011,1
191130104002012,1
191130104002013,1
191130104002014,1
191130104002015,1
191130104002016,1
191130104002017,1
191130104002018,1
191130104002019,1
191130104002020,1
191130104002021,1
191130104002022,1
191130104002023,1
191130104002027,1
191130104002028,1
191130104002029,1
191130104002030,1
191130104002031,1
191130104002032,1
191130104002033,1
191130104002034,1
191130104002035,1
191130104002036,1
191130104002037,1
191130104002038,1
191130104002039,1
191130104002040,1
191130104002041,1
191130104002042,1
191130104002049,1
191130104002050,1
191130104002051,1
191130104001053,1
191130104001054,1
191130104001055,1
191130104001058,1
191130104001059,1
191130104001060,1
191130104001061,1
191130104001062,1
191130104001063,1
191130104001064,1
191130104001065,1
191130104001066,1
191130104001067,1
191130104001068,1
191130104001070,1
191130104001071,1
191130104001072,1
191130104001073,1
191130104001085,1
191130104001086,1
191130104001087,1
191130104001088,1
191130104001089,1
191130104001090,1
191130104001091,1
191130104001092,1
191130104001093,1
191130104001094,1
191130104001095,1
191130104001096,1
191130104001097,1
191130104001098,1
191130104001099,1
191130104001100,1
191130104001101,1
191130104001102,1
191130104001103,1
191130104001104,1
191130104001105,1
191130104001106,1
191130104001107,1
191130104001108,1
191130104001109,1
191130104001110,1
191130104001111,1
191130104001112,1
191130104001113,1
191130104001114,1
191130104001115,1
191130104001116,1
191130104001117,1
191130104001118,1
191130104001119,1
191130104001120,1
191130104001121,1
191130104001122,1
191130104001123,1
191130104001124,1
191130104001125,1
191130104001126,1
191130104001127,1
191130104001128,1
191130104001129,1
191130104001130,1
191130104001131,1
191130104001132,1
191130104001133,1
191130104001134,1
191130104001135,1
191130104001136,1
191130104001137,1
191130104001138,1
191130104001139,1
191130104001140,1
191130104001141,1
191130104001143,1
191130104001144,1
191130104001148,1
191130106001032,1
191130106001033,1
191130106001034,1
191130106001035,1
191130106001036,1
191130106001037,1
191130106001038,1
191130106001039,1
191130106001040,1
191130106001041,1
191130106001042,1
191130106001043,1
191130106001044,1
191130106001071,1
191130106001072,1
191130106001073,1
191130106001074,1
191130106001075,1
191130106001076,1
191130106001077,1
191130106001078,1
191130106001079,1
191130106001080,1
191130106001081,1
191130106001082,1
191130106001083,1
191130106001089,1
191130106001090,1
191130106001091,1
191130106001092,1
191130106001113,1
191130106003000,1
191130106003001,1
191130106003002,1
191130106003003,1
191130106003004,1
191130106003005,1
191130106003006,1
191130106003007,1
191130106003008,1
191130106003009,1
191130106003010,1
191130106003011,1
191130106003012,1
191130106003013,1
191130106003014,1
191130106003015,1
191130106003016,1
191130106003017,1
191130106003018,1
191130106003019,1
191130106003020,1
191130106003021,1
191130106003022,1
191130106003023,1
191130106003024,1
191130106003025,1
191130106003026,1
191130106003027,1
191130106003028,1
191130106003029,1
191130106003030,1
191130106003031,1
191130106003032,1
191130106003033,1
191130106003034,1
191130106003035,1
191130106003036,1
191130106003037,1
191130106003038,1
191130106003039,1
191130106003040,1
191130106003041,1
191130106003042,1
191130106003043,1
191130106003044,1
191130106003045,1
191130106003046,1
191130106003047,1
191130106003048,1
191130106003049,1
191130106003050,1
191130106003051,1
191130106003052,1
191130106003053,1
191130106003054,1
191130106003055,1
191130106003060,1
191130106003061,1
191130106003062,1
191130106003063,1
191130106003064,1
191130106003065,1
191130106003066,1
191130106003067,1
191130106003068,1
191130106003070,1
191130106003089,1
191130106003090,1
191130106003098,1
191130106003099,1
191130106003100,1
191130107003009,1
191130107003012,1
191130107003013,1
191130107003014,1
191130107003015,1
191130107003016,1
191130107003017,1
191130107003019,1
191130107003020,1
191130107003021,1
191130107003022,1
191130107003023,1
191130107003024,1
191130107003027,1
191130107003032,1
191130107003034,1
191130107004030,1
191130107004031,1
191130107004032,1
191130107004033,1
191130107004039,1
191130107004040,1
191130107004041,1
191130107004042,1
191130107004043,1
191130107004044,1
191130107004045,1
191130107004048,1
191130107004050,1
191130107004051,1
191130107004052,1
191130107004053,1
191130107004054,1
191130107004055,1
191130107004056,1
191130107004058,1
191130108011000,1
191130108011001,1
191130108011002,1
191130108011003,1
191130108011004,1
191130108011005,1
191130108011006,1
191130108011007,1
191130108011008,1
191130108011009,1
191130108011010,1
191130108011011,1
191130108011012,1
191130108011013,1
191130108011014,1
191130108011015,1
191130108011016,1
191130108011017,1
191130108012000,1
191130108012001,1
191130108012002,1
191130108012003,1
191130108012004,1
191130108012005,1
191130108012006,1
191130108012007,1
191130108012008,1
191130108012009,1
191130108012010,1
191130108012011,1
191130108012012,1
191130108012013,1
191130108012014,1
191130108012015,1
191130108012016,1
191130108012017,1
191130108012018,1
191130108012019,1
191130108012020,1
191130108012021,1
191130108012022,1
191130108012023,1
191130108012024,1
191130108012025,1
191130108012026,1
191130108012027,1
191130108012028,1
191130108012029,1
191130108012030,1
191130108012031,1
191130108012032,1
191130108012033,1
191130108012034,1
191130108012035,1
191130108012036,1
191130108012037,1
191130108012038,1
191130108012039,1
191130108012040,1
191130108012041,1
191130108012042,1
191130108012043,1
191130108012044,1
191130108012045,1
191130108012046,1
191130108012047,1
191130108021000,1
191130108021001,1
191130108021002,1
191130108021003,1
191130108021004,1
191130108021005,1
191130108021006,1
191130108021007,1
191130108021008,1
191130108021009,1
191130108021010,1
191130108021011,1
191130108021012,1
191130108021013,1
191130108021014,1
191130108021015,1
191130108021016,1
191130108021017,1
191130108021018,1
191130108021019,1
191130108021020,1
191130108021021,1
191130108021022,1
191130108021023,1
191130108021024,1
191130108021025,1
191130108021026,1
191130108021027,1
191130108021028,1
191130108021029,1
191130108021030,1
191130108021031,1
191130108021032,1
191130108021033,1
191130108021034,1
191130108021035,1
191130108022000,1
191130108022001,1
191130108022002,1
191130108022003,1
191130108022004,1
191130108022005,1
191130108022006,1
191130108022007,1
191130108022008,1
191130108022009,1
191130108022010,1
191130108022011,1
191130108022012,1
191130108022013,1
191130108022014,1
191130108022015,1
191130108022016,1
191130108022017,1
191130108022018,1
191130108022019,1
191130108022020,1
191130108022021,1
191130108022022,1
191130108022023,1
191130108022024,1
191130108022025,1
191130108022026,1
191130108022027,1
191130108022028,1
191130108022029,1
191130108022030,1
191130108022031,1
191130108022032,1
191130108022033,1
191130108022034,1
191130108022035,1
191130108022036,1
191130108022037,1
191130108022038,1
191130108022039,1
191130108022040,1
191130108022041,1
191130108022042,1
191130108022043,1
191130108023000,1
191130108023001,1
191130108023002,1
191130108023003,1
191130108023004,1
191130108023005,1
191130108023006,1
191130108023007,1
191130108023008,1
191130108023009,1
191130108023010,1
191130108023011,1
191130108023012,1
191130108023013,1
191130108023014,1
191130108023015,1
191130108023016,1
191130108023017,1
191130108023018,1
191130108023019,1
191130108023020,1
191130108023021,1
191130108023022,1
191130108023023,1
191130108023024,1
191130108023025,1
191130108023026,1
191130108023027,1
191130108023028,1
191130108023029,1
191130108023030,1
191130108023031,1
191130108023032,1
191130108023033,1
191130108023034,1
191130108023035,1
191130108023036,1
191130108023037,1
191130108023038,1
191130108023039,1
191130108023040,1
191130108023041,1
191130108023042,1
191130108023043,1
191130108023044,1
191130108023045,1
191130108023046,1
191130108023047,1
191130108023048,1
191130108023049,1
191130108023050,1
191130108023051,1
191130108023052,1
191130108023053,1
191130108024000,1
191130108024001,1
191130108024002,1
191130108024003,1
191130108024004,1
191130108024005,1
191130108024006,1
191130108024007,1
191130108024008,1
191130108024009,1
191130108024010,1
191130108024011,1
191130108024012,1
191130108024013,1
191130108024014,1
191130108024015,1
191130108024016,1
191130108024017,1
191130108024018,1
191130108024019,1
191130108024020,1
191130108024021,1
191130108024022,1
191130108024023,1
191130108024024,1
191130108024025,1
191130108024026,1
191130108024027,1
191130108024028,1
191130108024029,1
191130108024030,1
191130108024031,1
191130108024032,1
191130108024033,1
191130108024034,1
191130108024035,1
191130108024036,1
191130108024037,1
191130108024038,1
191130108024039,1
191130108024040,1
191130108024041,1
191154501001000,2
191154501001001,2
191154501001002,2
191154501001003,2
191154501001004,2
191154501001005,2
191154501001006,2
191154501001007,2
191154501001008,2
191154501001009,2
191154501001010,2
191154501001011,2
191154501001012,2
191154501001013,2
191154501001014,2
191154501001015,2
191154501001016,2
191154501001017,2
191154501001018,2
191154501001020,2
191154501001021,2
191154501001022,2
191154501001023,2
191154501001024,2
191154501001025,2
191154501001026,2
191154501001027,2
191154501001028,2
191154501001029,2
191154501001030,2
191154501001031,2
191154501001032,2
191154501001033,2
191154501001034,2
191154501001035,2
191154501001036,2
191154501001037,2
191154501001038,2
191154501001039,2
191154501001040,2
191154501001041,2
191154501001042,2
191154501001043,2
191154501001044,2
191154501001045,2
191154501001046,2
191154501001047,2
191154501001048,2
191154501001049,2
191154501001050,2
191154501001051,2
191154501001054,2
191154501001055,2
191154501001056,2
191154501001057,2
191154501001064,2
191154501001065,2
191154501001066,2
191154501001067,2
191154501001068,2
191154501001069,2
191154501001070,2
191154501004013,2
191154501004014,2
191154501004015,2
191154501004057,2
191154501001019,2
191154501001052,2
191154501001053,2
191154501001058,2
191154501001059,2
191154501001060,2
191154501001061,2
191154501001062,2
191154501001063,2
191154501002049,2
191154501002050,2
191154501002062,2
191154501002063,2
191154501002064,2
191154501003000,2
191154501003001,2
191154501003002,2
191154501003003,2
191154501003004,2
191154501003005,2
191154501003006,2
191154501003007,2
191154501003008,2
191154501003009,2
191154501003010,2
191154501003011,2
191154501003012,2
191154501003013,2
191154501003014,2
191154501003015,2
191154501003016,2
191154501003017,2
191154501003018,2
191154501003019,2
191154501003020,2
191154501003021,2
191154501003022,2
191154501003023,2
191154501003024,2
191154501003025,2
191154501003026,2
191154501003027,2
191154501003028,2
191154501003029,2
191154501003030,2
191154501003031,2
191154501003032,2
191154501003033,2
191154501003034,2
191154501003036,2
191154501003037,2
191154501003043,2
191154501003045,2
191154501004000,2
191154501004001,2
191154501004002,2
191154501004003,2
191154501004004,2
191154501004012,2
191154501004016,2
191154501004017,2
191154501004029,2
191154501004031,2
191154501004032,2
191154501004037,2
191154501004038,2
191154501004039,2
191154501004040,2
191154501004041,2
191154501004042,2
191154501004043,2
191154501004044,2
191154501004045,2
191154501004046,2
191154501004047,2
191154501004048,2
191154501004049,2
191154501004050,2
191154501004051,2
191154501004054,2
191154501004055,2
191154501004056,2
191154501002000,2
191154501002001,2
191154501002002,2
191154501002003,2
191154501002004,2
191154501002005,2
191154501002006,2
191154501002007,2
191154501002008,2
191154501002009,2
191154501002010,2
191154501002011,2
191154501002012,2
191154501002013,2
191154501002014,2
191154501002015,2
191154501002016,2
191154501002017,2
191154501002018,2
191154501002019,2
191154501002020,2
191154501002021,2
191154501002022,2
191154501002023,2
191154501002024,2
191154501002025,2
191154501002026,2
191154501002027,2
191154501002028,2
191154501002029,2
191154501002030,2
191154501002031,2
191154501002032,2
191154501002033,2
191154501002034,2
191154501002035,2
191154501002036,2
191154501002037,2
191154501002038,2
191154501002039,2
191154501002040,2
191154501002041,2
191154501002042,2
191154501002043,2
191154501002044,2
191154501002045,2
191154501002046,2
191154501002047,2
191154501002048,2
191154501002051,2
191154501002052,2
191154501002053,2
191154501002054,2
191154501002055,2
191154501002056,2
191154501002057,2
191154501002058,2
191154501002059,2
191154501002060,2
191154501002061,2
191154501002065,2
191154501002066,2
191154501002071,2
191154501002072,2
191154501002073,2
191154501002107,2
191154501002108,2
191154501002109,2
191154501002110,2
191154501003035,2
191154501003038,2
191154501003039,2
191154501003040,2
191154501003041,2
191154501003042,2
191154501003044,2
191154501002067,2
191154501002068,2
191154501002069,2
191154501002070,2
191154501002074,2
191154501002075,2
191154501002076,2
191154501002077,2
191154501002078,2
191154501002093,2
191154501002094,2
191154502002101,2
191154502002102,2
191154502002103,2
191154502002106,2
191154502002107,2
191154502002115,2
191154502002116,2
191154502004055,2
191154502004061,2
191154502004065,2
191154502004066,2
191154503001000,2
191154503001001,2
191154503001002,2
191154503001003,2
191154503001004,2
191154503001005,2
191154503001007,2
191154503001008,2
191154503001009,2
191154503001010,2
191154503001011,2
191154503001012,2
191154503001015,2
191154503001016,2
191154503001017,2
191154503001018,2
191154503001019,2
191154503001020,2
191154503001021,2
191154503001022,2
191154503001023,2
191154503001024,2
191154503001037,2
191154503001038,2
191154503001039,2
191154503001040,2
191154503001041,2
191154503001042,2
191154503001043,2
191154503001044,2
191154503001045,2
191154503001049,2
191154503001050,2
191154503001051,2
191154503001052,2
191154503001053,2
191154503001054,2
191154503001055,2
191154503001056,2
191154503001057,2
191154503001062,2
191154503001063,2
191154503001064,2
191154503001065,2
191154503001071,2
191154503001072,2
191154503001073,2
191154503001076,2
191154503001077,2
191154503001078,2
191154503001079,2
191154503001080,2
191154503003017,2
191154503003018,2
191154503004000,2
191154503004001,2
191154503004002,2
191154503004003,2
191154503004004,2
191154503004005,2
191154503004006,2
191154503004007,2
191154503004008,2
191154503004009,2
191154503004010,2
191154503004011,2
191154503004012,2
191154503004013,2
191154503004014,2
191154503004015,2
191154503004016,2
191154503004017,2
191154503004018,2
191154503004019,2
191154503004020,2
191154503004021,2
191154503004022,2
191154503004023,2
191154503004024,2
191154503004025,2
191154503004026,2
191154503004027,2
191154503004028,2
191154503004029,2
191154503004030,2
191154503004031,2
191154503004032,2
191154503004033,2
191154503004034,2
191154503004035,2
191154503004036,2
191154503004037,2
191154503004038,2
191154503004039,2
191154503004040,2
191154503004041,2
191154503004042,2
191154503004043,2
191154503004044,2
191154503004045,2
191154503004046,2
191154503004047,2
191154503004048,2
191154503004049,2
191154503004050,2
191154503004051,2
191154503004052,2
191154503004053,2
191154503004054,2
191154503004055,2
191154503004056,2
191154503004057,2
191154503004058,2
191154503004059,2
191154503004060,2
191154503004061,2
191154503005000,2
191154503005001,2
191154503005002,2
191154503005003,2
191154503005004,2
191154503005005,2
191154503005006,2
191154503005007,2
191154503005008,2
191154503005009,2
191154503005010,2
191154503005011,2
191154503005012,2
191154503005013,2
191154503005014,2
191154503005015,2
191154503005016,2
191154503005017,2
191154503005018,2
191154503005019,2
191154503005020,2
191154503005021,2
191154503005022,2
191154503005023,2
191154503005024,2
191154503005025,2
191154503006000,2
191154503006001,2
191154503006002,2
191154503006003,2
191154503006004,2
191154503006005,2
191154503006006,2
191154503006007,2
191154503006008,2
191154503006009,2
191154503006010,2
191154503006011,2
191154503006012,2
191154503006013,2
191154503006014,2
191154503006015,2
191154503006016,2
191154503006017,2
191154503006018,2
191154503006019,2
191154503006020,2
191154503006021,2
191154503006022,2
191154503006023,2
191154503006024,2
191154503006025,2
191154503006026,2
191154503006027,2
191154503006028,2
191154503006029,2
191154503006030,2
191154503006031,2
191154503006032,2
191154503006033,2
191154503006034,2
191154503006035,2
191154503006036,2
191154503006037,2
191154503006038,2
191154503006039,2
191154503006040,2
191154503006041,2
191154503006042,2
191154503006043,2
191154503006044,2
191154503006045,2
191154503006046,2
191154503006047,2
191154503006048,2
191154503006049,2
191154503006050,2
191154503006051,2
191154503006052,2
191154503006053,2
191154503006054,2
191154503006055,2
191154503006056,2
191154503006057,2
191154503006058,2
191154503006059,2
191154503006060,2
191154503006061,2
191154503006062,2
191154503006063,2
191154503006064,2
191154503006065,2
191154501002079,2
191154501002080,2
191154501002081,2
191154501002082,2
191154501002083,2
191154501002084,2
191154501002085,2
191154501002086,2
191154501002087,2
191154501002088,2
191154501002089,2
191154501002090,2
191154501002091,2
191154501002092,2
191154501002095,2
191154501002096,2
191154501002097,2
191154501002098,2
191154501002099,2
191154501002100,2
191154501002101,2
191154501002102,2
191154501002103,2
191154501002104,2
191154501002105,2
191154501002106,2
191154501002111,2
191154501004005,2
191154501004006,2
191154501004007,2
191154501004008,2
191154501004009,2
191154501004010,2
191154501004011,2
191154501004018,2
191154501004019,2
191154501004020,2
191154501004021,2
191154501004022,2
191154501004023,2
191154501004024,2
191154501004025,2
191154501004026,2
191154501004027,2
191154501004028,2
191154501004030,2
191154501004033,2
191154501004034,2
191154501004035,2
191154501004036,2
191154501004052,2
191154501004053,2
191154501004058,2
191154501004059,2
191154502001000,2
191154502001001,2
191154502001002,2
191154502001003,2
191154502001004,2
191154502001005,2
191154502001006,2
191154502001007,2
191154502001008,2
191154502001009,2
191154502001010,2
191154502001013,2
191154502001021,2
191154502001022,2
191154502001023,2
191154502001024,2
191154502001025,2
191154502001026,2
191154502001027,2
191154502001028,2
191154502001029,2
191154502001030,2
191154502001031,2
191154502001032,2
191154502001033,2
191154502001047,2
191154502001048,2
191154502001049,2
191154502001050,2
191154502001051,2
191154502001052,2
191154502001053,2
191154502001054,2
191154502001055,2
191154502001056,2
191154502001080,2
191154502001081,2
191154502001011,2
191154502001012,2
191154502001014,2
191154502001015,2
191154502001016,2
191154502001017,2
191154502001018,2
191154502001019,2
191154502001020,2
191154502001034,2
191154502001035,2
191154502001036,2
191154502001037,2
191154502001038,2
191154502001039,2
191154502001040,2
191154502001041,2
191154502001042,2
191154502001043,2
191154502001044,2
191154502001045,2
191154502001046,2
191154502001057,2
191154502001058,2
191154502001059,2
191154502001060,2
191154502003003,2
191154502001061,2
191154502001062,2
191154502001063,2
191154502001064,2
191154502001065,2
191154502001066,2
191154502001067,2
191154502001068,2
191154502001069,2
191154502001070,2
191154502001071,2
191154502001072,2
191154502001073,2
191154502001074,2
191154502001075,2
191154502001076,2
191154502001077,2
191154502001078,2
191154502001079,2
191154502001082,2
191154502002000,2
191154502002001,2
191154502002002,2
191154502002003,2
191154502002004,2
191154502002005,2
191154502002006,2
191154502002007,2
191154502002008,2
191154502002009,2
191154502002010,2
191154502002011,2
191154502002012,2
191154502002013,2
191154502002014,2
191154502002015,2
191154502002016,2
191154502002017,2
191154502002018,2
191154502002019,2
191154502002026,2
191154502002038,2
191154502002039,2
191154502002040,2
191154502002041,2
191154502002042,2
191154502002045,2
191154502002046,2
191154502002047,2
191154502003000,2
191154502003001,2
191154502003002,2
191154502003004,2
191154502003005,2
191154502003006,2
191154502003007,2
191154502003008,2
191154502003009,2
191154502003010,2
191154502003011,2
191154502003012,2
191154502003013,2
191154502003014,2
191154502003015,2
191154502003016,2
191154502003017,2
191154502003018,2
191154502003019,2
191154502003020,2
191154502003021,2
191154502003022,2
191154502003023,2
191154502003024,2
191154502003025,2
191154502003026,2
191154502003027,2
191154502003028,2
191154502003029,2
191154502003030,2
191154502003031,2
191154502003032,2
191154502003033,2
191154502003034,2
191154502004000,2
191154502004001,2
191154502004002,2
191154502004003,2
191154502004004,2
191154502004005,2
191154502004006,2
191154502004007,2
191154502004008,2
191154502004009,2
191154502004010,2
191154502004011,2
191154502004012,2
191154502004013,2
191154502004014,2
191154502004015,2
191154502004016,2
191154502004017,2
191154502004018,2
191154502004019,2
191154502004020,2
191154502004021,2
191154502004022,2
191154502004023,2
191154502004024,2
191154502004025,2
191154502004026,2
191154502004027,2
191154502004028,2
191154502004029,2
191154502004030,2
191154502004031,2
191154502004032,2
191154502004033,2
191154502004034,2
191154502004035,2
191154502004036,2
191154502004037,2
191154502004038,2
191154502004039,2
191154502004040,2
191154502004041,2
191154502004042,2
191154502004043,2
191154502004044,2
191154502004045,2
191154502004046,2
191154502004047,2
191154502004048,2
191154502004049,2
191154502004050,2
191154502004051,2
191154502004052,2
191154502004053,2
191154502004054,2
191154502004056,2
191154502004057,2
191154502004058,2
191154502004059,2
191154502004060,2
191154502004062,2
191154502004063,2
191154502004064,2
191154502004067,2
191154502005000,2
191154502005001,2
191154502005002,2
191154502005003,2
191154502005004,2
191154502005005,2
191154502005006,2
191154502005007,2
191154502005008,2
191154502005009,2
191154502005010,2
191154502005011,2
191154502005012,2
191154502005013,2
191154502005014,2
191154502005015,2
191154502005016,2
191154502005017,2
191154502005018,2
191154502005019,2
191154502005020,2
191154502005021,2
191154502005022,2
191154502005023,2
191154502005024,2
191154502005025,2
191154502005026,2
191154502005027,2
191154502005028,2
191154503001006,2
191154502002020,2
191154502002021,2
191154502002022,2
191154502002023,2
191154502002024,2
191154502002025,2
191154502002027,2
191154502002028,2
191154502002029,2
191154502002030,2
191154502002031,2
191154502002032,2
191154502002033,2
191154502002034,2
191154502002035,2
191154502002036,2
191154502002037,2
191154502002048,2
191154502002049,2
191154502002050,2
191154502002051,2
191154502002052,2
191154502002053,2
191154502002054,2
191154502002055,2
191154502002056,2
191154502002057,2
191154502002058,2
191154502002059,2
191154502002060,2
191154502002061,2
191154502002062,2
191154502002063,2
191154502002064,2
191154502002065,2
191154502002085,2
191154502002086,2
191154502002087,2
191154502002088,2
191154502002089,2
191154502002090,2
191154502002091,2
191154502002043,2
191154502002044,2
191154502002066,2
191154502002067,2
191154502002068,2
191154502002069,2
191154502002070,2
191154502002071,2
191154502002072,2
191154502002073,2
191154502002074,2
191154502002075,2
191154502002076,2
191154502002077,2
191154502002078,2
191154502002079,2
191154502002080,2
191154502002081,2
191154502002082,2
191154502002083,2
191154502002084,2
191154502002095,2
191154502002096,2
191154502002097,2
191154502002098,2
191154502002099,2
191154502002100,2
191154502002104,2
191154502002105,2
191154502002108,2
191154502002109,2
191154502002110,2
191154502002111,2
191154502002112,2
191154502002113,2
191154502002114,2
191154502002122,2
191154502002123,2
191154502002147,2
191154503001013,2
191154503001014,2
191154502002092,2
191154502002093,2
191154502002094,2
191154502002117,2
191154502002118,2
191154502002119,2
191154502002120,2
191154502002121,2
191154502002124,2
191154502002125,2
191154502002126,2
191154502002127,2
191154502002128,2
191154502002129,2
191154502002130,2
191154502002131,2
191154502002132,2
191154502002133,2
191154502002134,2
191154502002135,2
191154502002136,2
191154502002137,2
191154502002138,2
191154502002139,2
191154502002140,2
191154502002141,2
191154502002142,2
191154502002143,2
191154502002144,2
191154502002145,2
191154502002146,2
191154503001025,2
191154503001026,2
191154503001027,2
191154503001028,2
191154503001029,2
191154503001030,2
191154503001031,2
191154503001032,2
191154503001033,2
191154503001034,2
191154503001035,2
191154503001036,2
191154503001046,2
191154503001047,2
191154503001048,2
191154503001066,2
191154503001067,2
191154503001068,2
191154503001069,2
191154503001070,2
191154503001081,2
191154503001082,2
191154503001083,2
191154503001084,2
191154503001085,2
191154503001086,2
191154503001087,2
191154503001088,2
191154503001089,2
191154503001090,2
191154503001091,2
191154503001092,2
191154503001093,2
191154503001094,2
191154503001095,2
191154503001096,2
191154503001097,2
191154503001098,2
191154503001099,2
191154503002000,2
191154503002001,2
191154503002002,2
191154503002003,2
191154503002004,2
191154503002005,2
191154503002006,2
191154503002007,2
191154503002008,2
191154503002009,2
191154503002010,2
191154503002011,2
191154503002012,2
191154503002013,2
191154503002014,2
191154503002015,2
191154503002016,2
191154503002017,2
191154503002018,2
191154503002019,2
191154503002020,2
191154503002021,2
191154503002022,2
191154503002023,2
191154503002024,2
191154503002025,2
191154503002026,2
191154503002027,2
191154503002028,2
191154503002029,2
191154503002030,2
191154503002031,2
191154503002032,2
191154503002033,2
191154503002034,2
191154503002035,2
191154503002036,2
191154503002037,2
191154503002038,2
191154503002039,2
191154503002040,2
191154503002041,2
191154503002042,2
191154503002043,2
191154503002044,2
191154503002045,2
191154503002046,2
191154503002047,2
191154503002048,2
191154503002049,2
191154503002050,2
191154503002051,2
191154503002052,2
191154503002053,2
191154503002054,2
191154503002055,2
191154503002056,2
191154503002057,2
191154503002058,2
191154503002059,2
191154503002060,2
191154503002061,2
191154503002062,2
191154503002063,2
191154503001058,2
191154503001059,2
191154503001060,2
191154503001061,2
191154503001074,2
191154503001075,2
191154503003000,2
191154503003001,2
191154503003002,2
191154503003003,2
191154503003004,2
191154503003005,2
191154503003006,2
191154503003007,2
191154503003008,2
191154503003009,2
191154503003010,2
191154503003011,2
191154503003012,2
191154503003013,2
191154503003014,2
191154503003015,2
191154503003016,2
191154503003019,2
191154503003020,2
191154503003021,2
191154503003022,2
191154503003023,2
191154503003024,2
191154503003025,2
191154503003026,2
191154503003027,2
191154503003028,2
191154503003029,2
191154503003030,2
191154503003031,2
191154503003032,2
191154503003033,2
191154503003034,2
191154503003035,2
191154503003036,2
191154503003037,2
191154503003038,2
191154503003039,2
191154503003040,2
191154503003041,2
191154503003042,2
191154503003043,2
191154503003044,2
191154503003045,2
191154503003046,2
191154503003047,2
191154503003048,2
191154503003049,2
191154503003050,2
191154503003051,2
191154503003052,2
191154503003053,2
191154503003054,2
191154503003055,2
191154503003056,2
191154503003057,2
191154503003058,2
191154503003059,2
191154503003060,2
191154503003061,2
191179501001000,2
191179501001001,2
191179501001002,2
191179501001003,2
191179501001004,2
191179501001005,2
191179501001006,2
191179501001100,2
191179501002073,2
191179501002083,2
191179501002084,2
191179501002085,2
191179501002086,2
191179501002087,2
191179501002088,2
191179501002089,2
191179501002090,2
191179501002091,2
191179501002092,2
191179501002101,2
191179501002102,2
191179501002103,2
191179501002104,2
191179501002105,2
191179501001007,2
191179501001017,2
191179501001018,2
191179501001019,2
191179501001020,2
191179501001021,2
191179501001022,2
191179501001023,2
191179501001024,2
191179501001025,2
191179501001026,2
191179501001027,2
191179501001028,2
191179501001029,2
191179501001030,2
191179501001031,2
191179501001032,2
191179501001033,2
191179501001034,2
191179501001035,2
191179501001036,2
191179501001037,2
191179501001038,2
191179501001039,2
191179501001040,2
191179501001041,2
191179501001042,2
191179501001043,2
191179501001044,2
191179501001045,2
191179501001046,2
191179501001047,2
191179501001048,2
191179501001049,2
191179501001050,2
191179501001051,2
191179501001052,2
191179501001053,2
191179501001054,2
191179501001055,2
191179501001056,2
191179501001057,2
191179501001058,2
191179501001059,2
191179501001060,2
191179501001061,2
191179501001062,2
191179501001063,2
191179501001064,2
191179501001065,2
191179501001066,2
191179501001067,2
191179501001068,2
191179501001069,2
191179501001070,2
191179501001071,2
191179501001072,2
191179501001073,2
191179501001008,2
191179501001009,2
191179501001010,2
191179501001011,2
191179501001012,2
191179501001013,2
191179501001014,2
191179501001015,2
191179501001016,2
191179501001074,2
191179501001075,2
191179501001076,2
191179501001077,2
191179501001078,2
191179501001079,2
191179501001080,2
191179501001081,2
191179501001082,2
191179501001083,2
191179501001084,2
191179501001085,2
191179501001086,2
191179501001087,2
191179501001088,2
191179501001089,2
191179501001090,2
191179501001091,2
191179501001092,2
191179501001093,2
191179501001094,2
191179501001095,2
191179501001096,2
191179501001097,2
191179501001098,2
191179501001099,2
191179501002000,2
191179501002001,2
191179501002002,2
191179501002003,2
191179501002004,2
191179501002005,2
191179501002006,2
191179501002007,2
191179501002017,2
191179501002018,2
191179501002019,2
191179501002020,2
191179501002021,2
191179501002022,2
191179501002023,2
191179501002024,2
191179501002025,2
191179501002026,2
191179501002027,2
191179501002028,2
191179501002029,2
191179501002030,2
191179501002031,2
191179501002032,2
191179501002033,2
191179501002036,2
191179501002037,2
191179501002038,2
191179501002039,2
191179501002040,2
191179501002041,2
191179501002042,2
191179501002043,2
191179501002074,2
191179501002075,2
191179501002076,2
191179501002008,2
191179501002009,2
191179501002010,2
191179501002011,2
191179501002012,2
191179501002013,2
191179501002014,2
191179501002015,2
191179501002016,2
191179501002034,2
191179501002035,2
191179501002044,2
191179501002045,2
191179501002046,2
191179501002047,2
191179501002048,2
191179501002049,2
191179501002050,2
191179501002051,2
191179501002052,2
191179501002053,2
191179501002054,2
191179501002055,2
191179501002056,2
191179501002057,2
191179501002058,2
191179501002059,2
191179501002060,2
191179501002061,2
191179501002062,2
191179501002063,2
191179501002064,2
191179501002066,2
191179501002067,2
191179501002068,2
191179501002069,2
191179502003000,2
191179502003001,2
191179502003002,2
191179502003003,2
191179502003014,2
191179502003015,2
191179502003016,2
191179502003017,2
191179502003018,2
191179502003019,2
191179502003020,2
191179502003021,2
191179502003023,2
191179502003024,2
191179502003025,2
191179502003048,2
191179503001000,2
191179503001006,2
191179501002065,2
191179501002070,2
191179501002071,2
191179501002072,2
191179501002077,2
191179501002078,2
191179501002079,2
191179501002080,2
191179501002081,2
191179501002082,2
191179501002093,2
191179501002094,2
191179501002095,2
191179501002096,2
191179501002097,2
191179501002098,2
191179501002099,2
191179501002100,2
191179501002106,2
191179501002107,2
191179501002108,2
191179501002109,2
191179501002110,2
191179501002118,2
191179501002119,2
191179501002120,2
191179501002126,2
191179501002134,2
191179501002156,2
191179502001011,2
191179502001013,2
191179502003049,2
191179503001004,2
191179503001005,2
191179503001007,2
191179503001008,2
191179503001020,2
191179503002052,2
191179503002055,2
191179503002056,2
191179503002058,2
191179503002059,2
191179504001045,2
191179504001047,2
191179504003000,2
191179504003001,2
191179504003002,2
191179504003003,2
191179504003004,2
191179504003022,2
191179504003023,2
191179501002111,2
191179501002112,2
191179501002113,2
191179501002114,2
191179501002115,2
191179501002116,2
191179501002117,2
191179502001012,2
191179503001011,2
191179503001012,2
191179503001013,2
191179503001014,2
191179503001015,2
191179503001016,2
191179503001017,2
191179503001018,2
191179503001019,2
191179503001021,2
191179503001022,2
191179503001023,2
191179503001024,2
191179503001025,2
191179503001026,2
191179503001027,2
191179503001028,2
191179503001029,2
191179503001030,2
191179503001031,2
191179503001032,2
191179503001033,2
191179503001034,2
191179503001035,2
191179503001036,2
191179503001037,2
191179503001038,2
191179503001039,2
191179503001040,2
191179503001041,2
191179503001042,2
191179503001043,2
191179503001044,2
191179503001045,2
191179503001046,2
191179503002000,2
191179503002001,2
191179503002002,2
191179503002003,2
191179503002004,2
191179503002005,2
191179503002006,2
191179503002007,2
191179503002008,2
191179503002009,2
191179503002010,2
191179503002011,2
191179503002012,2
191179503002013,2
191179503002014,2
191179503002015,2
191179503002016,2
191179503002017,2
191179503002018,2
191179503002019,2
191179503002020,2
191179503002021,2
191179503002022,2
191179503002023,2
191179503002024,2
191179503002025,2
191179503002026,2
191179503002027,2
191179503002028,2
191179503002029,2
191179503002030,2
191179503002031,2
191179503002032,2
191179503002033,2
191179503002034,2
191179503002035,2
191179503002036,2
191179503002037,2
191179503002038,2
191179503002039,2
191179503002040,2
191179503002042,2
191179503002043,2
191179503002044,2
191179503002045,2
191179503002046,2
191179503002047,2
191179503002048,2
191179503002049,2
191179503002050,2
191179503002051,2
191179503002054,2
191179503002057,2
191179504001000,2
191179504001001,2
191179504001002,2
191179504001003,2
191179504001004,2
191179504001005,2
191179504001006,2
191179504001007,2
191179504001008,2
191179504001009,2
191179504001010,2
191179504001011,2
191179504001012,2
191179504001013,2
191179504001014,2
191179504001015,2
191179504001016,2
191179504001017,2
191179504001018,2
191179504001019,2
191179504001020,2
191179504001021,2
191179504001022,2
191179504001023,2
191179504001024,2
191179504001025,2
191179504001026,2
191179504001027,2
191179504001028,2
191179504001029,2
191179504001030,2
191179504001031,2
191179504001032,2
191179504001033,2
191179504001034,2
191179504001035,2
191179504001036,2
191179504001037,2
191179504001038,2
191179504001039,2
191179504001040,2
191179504001041,2
191179504001042,2
191179504001043,2
191179504001044,2
191179504001046,2
191179504001048,2
191179504002000,2
191179504002001,2
191179504002002,2
191179504002003,2
191179504002004,2
191179504002005,2
191179504002006,2
191179504002007,2
191179504002008,2
191179504002009,2
191179504002010,2
191179504002011,2
191179504002012,2
191179504002013,2
191179504002014,2
191179504002015,2
191179504002016,2
191179504002017,2
191179504002018,2
191179504002019,2
191179504002020,2
191179504002021,2
191179504002022,2
191179504002023,2
191179504002024,2
191179504003005,2
191179504003006,2
191179504003007,2
191179504003008,2
191179504003009,2
191179504003010,2
191179504003011,2
191179504003012,2
191179504003013,2
191179504003014,2
191179504003015,2
191179504003016,2
191179504003017,2
191179504003018,2
191179504003019,2
191179504003020,2
191179504003021,2
191179504003024,2
191179504003025,2
191179504003026,2
191179504003027,2
191179504003028,2
191179504003029,2
191179504003030,2
191179504003031,2
191179504003032,2
191179504003033,2
191179504003034,2
191179504003035,2
191179504003036,2
191179504003037,2
191179504003038,2
191179504003039,2
191179504003040,2
191179504003041,2
191179504003042,2
191179501002121,2
191179501002122,2
191179501002123,2
191179501002124,2
191179501002125,2
191179501002127,2
191179501002128,2
191179501002129,2
191179501002130,2
191179501002131,2
191179501002132,2
191179501002133,2
191179501002135,2
191179501002136,2
191179501002137,2
191179501002138,2
191179501002139,2
191179501002140,2
191179501002141,2
191179501002142,2
191179501002143,2
191179501002144,2
191179501002145,2
191179501002146,2
191179501002147,2
191179501002148,2
191179501002149,2
191179501002150,2
191179501002151,2
191179501002152,2
191179501002153,2
191179501002154,2
191179501002155,2
191179501002157,2
191179501002158,2
191179501002159,2
191179502001058,2
191179502001059,2
191179502001060,2
191179502001063,2
191179502001064,2
191179502001106,2
191179502001107,2
191179502001108,2
191179502001000,2
191179502001001,2
191179502001002,2
191179502001003,2
191179502001004,2
191179502001005,2
191179502001009,2
191179502001010,2
191179502001110,2
191179502002069,2
191179502002088,2
191179502002089,2
191179502003043,2
191179502003044,2
191179502003051,2
191179502003052,2
191179502003053,2
191179502003055,2
191179502003056,2
191179502003057,2
191179502003058,2
191179502003059,2
191179502003060,2
191179502003061,2
191179502003062,2
191179502003063,2
191179502003064,2
191179502003065,2
191179502003066,2
191179502003067,2
191179502003069,2
191179502003070,2
191179503001002,2
191179503001003,2
191179503001009,2
191179503001010,2
191179503002041,2
191179503002053,2
191179502001006,2
191179502001007,2
191179502001008,2
191179502001014,2
191179502001015,2
191179502001016,2
191179502001017,2
191179502001050,2
191179502001053,2
191179502001054,2
191179502001055,2
191179502001056,2
191179502001057,2
191179502001061,2
191179502001062,2
191179502001065,2
191179502001066,2
191179502001067,2
191179502001068,2
191179502001069,2
191179502001070,2
191179502001071,2
191179502001072,2
191179502001086,2
191179502001087,2
191179502001088,2
191179502001089,2
191179502001090,2
191179502001099,2
191179502001100,2
191179502001101,2
191179502001102,2
191179502001104,2
191179502001105,2
191179502001109,2
191179502001018,2
191179502001022,2
191179502001023,2
191179502001024,2
191179502001025,2
191179502001026,2
191179502001027,2
191179502001028,2
191179502001029,2
191179502001030,2
191179502001031,2
191179502001032,2
191179502001033,2
191179502001034,2
191179502001035,2
191179502001036,2
191179502001037,2
191179502001038,2
191179502001039,2
191179502001040,2
191179502001041,2
191179502001042,2
191179502001043,2
191179502001044,2
191179502001045,2
191179502001046,2
191179502001047,2
191179502001048,2
191179502001049,2
191179502001051,2
191179502001052,2
191179502001073,2
191179502001074,2
191179502001075,2
191179502001076,2
191179502001077,2
191179502001078,2
191179502001079,2
191179502001080,2
191179502001081,2
191179502001082,2
191179502001083,2
191179502001084,2
191179502001085,2
191179502001091,2
191179502001092,2
191179502001093,2
191179502001094,2
191179502001095,2
191179502001096,2
191179502001097,2
191179502001098,2
191179502001103,2
191179502002119,2
191179502002120,2
191179502002121,2
191179502002123,2
191179502001019,2
191179502001020,2
191179502001021,2
191179502002037,2
191179502002038,2
191179502002039,2
191179502002040,2
191179502002041,2
191179502002044,2
191179502002045,2
191179502002046,2
191179502002047,2
191179502002048,2
191179502002049,2
191179502002050,2
191179502002051,2
191179502002052,2
191179502002053,2
191179502002054,2
191179502002055,2
191179502002056,2
191179502002057,2
191179502002058,2
191179502002059,2
191179502002060,2
191179502002061,2
191179502002062,2
191179502002063,2
191179502002064,2
191179502002065,2
191179502002066,2
191179502002067,2
191179502002068,2
191179502002070,2
191179502002071,2
191179502002072,2
191179502002073,2
191179502002074,2
191179502002075,2
191179502002076,2
191179502002077,2
191179502002078,2
191179502002079,2
191179502002080,2
191179502002081,2
191179502002082,2
191179502002083,2
191179502002084,2
191179502002085,2
191179502002086,2
191179502002087,2
191179502002090,2
191179502002091,2
191179502002092,2
191179502002093,2
191179502002094,2
191179502002095,2
191179502002096,2
191179502002097,2
191179502002098,2
191179502002099,2
191179502002100,2
191179502002101,2
191179502002102,2
191179502002103,2
191179502002104,2
191179502002105,2
191179502002106,2
191179502002107,2
191179502002108,2
191179502002109,2
191179502002110,2
191179502002111,2
191179502002112,2
191179502002113,2
191179502002114,2
191179502002115,2
191179502002116,2
191179502002117,2
191179502002118,2
191179502002122,2
191179502003068,2
191179502002000,2
191179502002001,2
191179502002016,2
191179502002017,2
191179502002025,2
191179502003004,2
191179502003005,2
191179502003006,2
191179502003007,2
191179502003008,2
191179502003009,2
191179502003010,2
191179502003011,2
191179502003012,2
191179502003013,2
191179502003022,2
191179502003026,2
191179502003027,2
191179502003028,2
191179502003029,2
191179502003030,2
191179502003031,2
191179502003032,2
191179502003033,2
191179502003034,2
191179502003035,2
191179502003036,2
191179502003037,2
191179502003038,2
191179502003039,2
191179502003040,2
191179502003041,2
191179502003042,2
191179502003045,2
191179502003046,2
191179502003047,2
191179502003050,2
191179502003054,2
191179503001001,2
191179502002002,2
191179502002003,2
191179502002004,2
191179502002005,2
191179502002006,2
191179502002007,2
191179502002008,2
191179502002009,2
191179502002010,2
191179502002011,2
191179502002012,2
191179502002013,2
191179502002014,2
191179502002015,2
191179502002018,2
191179502002019,2
191179502002020,2
191179502002021,2
191179502002022,2
191179502002023,2
191179502002024,2
191179502002026,2
191179502002027,2
191179502002028,2
191179502002029,2
191179502002030,2
191179502002031,2
191179502002032,2
191179502002033,2
191179502002034,2
191179502002035,2
191179502002036,2
191179502002042,2
191179502002043,2
191199501001000,4
191199501001001,4
191199501001002,4
191199501001003,4
191199501001004,4
191199501001005,4
191199501001006,4
191199501001018,4
191199501001019,4
191199501001020,4
191199501001021,4
191199501001022,4
191199501001036,4
191199501001037,4
191199501001038,4
191199501001039,4
191199501001040,4
191199501001041,4
191199501001042,4
191199501001043,4
191199501001044,4
191199501001045,4
191199501001046,4
191199501001047,4
191199501001048,4
191199501001052,4
191199501001053,4
191199501001054,4
191199501001055,4
191199501001056,4
191199501001057,4
191199501001058,4
191199501001059,4
191199501001060,4
191199501001061,4
191199501001062,4
191199501001063,4
191199501001064,4
191199501001065,4
191199501001066,4
191199501001067,4
191199501001068,4
191199501001069,4
191199501001070,4
191199501001071,4
191199501001072,4
191199501001073,4
191199501001074,4
191199501001075,4
191199501001076,4
191199501001077,4
191199501001078,4
191199501001079,4
191199501001080,4
191199501001081,4
191199501001082,4
191199501001083,4
191199501001084,4
191199501001085,4
191199501001086,4
191199501001087,4
191199501001088,4
191199501001089,4
191199501001090,4
191199501001091,4
191199501001092,4
191199501001093,4
191199501001094,4
191199501001095,4
191199501001007,4
191199501001008,4
191199501001009,4
191199501001010,4
191199501001011,4
191199501001012,4
191199501001013,4
191199501001014,4
191199501001015,4
191199501001016,4
191199501001017,4
191199501001023,4
191199501001024,4
191199501001025,4
191199501001026,4
191199501001027,4
191199501001028,4
191199501001029,4
191199501001030,4
191199501001031,4
191199501001032,4
191199501001033,4
191199501001034,4
191199501001035,4
191199501001049,4
191199501001050,4
191199501001051,4
191199501001096,4
191199501001097,4
191199501002000,4
191199501002001,4
191199501003007,4
191199501003008,4
191199501003009,4
191199501003010,4
191199501003011,4
191199501003012,4
191199501003013,4
191199501003014,4
191199501003015,4
191199501003016,4
191199501003017,4
191199501003018,4
191199501003052,4
191199501003053,4
191199501003054,4
191199501003055,4
191199501003056,4
191199501003057,4
191199501003058,4
191199501003059,4
191199501003060,4
191199501003061,4
191199501003062,4
191199501003063,4
191199501003064,4
191199501003065,4
191199501003066,4
191199501003067,4
191199501003068,4
191199501003090,4
191199501003091,4
191199501003096,4
191199501003097,4
191199501002002,4
191199501002003,4
191199501002004,4
191199501002005,4
191199501002006,4
191199501002007,4
191199501002008,4
191199501002009,4
191199501002010,4
191199501002011,4
191199501002012,4
191199501002013,4
191199501002014,4
191199501002017,4
191199501002018,4
191199501002019,4
191199501002020,4
191199501002021,4
191199501002022,4
191199501002023,4
191199501002024,4
191199501002025,4
191199501002026,4
191199501002027,4
191199501002028,4
191199501002029,4
191199501002030,4
191199501002031,4
191199501002032,4
191199501002033,4
191199501002034,4
191199501002035,4
191199501002036,4
191199501002037,4
191199501002038,4
191199501002039,4
191199501002040,4
191199501002041,4
191199501002042,4
191199501002043,4
191199501002044,4
191199501002045,4
191199501002046,4
191199501002047,4
191199501002048,4
191199501002049,4
191199501002050,4
191199501002054,4
191199501002055,4
191199501002056,4
191199501002057,4
191199501002058,4
191199501002059,4
191199501002060,4
191199501002061,4
191199501002062,4
191199501002063,4
191199501002064,4
191199501002065,4
191199501002066,4
191199501002015,4
191199501002016,4
191199501002051,4
191199501002052,4
191199501002053,4
191199501003084,4
191199501003085,4
191199501003086,4
191199501003087,4
191199501003088,4
191199501003089,4
191199501003092,4
191199501003093,4
191199501003094,4
191199501003095,4
191199501003098,4
191199501003099,4
191199501003100,4
191199501003101,4
191199501003103,4
191199501003104,4
191199501003105,4
191199501003106,4
191199501003107,4
191199501003108,4
191199501003109,4
191199501003110,4
191199501003111,4
191199501003112,4
191199501003113,4
191199501003114,4
191199501003115,4
191199501003116,4
191199501003117,4
191199501003118,4
191199501003119,4
191199501003120,4
191199501003150,4
191199501003156,4
191199501003000,4
191199501003001,4
191199501003002,4
191199501003003,4
191199501003004,4
191199501003005,4
191199501003006,4
191199501003019,4
191199501003020,4
191199501003021,4
191199501003022,4
191199501003023,4
191199501003024,4
191199501003025,4
191199501003026,4
191199501003027,4
191199501003028,4
191199501003029,4
191199501003030,4
191199501003031,4
191199501003032,4
191199501003033,4
191199501003034,4
191199501003035,4
191199501003036,4
191199501003037,4
191199501003038,4
191199501003039,4
191199501003040,4
191199501003041,4
191199501003042,4
191199501003043,4
191199501003044,4
191199501003045,4
191199501003046,4
191199501003047,4
191199501003048,4
191199501003049,4
191199501003050,4
191199501003051,4
191199501003069,4
191199501003070,4
191199501003071,4
191199501003072,4
191199501003073,4
191199501003074,4
191199501003075,4
191199501003076,4
191199501003077,4
191199501003078,4
191199501003079,4
191199501003080,4
191199501003081,4
191199501003082,4
191199501003083,4
191199501003102,4
191199501003121,4
191199501003122,4
191199501003123,4
191199501003124,4
191199501003125,4
191199501003126,4
191199501003127,4
191199501003128,4
191199501003129,4
191199501003130,4
191199501003131,4
191199501003132,4
191199501003133,4
191199501003134,4
191199501003135,4
191199501003136,4
191199501003137,4
191199501003138,4
191199501003139,4
191199501003140,4
191199501003141,4
191199501003142,4
191199501003143,4
191199501003144,4
191199501003145,4
191199501003146,4
191199501003147,4
191199501003148,4
191199501003149,4
191199501003151,4
191199501003152,4
191199501003153,4
191199501003154,4
191199501003155,4
191199501003157,4
191199501003158,4
191199502001000,4
191199502001001,4
191199502001002,4
191199502001007,4
191199502003000,4
191199502003001,4
191199502003002,4
191199502003003,4
191199502003004,4
191199502003005,4
191199502003006,4
191199502003007,4
191199502003008,4
191199502003009,4
191199502003010,4
191199502003011,4
191199502003012,4
191199502003075,4
191199502003076,4
191199502003084,4
191199502003085,4
191199502003087,4
191199502004000,4
191199502004010,4
191199502001003,4
191199502001004,4
191199502001005,4
191199502001006,4
191199502001009,4
191199502001010,4
191199502001011,4
191199502001012,4
191199502001013,4
191199502001014,4
191199502001015,4
191199502001016,4
191199502001017,4
191199502001018,4
191199502001019,4
191199502001020,4
191199502001021,4
191199502001022,4
191199502001026,4
191199502001027,4
191199502001028,4
191199502001029,4
191199502001030,4
191199502001031,4
191199502001032,4
191199502001033,4
191199502001034,4
191199502001035,4
191199502001036,4
191199502001037,4
191199502001038,4
191199502001039,4
191199502002000,4
191199502002001,4
191199502002002,4
191199502002003,4
191199502002004,4
191199502002007,4
191199502002008,4
191199502002009,4
191199502002010,4
191199502002011,4
191199502002012,4
191199502002013,4
191199502002014,4
191199502002015,4
191199502002016,4
191199502002017,4
191199502002018,4
191199502002019,4
191199502002020,4
191199502002021,4
191199502002022,4
191199502002023,4
191199502002024,4
191199502002025,4
191199502002026,4
191199502002027,4
191199502002028,4
191199502002029,4
191199502002030,4
191199502002031,4
191199502002032,4
191199502002033,4
191199502002034,4
191199502002035,4
191199502002036,4
191199502002037,4
191199502002038,4
191199502002039,4
191199502002040,4
191199502002041,4
191199502002044,4
191199502004001,4
191199502004002,4
191199502004003,4
191199502004004,4
191199502004005,4
191199502004006,4
191199502004007,4
191199502004008,4
191199502004009,4
191199502004012,4
191199502004013,4
191199502004014,4
191199502004015,4
191199502004016,4
191199502004017,4
191199502004018,4
191199502004019,4
191199502004020,4
191199502004021,4
191199502004022,4
191199502004023,4
191199502004024,4
191199502004025,4
191199502004026,4
191199502004027,4
191199502004028,4
191199502004029,4
191199502004030,4
191199502004031,4
191199502004032,4
191199502004033,4
191199502004034,4
191199502004035,4
191199502004036,4
191199502004037,4
191199502004038,4
191199502004039,4
191199502004040,4
191199502004041,4
191199502004042,4
191199502004043,4
191199502004044,4
191199502001008,4
191199502001023,4
191199502001024,4
191199502001025,4
191199502002005,4
191199502002042,4
191199502002043,4
191199502003013,4
191199502003014,4
191199502003015,4
191199502003016,4
191199502003017,4
191199502003018,4
191199502003019,4
191199502003020,4
191199502003021,4
191199502003022,4
191199502003023,4
191199502003024,4
191199502003025,4
191199502003026,4
191199502003027,4
191199502003028,4
191199502003029,4
191199502003030,4
191199502003031,4
191199502003032,4
191199502003033,4
191199502003034,4
191199502003035,4
191199502003036,4
191199502003037,4
191199502003038,4
191199502003040,4
191199502003044,4
191199502003045,4
191199502003046,4
191199502003047,4
191199502003048,4
191199502003049,4
191199502004011,4
191199502002006,4
191199503005000,4
191199503005001,4
191199503005002,4
191199503005003,4
191199503005004,4
191199503005006,4
191199503005007,4
191199503005008,4
191199503005009,4
191199503005010,4
191199503005011,4
191199503005012,4
191199503005013,4
191199503005014,4
191199503005015,4
191199503005016,4
191199503005017,4
191199503005018,4
191199503005019,4
191199503005020,4
191199503005021,4
191199503005038,4
191199503005039,4
191199503005040,4
191199503005041,4
191199503005042,4
191199503005043,4
191199503005044,4
191199503005045,4
191199503005046,4
191199503005047,4
191199503005048,4
191199503005049,4
191199503005050,4
191199503005051,4
191199503005052,4
191199503005053,4
191199503005054,4
191199503005064,4
191199503005065,4
191199503005066,4
191199503005067,4
191199503005068,4
191199503005069,4
191199503005070,4
191199503005071,4
191199503005072,4
191199503005073,4
191199503005074,4
191199503005075,4
191199503005076,4
191199503005077,4
191199503005078,4
191199503005079,4
191199503005095,4
191199503005096,4
191199502003039,4
191199502003041,4
191199502003042,4
191199502003043,4
191199502003050,4
191199502003051,4
191199502003052,4
191199502003053,4
191199502003054,4
191199502003055,4
191199502003056,4
191199502003057,4
191199502003058,4
191199502003059,4
191199502003060,4
191199502003061,4
191199502003062,4
191199502003063,4
191199502003065,4
191199502003066,4
191199502003067,4
191199502003068,4
191199502003069,4
191199502003070,4
191199502003071,4
191199502003072,4
191199502003073,4
191199502003074,4
191199502003077,4
191199502003078,4
191199502003079,4
191199502003080,4
191199502003081,4
191199502003082,4
191199502003083,4
191199502003086,4
191199502003090,4
191199503006000,4
191199503006058,4
191199503006078,4
191199503006079,4
191199503006103,4
191199503006104,4
191199503006105,4
191199503006106,4
191199502003064,4
191199503006001,4
191199503006002,4
191199503006003,4
191199503006004,4
191199503006013,4
191199503006016,4
191199503006026,4
191199503006027,4
191199503006028,4
191199503006029,4
191199503006030,4
191199503006031,4
191199503006033,4
191199503006036,4
191199503006037,4
191199503006038,4
191199503006039,4
191199503006041,4
191199503006042,4
191199503006043,4
191199503006044,4
191199503006045,4
191199503006046,4
191199503006047,4
191199503006048,4
191199503006049,4
191199503006050,4
191199503006051,4
191199503006052,4
191199503006053,4
191199503006054,4
191199503006055,4
191199503006056,4
191199503006057,4
191199503006059,4
191199503006060,4
191199503006061,4
191199503006062,4
191199503006063,4
191199503006064,4
191199503006065,4
191199503006066,4
191199503006067,4
191199503006068,4
191199503006069,4
191199503006070,4
191199503006071,4
191199503006072,4
191199503006073,4
191199503006074,4
191199503006075,4
191199503006076,4
191199503006077,4
191199503006080,4
191199503006081,4
191199503006082,4
191199503006083,4
191199503006084,4
191199503006085,4
191199503006086,4
191199503006087,4
191199503006088,4
191199503006089,4
191199503006090,4
191199503006091,4
191199503006092,4
191199503006093,4
191199503006094,4
191199503006095,4
191199503006096,4
191199503006097,4
191199503006098,4
191199503006099,4
191199503006100,4
191199503006101,4
191199503006102,4
191199503006107,4
191199503006108,4
191199503006109,4
191199503006110,4
191199503006111,4
191199503006112,4
191199503006113,4
191199503006114,4
191199503006115,4
191199503006116,4
191199503006117,4
191199503006118,4
191199503006119,4
191199503006120,4
191199503006121,4
191199503006122,4
191199503006123,4
191199503006124,4
191199503006126,4
191199503006127,4
191199503006128,4
191199503006129,4
191199502003088,4
191199502003089,4
191199503001000,4
191199503001001,4
191199503001002,4
191199503001003,4
191199503001004,4
191199503001012,4
191199503001013,4
191199503001014,4
191199503001015,4
191199503001016,4
191199503001017,4
191199503001018,4
191199503001019,4
191199503001020,4
191199503001021,4
191199503001022,4
191199503001023,4
191199503001048,4
191199503001049,4
191199503001050,4
191199503001051,4
191199503001052,4
191199503001053,4
191199503001063,4
191199503001064,4
191199503001065,4
191199503001005,4
191199503001006,4
191199503001007,4
191199503001008,4
191199503001009,4
191199503001010,4
191199503001011,4
191199503001024,4
191199503001025,4
191199503001026,4
191199503001027,4
191199503001028,4
191199503001029,4
191199503001030,4
191199503001031,4
191199503001032,4
191199503001033,4
191199503001034,4
191199503001035,4
191199503001036,4
191199503001037,4
191199503001038,4
191199503001039,4
191199503001040,4
191199503001066,4
191199503001067,4
191199503002000,4
191199503002043,4
191199503002045,4
191199503002046,4
191199503001041,4
191199503001042,4
191199503001043,4
191199503001044,4
191199503001045,4
191199503001046,4
191199503001047,4
191199503001054,4
191199503001055,4
191199503001056,4
191199503001057,4
191199503001058,4
191199503001059,4
191199503001060,4
191199503001061,4
191199503001062,4
191199503002001,4
191199503002002,4
191199503002003,4
191199503002004,4
191199503002005,4
191199503002006,4
191199503002007,4
191199503002008,4
191199503002009,4
191199503002010,4
191199503002011,4
191199503002012,4
191199503002013,4
191199503002014,4
191199503002015,4
191199503002016,4
191199503002017,4
191199503002018,4
191199503002019,4
191199503002020,4
191199503002021,4
191199503002022,4
191199503002023,4
191199503002024,4
191199503002025,4
191199503002026,4
191199503002027,4
191199503002028,4
191199503002029,4
191199503002030,4
191199503002031,4
191199503002032,4
191199503002033,4
191199503002034,4
191199503002035,4
191199503002036,4
191199503002037,4
191199503002038,4
191199503002039,4
191199503002040,4
191199503002041,4
191199503002042,4
191199503002044,4
191199503003000,4
191199503003001,4
191199503003002,4
191199503003003,4
191199503003004,4
191199503003005,4
191199503003006,4
191199503003007,4
191199503003008,4
191199503003009,4
191199503003010,4
191199503003011,4
191199503003012,4
191199503003013,4
191199503003014,4
191199503003015,4
191199503003016,4
191199503003017,4
191199503003018,4
191199503003019,4
191199503003020,4
191199503003021,4
191199503003022,4
191199503003023,4
191199503003024,4
191199503003025,4
191199503003026,4
191199503003027,4
191199503003028,4
191199503003029,4
191199503003030,4
191199503003031,4
191199503003032,4
191199503003033,4
191199503003034,4
191199503003035,4
191199503003036,4
191199503003037,4
191199503003038,4
191199503003039,4
191199503003040,4
191199503003045,4
191199503003046,4
191199503003047,4
191199503003048,4
191199503003049,4
191199503003050,4
191199503003051,4
191199503003052,4
191199503003041,4
191199503003042,4
191199503003043,4
191199503003044,4
191199503003053,4
191199503003054,4
191199503003055,4
191199503003056,4
191199503003057,4
191199503003058,4
191199503003059,4
191199503003060,4
191199503003061,4
191199503003062,4
191199503003063,4
191199503003064,4
191199503003065,4
191199503003066,4
191199503003067,4
191199503003068,4
191199503003069,4
191199503003070,4
191199503003071,4
191199503003072,4
191199503003073,4
191199503003074,4
191199503003075,4
191199503005028,4
191199503003076,4
191199503003077,4
191199503003078,4
191199503003079,4
191199503003080,4
191199503003081,4
191199503003082,4
191199503003083,4
191199503003084,4
191199503003085,4
191199503003086,4
191199503003087,4
191199503003088,4
191199503003089,4
191199503003090,4
191199503003091,4
191199503003092,4
191199503003093,4
191199503003094,4
191199503003095,4
191199503003096,4
191199503003097,4
191199503003098,4
191199503003099,4
191199503003100,4
191199503003101,4
191199503003102,4
191199503003103,4
191199503004000,4
191199503004001,4
191199503004020,4
191199503005104,4
191199503005105,4
191199503005106,4
191199503005107,4
191199503005108,4
191199503005109,4
191199503005110,4
191199503005111,4
191199503005112,4
191199503005113,4
191199503005114,4
191199503005115,4
191199503005116,4
191199503005117,4
191199503005118,4
191199503005119,4
191199503005120,4
191199503005121,4
191199503005122,4
191199503005124,4
191199503005125,4
191199503005126,4
191199503005127,4
191199503005128,4
191199503005129,4
191199503005130,4
191199503005131,4
191199503005132,4
191199503005133,4
191199503005134,4
191199503005135,4
191199503005136,4
191199503005137,4
191199503006014,4
191199503006015,4
191199503006034,4
191199503006035,4
191199503006040,4
191199503006125,4
191199503006130,4
191199503004002,4
191199503004003,4
191199503004004,4
191199503004005,4
191199503004006,4
191199503004007,4
191199503004008,4
191199503004009,4
191199503004010,4
191199503004011,4
191199503004012,4
191199503004013,4
191199503004014,4
191199503004015,4
191199503004016,4
191199503004017,4
191199503004018,4
191199503004019,4
191199503004021,4
191199503004022,4
191199503004023,4
191199503004024,4
191199503004025,4
191199503004026,4
191199503004027,4
191199503004028,4
191199503004029,4
191199503004030,4
191199503004031,4
191199503004032,4
191199503004033,4
191199503004034,4
191199503004035,4
191199503004036,4
191199503004037,4
191199503004038,4
191199503004039,4
191199503005123,4
191199503005005,4
191199503005022,4
191199503005023,4
191199503005024,4
191199503005025,4
191199503005026,4
191199503005027,4
191199503005029,4
191199503005030,4
191199503005031,4
191199503005032,4
191199503005033,4
191199503005034,4
191199503005035,4
191199503005036,4
191199503005037,4
191199503005055,4
191199503005056,4
191199503005057,4
191199503005058,4
191199503005059,4
191199503005060,4
191199503005061,4
191199503005062,4
191199503005063,4
191199503005080,4
191199503005081,4
191199503005082,4
191199503005083,4
191199503005084,4
191199503005085,4
191199503005086,4
191199503005087,4
191199503005088,4
191199503005089,4
191199503005090,4
191199503005091,4
191199503005092,4
191199503005093,4
191199503005094,4
191199503005097,4
191199503005098,4
191199503005099,4
191199503005100,4
191199503005101,4
191199503005102,4
191199503005103,4
191199503005138,4
191199503006005,4
191199503006006,4
191199503006007,4
191199503006008,4
191199503006009,4
191199503006010,4
191199503006011,4
191199503006012,4
191199503006017,4
191199503006018,4
191199503006019,4
191199503006020,4
191199503006021,4
191199503006022,4
191199503006023,4
191199503006024,4
191199503006025,4
191199503006032,4
191210601011000,3
191210601011104,3
191210601011131,3
191210601011132,3
191210601012018,3
191210601012019,3
191210601012020,3
191210601012069,3
191210601012070,3
191210601012071,3
191210601012072,3
191210601012073,3
191210601012074,3
191210601012075,3
191210601012076,3
191210601012077,3
191210601012078,3
191210601012079,3
191210601012080,3
191210601012081,3
191210601012082,3
191210601012083,3
191210601012084,3
191210601012085,3
191210601012086,3
191210601012087,3
191210601012088,3
191210601012089,3
191210601012090,3
191210601012091,3
191210601012092,3
191210601012093,3
191210601012094,3
191210601012095,3
191210601012096,3
191210601012097,3
191210601012098,3
191210601012099,3
191210601012100,3
191210601012101,3
191210601012102,3
191210601012103,3
191210601012104,3
191210601012105,3
191210601012121,3
191210601012128,3
191210601012129,3
191210601012130,3
191210601012131,3
191210601012132,3
191210601012145,3
191210601012146,3
191210601012198,3
191210601012199,3
191210601012200,3
191210601012201,3
191210603001000,3
191210603001001,3
191210603001002,3
191210603001003,3
191210603001009,3
191210603001011,3
191210603001012,3
191210603001013,3
191210603001014,3
191210601011001,3
191210601011002,3
191210601011003,3
191210601011004,3
191210601011009,3
191210601011010,3
191210601011011,3
191210601011012,3
191210601011013,3
191210601011014,3
191210601011015,3
191210601011016,3
191210601011017,3
191210601011018,3
191210601011019,3
191210601011020,3
191210601011021,3
191210601011022,3
191210601011023,3
191210601011024,3
191210601011025,3
191210601011026,3
191210601011027,3
191210601011028,3
191210601011029,3
191210601011074,3
191210601011075,3
191210601011076,3
191210601011077,3
191210601011078,3
191210601011079,3
191210601011080,3
191210601011081,3
191210601011082,3
191210601011083,3
191210601011084,3
191210601011085,3
191210601011086,3
191210601011087,3
191210601011088,3
191210601011089,3
191210601011090,3
191210601011091,3
191210601011092,3
191210601011093,3
191210601011094,3
191210601011095,3
191210601011096,3
191210601011097,3
191210601011098,3
191210601011099,3
191210601011100,3
191210601011101,3
191210601011102,3
191210601011103,3
191210601011105,3
191210601011106,3
191210601011107,3
191210601011108,3
191210601011109,3
191210601011110,3
191210601011111,3
191210601011112,3
191210601011113,3
191210601011114,3
191210601011115,3
191210601011116,3
191210601011117,3
191210601011118,3
191210601011119,3
191210601011120,3
191210601011121,3
191210601011122,3
191210601011123,3
191210601011124,3
191210601011125,3
191210601011126,3
191210601011127,3
191210601011128,3
191210601011129,3
191210601011130,3
191210601011134,3
191210601011005,3
191210601011006,3
191210601011007,3
191210601011008,3
191210601011030,3
191210601011031,3
191210601011032,3
191210601011033,3
191210601011034,3
191210601011035,3
191210601011036,3
191210601011037,3
191210601011038,3
191210601011039,3
191210601011040,3
191210601011041,3
191210601011042,3
191210601011043,3
191210601011044,3
191210601011045,3
191210601011046,3
191210601011047,3
191210601011048,3
191210601011049,3
191210601011050,3
191210601011051,3
191210601011052,3
191210601011053,3
191210601011054,3
191210601011055,3
191210601011056,3
191210601011057,3
191210601011058,3
191210601011059,3
191210601011060,3
191210601011061,3
191210601011062,3
191210601011063,3
191210601011064,3
191210601011065,3
191210601011066,3
191210601011067,3
191210601011068,3
191210601011069,3
191210601011070,3
191210601011071,3
191210601011072,3
191210601011073,3
191210601011133,3
191210603001015,3
191210603001016,3
191210603001017,3
191210603001018,3
191210603001019,3
191210603001020,3
191210603001021,3
191210603001022,3
191210603001023,3
191210603001024,3
191210603001025,3
191210603001026,3
191210603001027,3
191210603001028,3
191210603001029,3
191210603001030,3
191210603001031,3
191210603001032,3
191210603001034,3
191210603001035,3
191210603001041,3
191210601012000,3
191210601012001,3
191210601012002,3
191210601012003,3
191210601012004,3
191210601012005,3
191210601012006,3
191210601012007,3
191210601012008,3
191210601012009,3
191210601012031,3
191210601012032,3
191210601012033,3
191210601012034,3
191210601012035,3
191210601012036,3
191210601012037,3
191210601012038,3
191210601012039,3
191210601012040,3
191210601012041,3
191210601012042,3
191210601012043,3
191210601012044,3
191210601012045,3
191210601012046,3
191210601012047,3
191210601012056,3
191210601012057,3
191210601012158,3
191210601012159,3
191210601012160,3
191210601012161,3
191210601012162,3
191210601012163,3
191210601012164,3
191210601012165,3
191210601012166,3
191210601012167,3
191210601012168,3
191210601012169,3
191210601012170,3
191210601012171,3
191210601012172,3
191210601012173,3
191210601012174,3
191210601012175,3
191210601012176,3
191210601012177,3
191210601012178,3
191210601012179,3
191210601012180,3
191210601012181,3
191210601012184,3
191210601012187,3
191210601012197,3
191210601012203,3
191210601022000,3
191210601022001,3
191210601022002,3
191210601022003,3
191210601022004,3
191210601022010,3
191210601012010,3
191210601012011,3
191210601012012,3
191210601012013,3
191210601012014,3
191210601012015,3
191210601012016,3
191210601012017,3
191210601012021,3
191210601012022,3
191210601012023,3
191210601012024,3
191210601012025,3
191210601012026,3
191210601012027,3
191210601012028,3
191210601012029,3
191210601012030,3
191210601012048,3
191210601012049,3
191210601012050,3
191210601012051,3
191210601012052,3
191210601012053,3
191210601012054,3
191210601012055,3
191210601012058,3
191210601012059,3
191210601012060,3
191210601012061,3
191210601012062,3
191210601012063,3
191210601012064,3
191210601012065,3
191210601012066,3
191210601012067,3
191210601012068,3
191210601012106,3
191210601012107,3
191210601012108,3
191210601012109,3
191210601012110,3
191210601012111,3
191210601012112,3
191210601012113,3
191210601012114,3
191210601012115,3
191210601012116,3
191210601012117,3
191210601012118,3
191210601012119,3
191210601012120,3
191210601012122,3
191210601012123,3
191210601012124,3
191210601012125,3
191210601012126,3
191210601012127,3
191210601012133,3
191210601012134,3
191210601012135,3
191210601012136,3
191210601012137,3
191210601012138,3
191210601012139,3
191210601012140,3
191210601012141,3
191210601012142,3
191210601012143,3
191210601012144,3
191210601012147,3
191210601012148,3
191210601012149,3
191210601012150,3
191210601012151,3
191210601012152,3
191210601012153,3
191210601012154,3
191210601012155,3
191210601012156,3
191210601012157,3
191210601012182,3
191210601012183,3
191210601012185,3
191210601012186,3
191210601012188,3
191210601012189,3
191210601012190,3
191210601012191,3
191210601012192,3
191210601012194,3
191210601012195,3
191210601012196,3
191210601012202,3
191210601022011,3
191210601022012,3
191210601022159,3
191210601022160,3
191210601012193,3
191210601022013,3
191210601022014,3
191210601022015,3
191210601022016,3
191210601022017,3
191210601022018,3
191210601022019,3
191210601022020,3
191210601022021,3
191210601022022,3
191210601022023,3
191210601022024,3
191210601022028,3
191210601022029,3
191210601022030,3
191210601022033,3
191210601022034,3
191210601022035,3
191210601022036,3
191210601022037,3
191210601022038,3
191210601022039,3
191210601022040,3
191210601022041,3
191210601022042,3
191210601022044,3
191210601022046,3
191210601022047,3
191210601022052,3
191210601022053,3
191210601022054,3
191210601022055,3
191210601022056,3
191210601022057,3
191210601022128,3
191210601022129,3
191210601022130,3
191210601022131,3
191210601022136,3
191210601022142,3
191210601022143,3
191210601022152,3
191210602002000,3
191210602003000,3
191210603001158,3
191210603001160,3
191210601021000,3
191210601021002,3
191210601021009,3
191210601022005,3
191210601022006,3
191210601022007,3
191210601022008,3
191210601022009,3
191210601022058,3
191210601022059,3
191210601022060,3
191210601022061,3
191210601022062,3
191210601022063,3
191210601022064,3
191210601022065,3
191210601022066,3
191210601022067,3
191210601022068,3
191210601022069,3
191210601022070,3
191210601022071,3
191210601022072,3
191210601022073,3
191210601022074,3
191210601022075,3
191210601022076,3
191210601022077,3
191210601022078,3
191210601022079,3
191210601022080,3
191210601022081,3
191210601022082,3
191210601022083,3
191210601022084,3
191210601022088,3
191210601022099,3
191210601022100,3
191210601022101,3
191210601022104,3
191210601022105,3
191210601022106,3
191210601022107,3
191210601022108,3
191210601022109,3
191210601022110,3
191210601022111,3
191210601022112,3
191210601022113,3
191210601022114,3
191210601022115,3
191210601022116,3
191210601022117,3
191210601022118,3
191210601022119,3
191210601022120,3
191210601022121,3
191210601022122,3
191210601022123,3
191210601022124,3
191210601022125,3
191210601022126,3
191210601022127,3
191210601022134,3
191210601022135,3
191210601022157,3
191210601021001,3
191210601021003,3
191210601021004,3
191210601021005,3
191210601021006,3
191210601021007,3
191210601021008,3
191210601021010,3
191210601021011,3
191210601021012,3
191210601021013,3
191210601021014,3
191210601021015,3
191210601021016,3
191210601021017,3
191210601021018,3
191210601021019,3
191210601021020,3
191210601021021,3
191210601021022,3
191210601021023,3
191210601021024,3
191210601021025,3
191210601021026,3
191210601021027,3
191210601021028,3
191210601021029,3
191210601021030,3
191210601021031,3
191210601021032,3
191210601021033,3
191210601021034,3
191210601021035,3
191210601021036,3
191210601021037,3
191210601021038,3
191210601021039,3
191210601021040,3
191210601021041,3
191210601021042,3
191210601021043,3
191210601021044,3
191210601021045,3
191210601021046,3
191210601021047,3
191210601021048,3
191210601021049,3
191210601021050,3
191210601021051,3
191210601021052,3
191210601021053,3
191210601021054,3
191210601021055,3
191210601021056,3
191210601021057,3
191210601021058,3
191210601021059,3
191210601021060,3
191210601021061,3
191210601021062,3
191210601021063,3
191210601021064,3
191210601021065,3
191210601021066,3
191210601021067,3
191210601021068,3
191210601021069,3
191210601021070,3
191210601021071,3
191210601021073,3
191210601022132,3
191210601022133,3
191210601022154,3
191210601022155,3
191210601022156,3
191210601022158,3
191210603002009,3
191210603002010,3
191210603003000,3
191210603003116,3
191210603003119,3
191210601021072,3
191210603002000,3
191210603002001,3
191210603002002,3
191210603002003,3
191210603002004,3
191210603002005,3
191210603002006,3
191210603002007,3
191210603002008,3
191210603002011,3
191210603002012,3
191210603002013,3
191210603002014,3
191210603002015,3
191210603002016,3
191210603002022,3
191210603002023,3
191210603002024,3
191210603002025,3
191210603002026,3
191210603002027,3
191210603002028,3
191210603002029,3
191210603002030,3
191210603002031,3
191210603002032,3
191210603002033,3
191210603002034,3
191210603002035,3
191210603002036,3
191210603002037,3
191210603002038,3
191210603002039,3
191210603002040,3
191210603002041,3
191210603002042,3
191210603002043,3
191210603002044,3
191210603002045,3
191210603002046,3
191210603002047,3
191210603002048,3
191210603002049,3
191210603002050,3
191210603002051,3
191210603002052,3
191210603002057,3
191210603002058,3
191210603002059,3
191210603002062,3
191210601022025,3
191210601022026,3
191210601022027,3
191210602001005,3
191210603001004,3
191210603001005,3
191210603001006,3
191210603001007,3
191210603001008,3
191210603001010,3
191210603001045,3
191210603001046,3
191210603001047,3
191210603001048,3
191210603001049,3
191210603001050,3
191210603001051,3
191210603001052,3
191210603001053,3
191210603001054,3
191210603001055,3
191210603001056,3
191210603001057,3
191210603001058,3
191210603001059,3
191210603001060,3
191210603001061,3
191210603001062,3
191210603001063,3
191210603001064,3
191210603001065,3
191210603001066,3
191210603001067,3
191210603001068,3
191210603001090,3
191210603001091,3
191210603001124,3
191210603001125,3
191210603001126,3
191210603001127,3
191210603001128,3
191210603001129,3
191210603001131,3
191210603001133,3
191210603001134,3
191210603001136,3
191210603001137,3
191210603001138,3
191210603001139,3
191210603001140,3
191210603001141,3
191210603001142,3
191210603001143,3
191210603001144,3
191210603001145,3
191210603001146,3
191210603001147,3
191210603001150,3
191210603001151,3
191210603001155,3
191210603001156,3
191210603001157,3
191210601022031,3
191210601022032,3
191210601022043,3
191210601022045,3
191210601022048,3
191210601022049,3
191210601022050,3
191210601022051,3
191210602001000,3
191210602001001,3
191210602001002,3
191210602001003,3
191210602001004,3
191210602001006,3
191210602001007,3
191210602001008,3
191210602001009,3
191210602001010,3
191210602001011,3
191210602001012,3
191210602001013,3
191210602001014,3
191210602001015,3
191210602001016,3
191210602001017,3
191210602001018,3
191210602001019,3
191210602001020,3
191210602001021,3
191210602001022,3
191210602001023,3
191210602001024,3
191210602001025,3
191210602001026,3
191210602001027,3
191210602001028,3
191210602001029,3
191210602001030,3
191210602001031,3
191210602001032,3
191210602001033,3
191210602001034,3
191210602001035,3
191210602001036,3
191210602001037,3
191210602001038,3
191210602001039,3
191210602001040,3
191210602001041,3
191210602001042,3
191210602001043,3
191210602001044,3
191210602001045,3
191210602001046,3
191210602001047,3
191210602001048,3
191210602001049,3
191210602001050,3
191210602001051,3
191210602001052,3
191210602001053,3
191210602001054,3
191210602001055,3
191210602001056,3
191210602001057,3
191210602001058,3
191210602001059,3
191210602001060,3
191210602001061,3
191210602001062,3
191210602001063,3
191210602001064,3
191210602001065,3
191210602001066,3
191210602001067,3
191210602001068,3
191210602001069,3
191210602001070,3
191210602001071,3
191210602001072,3
191210602001073,3
191210602001074,3
191210602001075,3
191210602001076,3
191210602001077,3
191210602001078,3
191210602001079,3
191210602001080,3
191210602001081,3
191210602001082,3
191210602001083,3
191210602001084,3
191210602001085,3
191210602001086,3
191210602001087,3
191210602001088,3
191210602001089,3
191210602001090,3
191210602001091,3
191210602001092,3
191210602001093,3
191210602001094,3
191210602001095,3
191210602001096,3
191210602002001,3
191210602002002,3
191210602002003,3
191210602002004,3
191210602002005,3
191210602002006,3
191210602002007,3
191210602002008,3
191210602002009,3
191210602002010,3
191210602002011,3
191210602002012,3
191210602002013,3
191210602002014,3
191210602002015,3
191210602002016,3
191210602002017,3
191210602002018,3
191210602002019,3
191210602002020,3
191210602002021,3
191210602002022,3
191210602002023,3
191210602002024,3
191210602002025,3
191210602002026,3
191210602002027,3
191210602002028,3
191210602002029,3
191210602002030,3
191210602002031,3
191210602002032,3
191210602002033,3
191210602002034,3
191210602002035,3
191210602002036,3
191210602002037,3
191210602002038,3
191210602002039,3
191210602002040,3
191210602002041,3
191210602002042,3
191210602002043,3
191210602002044,3
191210602002045,3
191210602002046,3
191210602002047,3
191210602002048,3
191210602002049,3
191210602002050,3
191210602002051,3
191210602002052,3
191210602002053,3
191210602002054,3
191210602002055,3
191210602002056,3
191210602002057,3
191210602002058,3
191210602002059,3
191210602002060,3
191210602002061,3
191210602002062,3
191210602002063,3
191210602002064,3
191210602002065,3
191210602002066,3
191210602002067,3
191210602002068,3
191210602002069,3
191210602002070,3
191210602002071,3
191210602003001,3
191210602003002,3
191210602003003,3
191210602003004,3
191210602003005,3
191210602003006,3
191210602003007,3
191210602003008,3
191210602003009,3
191210602003010,3
191210602003011,3
191210602003012,3
191210602003013,3
191210602003017,3
191210602003018,3
191210602003019,3
191210602003020,3
191210602003021,3
191210602003022,3
191210602003023,3
191210602003024,3
191210602003025,3
191210602003026,3
191210602003027,3
191210602003028,3
191210602003029,3
191210602003030,3
191210602003031,3
191210602003032,3
191210602003033,3
191210602003034,3
191210602003035,3
191210602003036,3
191210602003037,3
191210602003038,3
191210602003039,3
191210602003040,3
191210602003041,3
191210602003042,3
191210602003043,3
191210602003044,3
191210602003045,3
191210602003046,3
191210602003047,3
191210602003048,3
191210602003049,3
191210602003050,3
191210602003051,3
191210602003052,3
191210602003053,3
191210602003054,3
191210602003055,3
191210602003056,3
191210602003057,3
191210602003058,3
191210602003059,3
191210602003060,3
191210602003061,3
191210602003062,3
191210602003063,3
191210602003064,3
191210602003065,3
191210602003066,3
191210602003067,3
191210602003068,3
191210602003069,3
191210602003070,3
191210602003071,3
191210602003072,3
191210602003073,3
191210602003074,3
191210602003076,3
191210602003078,3
191210602004000,3
191210602004001,3
191210602004002,3
191210602004003,3
191210602004004,3
191210602004005,3
191210602004006,3
191210602004007,3
191210602004008,3
191210602004009,3
191210602004010,3
191210602004011,3
191210602004012,3
191210602004013,3
191210602004014,3
191210602004015,3
191210602004016,3
191210602004017,3
191210602004018,3
191210602004019,3
191210602004020,3
191210602004021,3
191210602004022,3
191210602004023,3
191210602004024,3
191210602004025,3
191210602004026,3
191210602004027,3
191210602004028,3
191210602004029,3
191210602004030,3
191210602004031,3
191210602004032,3
191210602004033,3
191210602004034,3
191210602004035,3
191210602004036,3
191210602004037,3
191210602004038,3
191210602004039,3
191210602004040,3
191210602004041,3
191210602004042,3
191210602004043,3
191210602004044,3
191210602004045,3
191210602004046,3
191210602004047,3
191210602004048,3
191210602004049,3
191210602004050,3
191210602004051,3
191210602004052,3
191210602004053,3
191210602004055,3
191210602004056,3
191210602004057,3
191210602004058,3
191210602004059,3
191210602004060,3
191210602004061,3
191210602004062,3
191210602004064,3
191210603001130,3
191210603001132,3
191210603001135,3
191210603001148,3
191210603001149,3
191210603001152,3
191210603003019,3
191210601022085,3
191210601022086,3
191210601022087,3
191210601022089,3
191210601022090,3
191210601022091,3
191210601022092,3
191210601022093,3
191210601022094,3
191210601022095,3
191210601022096,3
191210601022097,3
191210601022098,3
191210601022102,3
191210601022103,3
191210601022137,3
191210601022138,3
191210601022139,3
191210601022140,3
191210601022141,3
191210601022144,3
191210601022145,3
191210601022146,3
191210601022147,3
191210601022148,3
191210601022149,3
191210601022150,3
191210601022151,3
191210601022153,3
191210602003014,3
191210602003015,3
191210602003016,3
191210602003077,3
191210603003001,3
191210603003002,3
191210603003003,3
191210603003004,3
191210603003005,3
191210603003006,3
191210603003007,3
191210603003008,3
191210603003009,3
191210603003010,3
191210603003011,3
191210603003012,3
191210603003013,3
191210603003014,3
191210603003082,3
191210603003083,3
191210603003084,3
191210603003085,3
191210603003086,3
191210603003087,3
191210603003088,3
191210603003089,3
191210603003090,3
191210603003091,3
191210603003092,3
191210603003093,3
191210603003094,3
191210603003095,3
191210603003096,3
191210603003111,3
191210603003112,3
191210603003113,3
191210603003114,3
191210603003115,3
191210603003117,3
191210603003118,3
191210603003120,3
191210603003121,3
191210603003150,3
191210603003153,3
191210602003075,3
191210602004054,3
191210602004063,3
191210603003015,3
191210603003016,3
191210603003017,3
191210603003018,3
191210603003020,3
191210603003021,3
191210603003022,3
191210603003023,3
191210603003024,3
191210603003055,3
191210603003056,3
191210603003057,3
191210603003058,3
191210603003059,3
191210603003060,3
191210603003061,3
191210603003062,3
191210603003063,3
191210603003064,3
191210603003065,3
191210603003066,3
191210603003067,3
191210603003068,3
191210603003069,3
191210603003070,3
191210603003071,3
191210603003072,3
191210603003073,3
191210603003074,3
191210603003076,3
191210603003077,3
191210603003078,3
191210603003079,3
191210603003080,3
191210603003081,3
191210603003097,3
191210603003098,3
191210603003099,3
191210603003100,3
191210603003101,3
191210603003102,3
191210603003103,3
191210603003104,3
191210603003105,3
191210603003106,3
191210603003107,3
191210603003108,3
191210603003109,3
191210603003110,3
191210603001033,3
191210603001036,3
191210603001037,3
191210603001038,3
191210603001039,3
191210603001040,3
191210603001042,3
191210603001043,3
191210603001044,3
191210603001069,3
191210603001070,3
191210603001071,3
191210603001072,3
191210603001073,3
191210603001074,3
191210603001075,3
191210603001076,3
191210603001077,3
191210603001078,3
191210603001079,3
191210603001080,3
191210603001081,3
191210603001082,3
191210603001083,3
191210603001084,3
191210603001085,3
191210603001086,3
191210603001087,3
191210603001088,3
191210603001089,3
191210603001092,3
191210603001093,3
191210603001094,3
191210603001095,3
191210603001096,3
191210603001097,3
191210603001098,3
191210603001099,3
191210603001100,3
191210603001101,3
191210603001102,3
191210603001103,3
191210603001104,3
191210603001105,3
191210603001106,3
191210603001107,3
191210603001108,3
191210603001109,3
191210603001110,3
191210603001111,3
191210603001112,3
191210603001113,3
191210603001114,3
191210603001115,3
191210603001116,3
191210603001117,3
191210603001118,3
191210603001119,3
191210603001120,3
191210603001121,3
191210603001122,3
191210603001123,3
191210603001153,3
191210603001154,3
191210603001161,3
191210603003031,3
191210603003041,3
191210603003042,3
191210603001159,3
191210603003025,3
191210603003026,3
191210603003027,3
191210603003028,3
191210603003029,3
191210603003030,3
191210603003032,3
191210603003033,3
191210603003034,3
191210603003035,3
191210603003036,3
191210603003037,3
191210603003038,3
191210603003039,3
191210603003040,3
191210603003043,3
191210603003044,3
191210603003045,3
191210603003046,3
191210603003047,3
191210603003048,3
191210603003049,3
191210603003050,3
191210603003051,3
191210603003052,3
191210603003053,3
191210603003054,3
191210603003075,3
191210603003122,3
191210603003123,3
191210603003124,3
191210603003125,3
191210603003126,3
191210603003127,3
191210603003128,3
191210603003129,3
191210603003130,3
191210603003131,3
191210603003132,3
191210603003133,3
191210603003134,3
191210603003135,3
191210603003136,3
191210603003137,3
191210603003138,3
191210603003139,3
191210603003140,3
191210603003141,3
191210603003142,3
191210603003143,3
191210603003144,3
191210603003145,3
191210603003146,3
191210603003147,3
191210603003148,3
191210603003149,3
191210603003151,3
191210603003152,3
191210603003154,3
191210603002017,3
191210603002018,3
191210603002019,3
191210603002020,3
191210603002021,3
191210603002053,3
191210603002054,3
191210603002055,3
191210603002056,3
191210603002060,3
191210603002061,3
191210603004000,3
191210603004001,3
191210603004002,3
191210603004003,3
191210603004004,3
191210603004005,3
191210603004081,3
191210603004082,3
191210603004083,3
191210603004084,3
191210603004085,3
191210603004086,3
191210603004087,3
191210603004088,3
191210603004089,3
191210603004090,3
191210603004091,3
191210603004092,3
191210603004093,3
191210603004094,3
191210603004095,3
191210603004096,3
191210603004097,3
191210603004098,3
191210603004099,3
191210603004100,3
191210603004101,3
191210603004102,3
191210603004103,3
191210603004104,3
191210603004105,3
191210603004106,3
191210603004107,3
191210603004108,3
191210603004109,3
191210603004110,3
191210603004111,3
191210603004112,3
191210603004113,3
191210603004114,3
191210603004115,3
191210603004116,3
191210603004117,3
191210603004118,3
191210603004124,3
191210603004125,3
191210603004126,3
191210603004127,3
191210603004128,3
191210603004129,3
191210603004130,3
191210603004131,3
191210603004132,3
191210603004133,3
191210603004137,3
191210603004217,3
191210603004222,3
191210603004223,3
191210603004006,3
191210603004007,3
191210603004008,3
191210603004009,3
191210603004010,3
191210603004011,3
191210603004012,3
191210603004013,3
191210603004014,3
191210603004052,3
191210603004053,3
191210603004054,3
191210603004055,3
191210603004056,3
191210603004058,3
191210603004059,3
191210603004060,3
191210603004063,3
191210603004064,3
191210603004065,3
191210603004066,3
191210603004069,3
191210603004070,3
191210603004071,3
191210603004072,3
191210603004073,3
191210603004074,3
191210603004075,3
191210603004076,3
191210603004077,3
191210603004078,3
191210603004079,3
191210603004080,3
191210603004119,3
191210603004120,3
191210603004121,3
191210603004122,3
191210603004123,3
191210603004134,3
191210603004135,3
191210603004136,3
191210603004138,3
191210603004139,3
191210603004140,3
191210603004141,3
191210603004142,3
191210603004143,3
191210603004144,3
191210603004145,3
191210603004146,3
191210603004147,3
191210603004157,3
191210603004158,3
191210603004204,3
191210603004205,3
191210603004206,3
191210603004207,3
191210603004208,3
191210603004209,3
191210603004210,3
191210603004211,3
191210603004212,3
191210603004213,3
191210603004214,3
191210603004215,3
191210603004015,3
191210603004016,3
191210603004017,3
191210603004018,3
191210603004019,3
191210603004020,3
191210603004021,3
191210603004022,3
191210603004023,3
191210603004024,3
191210603004025,3
191210603004026,3
191210603004027,3
191210603004028,3
191210603004029,3
191210603004030,3
191210603004031,3
191210603004032,3
191210603004033,3
191210603004034,3
191210603004035,3
191210603004036,3
191210603004037,3
191210603004038,3
191210603004039,3
191210603004040,3
191210603004041,3
191210603004042,3
191210603004043,3
191210603004044,3
191210603004045,3
191210603004046,3
191210603004047,3
191210603004048,3
191210603004049,3
191210603004050,3
191210603004051,3
191210603004057,3
191210603004061,3
191210603004062,3
191210603004067,3
191210603004068,3
191210603004148,3
191210603004149,3
191210603004150,3
191210603004151,3
191210603004152,3
191210603004153,3
191210603004154,3
191210603004155,3
191210603004156,3
191210603004159,3
191210603004160,3
191210603004161,3
191210603004162,3
191210603004163,3
191210603004164,3
191210603004165,3
191210603004166,3
191210603004167,3
191210603004168,3
191210603004169,3
191210603004170,3
191210603004171,3
191210603004172,3
191210603004173,3
191210603004174,3
191210603004175,3
191210603004176,3
191210603004177,3
191210603004178,3
191210603004179,3
191210603004180,3
191210603004181,3
191210603004182,3
191210603004183,3
191210603004184,3
191210603004185,3
191210603004186,3
191210603004187,3
191210603004188,3
191210603004189,3
191210603004190,3
191210603004191,3
191210603004192,3
191210603004193,3
191210603004194,3
191210603004195,3
191210603004196,3
191210603004197,3
191210603004198,3
191210603004199,3
191210603004200,3
191210603004201,3
191210603004202,3
191210603004203,3
191210603004216,3
191210603004218,3
191210603004219,3
191210603004220,3
191210603004221,3
191239501001000,2
191239501001001,2
191239501001002,2
191239501001003,2
191239501001004,2
191239501001005,2
191239501001006,2
191239501001007,2
191239501001008,2
191239501001009,2
191239501001010,2
191239501001011,2
191239501001012,2
191239501001013,2
191239501001014,2
191239501001015,2
191239501001016,2
191239501001017,2
191239501001018,2
191239501001019,2
191239501001020,2
191239501001021,2
191239501001022,2
191239501001023,2
191239501001024,2
191239501001025,2
191239501001026,2
191239501001027,2
191239501001028,2
191239501001029,2
191239501001030,2
191239501001031,2
191239501001032,2
191239501001033,2
191239501001034,2
191239501001035,2
191239501001036,2
191239501001037,2
191239501001038,2
191239501001039,2
191239501001040,2
191239501001041,2
191239501001042,2
191239501001043,2
191239501001044,2
191239501002106,2
191239501002107,2
191239501002108,2
191239501002109,2
191239501002120,2
191239501002121,2
191239501002122,2
191239501002123,2
191239501002124,2
191239501002137,2
191239501002138,2
191239501002140,2
191239501002141,2
191239501002142,2
191239501002143,2
191239501002144,2
191239501002145,2
191239501002146,2
191239501002147,2
191239501002148,2
191239501002149,2
191239501002150,2
191239501002151,2
191239501002152,2
191239501002153,2
191239501002154,2
191239501002155,2
191239501002156,2
191239501002157,2
191239501002158,2
191239501002159,2
191239503001202,2
191239501002000,2
191239501002001,2
191239501002002,2
191239501002003,2
191239501002004,2
191239501002005,2
191239501002006,2
191239501002007,2
191239501002015,2
191239501002016,2
191239501002017,2
191239501002018,2
191239501003096,2
191239501003097,2
191239501003098,2
191239501003121,2
191239501003122,2
191239501003123,2
191239501003124,2
191239501003125,2
191239501003129,2
191239501003130,2
191239501003131,2
191239501003132,2
191239501003133,2
191239501003134,2
191239501003135,2
191239501003136,2
191239501003137,2
191239501003138,2
191239501003139,2
191239501003140,2
191239501003141,2
191239501003142,2
191239501003143,2
191239501003144,2
191239501003145,2
191239501003146,2
191239501003147,2
191239501003148,2
191239501003149,2
191239501003150,2
191239501003151,2
191239501003152,2
191239501003153,2
191239501003154,2
191239501003155,2
191239501003156,2
191239501003157,2
191239501003158,2
191239501003159,2
191239501003168,2
191239501003169,2
191239501003170,2
191239501003171,2
191239501003179,2
191239501003180,2
191239501003182,2
191239501003184,2
191239501003185,2
191239501002008,2
191239501002009,2
191239501002061,2
191239501002065,2
191239501002066,2
191239501002067,2
191239501002070,2
191239501002071,2
191239501002072,2
191239501003080,2
191239501003081,2
191239501003082,2
191239501003083,2
191239501003087,2
191239501003088,2
191239501003089,2
191239501003090,2
191239501003091,2
191239501003092,2
191239501003093,2
191239501003094,2
191239501003095,2
191239501003100,2
191239501003101,2
191239501003102,2
191239501003103,2
191239501003104,2
191239501003105,2
191239501003106,2
191239501003107,2
191239501003113,2
191239501003115,2
191239501003120,2
191239501003160,2
191239501003161,2
191239501003162,2
191239501003163,2
191239501003164,2
191239501003165,2
191239501003166,2
191239501003167,2
191239501002010,2
191239501002011,2
191239501002012,2
191239501002013,2
191239501002014,2
191239501002019,2
191239501002020,2
191239501002021,2
191239501002022,2
191239501002023,2
191239501002024,2
191239501002025,2
191239501002026,2
191239501002027,2
191239501002028,2
191239501002029,2
191239501002030,2
191239501002031,2
191239501002032,2
191239501002033,2
191239501002034,2
191239501002035,2
191239501002036,2
191239501002037,2
191239501002038,2
191239501002039,2
191239501002040,2
191239501002041,2
191239501002042,2
191239501002043,2
191239501002044,2
191239501002045,2
191239501002046,2
191239501002047,2
191239501002048,2
191239501002049,2
191239501002050,2
191239501002051,2
191239501002052,2
191239501002053,2
191239501002054,2
191239501002055,2
191239501002056,2
191239501002083,2
191239501002084,2
191239501002094,2
191239501002095,2
191239501002096,2
191239501002097,2
191239501002098,2
191239501002099,2
191239501002100,2
191239501002101,2
191239501002102,2
191239501002103,2
191239501002104,2
191239501002105,2
191239501002110,2
191239501002111,2
191239501002112,2
191239501002113,2
191239501002133,2
191239501002134,2
191239501002135,2
191239501002136,2
191239501002139,2
191239501002057,2
191239501002058,2
191239501002059,2
191239501002060,2
191239501002062,2
191239501002063,2
191239501002064,2
191239501002068,2
191239501002069,2
191239501002073,2
191239501002074,2
191239501002075,2
191239501002076,2
191239501002077,2
191239501002078,2
191239501002079,2
191239501002080,2
191239501002081,2
191239501002082,2
191239501002085,2
191239501002086,2
191239501002087,2
191239501002088,2
191239501002089,2
191239501002090,2
191239501002091,2
191239501002092,2
191239501002093,2
191239501002114,2
191239501002115,2
191239501002116,2
191239501002117,2
191239501002118,2
191239501002125,2
191239501002128,2
191239501002129,2
191239501002130,2
191239501002131,2
191239501002132,2
191239501003172,2
191239501003173,2
191239501003174,2
191239501003175,2
191239503001005,2
191239503001006,2
191239503001011,2
191239503001012,2
191239503001013,2
191239503001015,2
191239503001016,2
191239504001000,2
191239504001002,2
191239504001006,2
191239504001007,2
191239504001015,2
191239504001017,2
191239504001022,2
191239504001023,2
191239504001024,2
191239504001025,2
191239504001030,2
191239505002026,2
191239505002029,2
191239505002031,2
191239505002036,2
191239505002039,2
191239505003000,2
191239505003005,2
191239505003029,2
191239501002119,2
191239501002126,2
191239501002127,2
191239503001007,2
191239503001008,2
191239503001009,2
191239503003025,2
191239503003026,2
191239503003027,2
191239503003028,2
191239503003039,2
191239503003040,2
191239503003041,2
191239503003042,2
191239503003043,2
191239503003060,2
191239503003093,2
191239504001001,2
191239504001005,2
191239504001008,2
191239504001009,2
191239504001010,2
191239504001011,2
191239504001012,2
191239504001013,2
191239504001014,2
191239504001016,2
191239504001018,2
191239504001019,2
191239504001020,2
191239504001021,2
191239504001026,2
191239504001027,2
191239504001028,2
191239504001029,2
191239504001031,2
191239504001032,2
191239504002000,2
191239504002001,2
191239504002002,2
191239504002003,2
191239504002004,2
191239504002005,2
191239504002006,2
191239504002007,2
191239504003000,2
191239504003001,2
191239504003002,2
191239504003003,2
191239504003004,2
191239504003005,2
191239504003006,2
191239504003007,2
191239504003008,2
191239504003009,2
191239504003010,2
191239504003011,2
191239504003012,2
191239504003013,2
191239504003014,2
191239504003015,2
191239504003016,2
191239504003017,2
191239504003018,2
191239504003019,2
191239504003020,2
191239504003021,2
191239504003022,2
191239504003023,2
191239504003024,2
191239505001000,2
191239505001001,2
191239505001002,2
191239505001003,2
191239505001004,2
191239505001005,2
191239505001006,2
191239505001007,2
191239505001008,2
191239505001009,2
191239505001010,2
191239505001011,2
191239505001012,2
191239505001013,2
191239505001014,2
191239505001015,2
191239505001016,2
191239505001017,2
191239505001018,2
191239505001019,2
191239505001020,2
191239505001021,2
191239505001022,2
191239505001023,2
191239505001024,2
191239505001025,2
191239505001026,2
191239505001027,2
191239505002000,2
191239505002003,2
191239505002004,2
191239505002005,2
191239505002006,2
191239505002007,2
191239505002008,2
191239505002009,2
191239505002010,2
191239505002011,2
191239505002012,2
191239505002013,2
191239505002014,2
191239505002015,2
191239505002016,2
191239505002017,2
191239505002018,2
191239505002019,2
191239505002020,2
191239505002021,2
191239505002022,2
191239505002023,2
191239505002024,2
191239505002027,2
191239505002028,2
191239505002030,2
191239505002032,2
191239505002033,2
191239505002035,2
191239505002037,2
191239505002038,2
191239505002040,2
191239505003001,2
191239505003002,2
191239505003003,2
191239505003004,2
191239505003020,2
191239505003021,2
191239505003022,2
191239505003023,2
191239505003024,2
191239505003025,2
191239505003030,2
191239505003031,2
191239505003032,2
191239505003033,2
191239506001000,2
191239506001001,2
191239506001002,2
191239506001003,2
191239506001004,2
191239506001005,2
191239506001006,2
191239506001007,2
191239506001008,2
191239506001009,2
191239506001010,2
191239506001011,2
191239506001012,2
191239506001013,2
191239506001014,2
191239506001015,2
191239506001016,2
191239506001017,2
191239506001018,2
191239506001019,2
191239506001020,2
191239506001021,2
191239506001022,2
191239506001023,2
191239506001024,2
191239506001025,2
191239506001026,2
191239506001027,2
191239506002002,2
191239506002003,2
191239506002004,2
191239506002005,2
191239506002006,2
191239506002007,2
191239506002008,2
191239506002009,2
191239506002011,2
191239506002012,2
191239506002013,2
191239506002014,2
191239506002015,2
191239506002016,2
191239506002017,2
191239506002018,2
191239506002019,2
191239506002020,2
191239506002021,2
191239506002022,2
191239506002023,2
191239506002024,2
191239506002025,2
191239506002026,2
191239506002027,2
191239506002028,2
191239506002029,2
191239506002030,2
191239506002031,2
191239506002032,2
191239506002033,2
191239506002034,2
191239506002035,2
191239506002036,2
191239506002037,2
191239506002038,2
191239506002039,2
191239506003002,2
191239506003003,2
191239506003004,2
191239506003005,2
191239506003006,2
191239506003007,2
191239506003008,2
191239506003009,2
191239506003010,2
191239506003011,2
191239506003012,2
191239506003013,2
191239506003014,2
191239506003015,2
191239506003016,2
191239506003017,2
191239506003018,2
191239506003019,2
191239506003020,2
191239506003021,2
191239506003022,2
191239506003023,2
191239506003024,2
191239506003025,2
191239506003026,2
191239506003027,2
191239506003028,2
191239506003029,2
191239506003030,2
191239506003031,2
191239507001000,2
191239507001001,2
191239507001002,2
191239507001003,2
191239507001004,2
191239507001005,2
191239507001006,2
191239507001007,2
191239507001008,2
191239507001009,2
191239507001010,2
191239507001011,2
191239507001012,2
191239507001013,2
191239507001014,2
191239507001015,2
191239507001016,2
191239507001017,2
191239507001018,2
191239507001019,2
191239507001020,2
191239507001021,2
191239507001022,2
191239507001023,2
191239507001024,2
191239507001025,2
191239507001026,2
191239507001027,2
191239507001028,2
191239507001029,2
191239507001030,2
191239507001031,2
191239507001032,2
191239507001033,2
191239507001034,2
191239507001035,2
191239507001036,2
191239507001037,2
191239507001038,2
191239507001039,2
191239507001040,2
191239507001041,2
191239507001042,2
191239507002000,2
191239507002001,2
191239507002002,2
191239507002003,2
191239507002004,2
191239507002005,2
191239507002006,2
191239507002007,2
191239507002008,2
191239507002009,2
191239507002010,2
191239507002011,2
191239507002012,2
191239507002013,2
191239507002014,2
191239507002015,2
191239507002016,2
191239507002017,2
191239507002018,2
191239507002019,2
191239507002020,2
191239507002021,2
191239507002022,2
191239507002023,2
191239507002024,2
191239507002025,2
191239507002026,2
191239507002027,2
191239507002028,2
191239507002029,2
191239507002030,2
191239507002031,2
191239507002032,2
191239507002033,2
191239507002034,2
191239507002035,2
191239507002036,2
191239507002037,2
191239507003000,2
191239507003001,2
191239507003002,2
191239507003003,2
191239507003004,2
191239507003005,2
191239507003006,2
191239507003007,2
191239507003008,2
191239507003009,2
191239507003010,2
191239507003011,2
191239507003012,2
191239507003013,2
191239507003014,2
191239507003015,2
191239507003016,2
191239507003017,2
191239507003018,2
191239507003019,2
191239507003020,2
191239507003021,2
191239507003022,2
191239507003023,2
191239507003024,2
191239507003025,2
191239507003026,2
191239507003027,2
191239507003029,2
191239507003030,2
191239507003031,2
191239507003032,2
191239507003033,2
191239507003034,2
191239507003035,2
191239507003036,2
191239507003037,2
191239507003038,2
191239507003039,2
191239507003040,2
191239507003041,2
191239507003042,2
191239501003000,2
191239501003001,2
191239501003009,2
191239501003010,2
191239501003011,2
191239501003013,2
191239501003014,2
191239501003015,2
191239501003016,2
191239501003017,2
191239501003028,2
191239501003029,2
191239501003030,2
191239501003031,2
191239501003032,2
191239501003037,2
191239501003038,2
191239501003039,2
191239501003040,2
191239501003041,2
191239501003045,2
191239501003046,2
191239501003047,2
191239501003048,2
191239501003049,2
191239501003050,2
191239501003052,2
191239501003053,2
191239501003054,2
191239501003055,2
191239501003056,2
191239501003057,2
191239501003058,2
191239501003059,2
191239501003060,2
191239501003061,2
191239501003062,2
191239501003063,2
191239501003064,2
191239501003065,2
191239501003066,2
191239501003067,2
191239501003068,2
191239501003069,2
191239501003070,2
191239501003071,2
191239501003072,2
191239501003075,2
191239501003076,2
191239501003099,2
191239501003126,2
191239501003127,2
191239501003128,2
191239501003181,2
191239501003002,2
191239501003003,2
191239501003004,2
191239501003005,2
191239501003006,2
191239501003007,2
191239501003008,2
191239501003018,2
191239501003019,2
191239501003020,2
191239501003021,2
191239501003022,2
191239501003023,2
191239501003024,2
191239501003025,2
191239501003026,2
191239501003027,2
191239501003035,2
191239501003036,2
191239501003183,2
191239501003012,2
191239501003033,2
191239501003034,2
191239501003042,2
191239501003043,2
191239501003044,2
191239501003051,2
191239501003073,2
191239501003074,2
191239501003077,2
191239501003078,2
191239501003079,2
191239502002000,2
191239502002001,2
191239502002002,2
191239502002003,2
191239502002061,2
191239502002062,2
191239502002063,2
191239502002064,2
191239502002107,2
191239502002108,2
191239502002109,2
191239502002110,2
191239502003000,2
191239502003001,2
191239502003002,2
191239502003003,2
191239502003004,2
191239502003005,2
191239502003006,2
191239502003007,2
191239502003077,2
191239502003078,2
191239502003093,2
191239502003094,2
191239502003095,2
191239502003096,2
191239502003097,2
191239502003098,2
191239502003099,2
191239502003100,2
191239502003101,2
191239502003102,2
191239502003103,2
191239502003108,2
191239501003084,2
191239501003085,2
191239501003086,2
191239501003108,2
191239501003109,2
191239501003110,2
191239501003111,2
191239501003112,2
191239501003114,2
191239501003116,2
191239501003117,2
191239501003118,2
191239501003119,2
191239501003176,2
191239501003177,2
191239501003178,2
191239502001002,2
191239502001003,2
191239502001004,2
191239502001005,2
191239502001006,2
191239502001009,2
191239502001010,2
191239502001011,2
191239502001012,2
191239502001013,2
191239502001014,2
191239502001015,2
191239502001016,2
191239502001017,2
191239502001018,2
191239502001042,2
191239502001043,2
191239502001044,2
191239502001045,2
191239502001046,2
191239502001047,2
191239502001048,2
191239502001049,2
191239502001050,2
191239502001051,2
191239502001052,2
191239502001053,2
191239502001054,2
191239502001055,2
191239502001056,2
191239502001057,2
191239502001058,2
191239502001059,2
191239502001077,2
191239502001078,2
191239502001079,2
191239502001080,2
191239502001081,2
191239502001082,2
191239502001085,2
191239502002111,2
191239502001000,2
191239502001001,2
191239502002019,2
191239502002020,2
191239502002021,2
191239502002038,2
191239502002039,2
191239502002043,2
191239502002044,2
191239502002045,2
191239502002046,2
191239502002048,2
191239502002049,2
191239502002050,2
191239502002051,2
191239502002052,2
191239502002053,2
191239502002054,2
191239502002055,2
191239502002056,2
191239502002057,2
191239502002058,2
191239502002059,2
191239502002060,2
191239502002065,2
191239502002066,2
191239502002067,2
191239502002068,2
191239502002069,2
191239502002105,2
191239502002106,2
191239502003008,2
191239502003009,2
191239502003010,2
191239502003011,2
191239502003012,2
191239502003013,2
191239502003014,2
191239502003015,2
191239502003016,2
191239502003017,2
191239502003035,2
191239502003036,2
191239502003037,2
191239502003038,2
191239502003039,2
191239502003061,2
191239502003062,2
191239502003063,2
191239502003064,2
191239502003065,2
191239502003066,2
191239502003067,2
191239502003068,2
191239502003069,2
191239502003070,2
191239502003076,2
191239502003079,2
191239502003092,2
191239502001007,2
191239502002047,2
191239502002070,2
191239502002071,2
191239502002072,2
191239502002073,2
191239502002074,2
191239502002075,2
191239502002076,2
191239502002077,2
191239502002078,2
191239502002079,2
191239502002080,2
191239502002081,2
191239502002082,2
191239502002083,2
191239502002087,2
191239502002089,2
191239502002090,2
191239502002091,2
191239502002092,2
191239502002093,2
191239502002094,2
191239502002095,2
191239502002097,2
191239502002098,2
191239502002099,2
191239502002102,2
191239502002103,2
191239502003018,2
191239502003019,2
191239502003020,2
191239502003021,2
191239502003022,2
191239502003023,2
191239502003024,2
191239502003025,2
191239502003026,2
191239502003027,2
191239502003028,2
191239502003029,2
191239502003030,2
191239502003031,2
191239502003032,2
191239502003033,2
191239502003034,2
191239502003040,2
191239502003041,2
191239502003042,2
191239502003043,2
191239502003044,2
191239502003045,2
191239502003046,2
191239502003047,2
191239502003048,2
191239502003049,2
191239502003050,2
191239502003051,2
191239502003052,2
191239502003053,2
191239502003054,2
191239502003055,2
191239502003056,2
191239502003057,2
191239502003058,2
191239502003059,2
191239502003060,2
191239502003071,2
191239502003072,2
191239502003073,2
191239502003074,2
191239502003075,2
191239502003109,2
191239502001008,2
191239502001019,2
191239502001020,2
191239502001021,2
191239502001022,2
191239502001023,2
191239502001024,2
191239502001025,2
191239502001026,2
191239502001027,2
191239502001028,2
191239502001029,2
191239502001030,2
191239502001031,2
191239502001032,2
191239502001033,2
191239502001034,2
191239502001035,2
191239502001036,2
191239502001037,2
191239502001038,2
191239502001039,2
191239502001040,2
191239502001041,2
191239502001060,2
191239502001061,2
191239502001062,2
191239502001063,2
191239502001064,2
191239502001065,2
191239502001066,2
191239502001067,2
191239502001068,2
191239502001069,2
191239502001070,2
191239502001071,2
191239502001072,2
191239502001073,2
191239502001074,2
191239502001075,2
191239502001076,2
191239502001083,2
191239502001084,2
191239502002084,2
191239502002085,2
191239502002086,2
191239502002088,2
191239502002096,2
191239502002100,2
191239502002101,2
191239502002112,2
191239503002010,2
191239502002004,2
191239502002005,2
191239502002006,2
191239502002007,2
191239502002008,2
191239502002009,2
191239502002010,2
191239502002011,2
191239502002012,2
191239502002013,2
191239502002014,2
191239502002015,2
191239502002016,2
191239502002017,2
191239502002018,2
191239502002022,2
191239502002023,2
191239502002024,2
191239502002025,2
191239502002026,2
191239502002027,2
191239502002028,2
191239502002029,2
191239502002030,2
191239502002031,2
191239502002032,2
191239502002033,2
191239502002034,2
191239502002035,2
191239502002036,2
191239502002037,2
191239502002040,2
191239502002041,2
191239502002042,2
191239502002113,2
191239502002114,2
191239502003080,2
191239502003081,2
191239502003082,2
191239502003083,2
191239502003084,2
191239502003085,2
191239502003086,2
191239502003087,2
191239502003088,2
191239502003089,2
191239502003090,2
191239502003091,2
191239502003104,2
191239502003105,2
191239502003106,2
191239502003107,2
191239502003110,2
191239502003111,2
191239502003112,2
191239502003113,2
191239502003114,2
191239502003115,2
191239502003116,2
191239502002104,2
191239503001000,2
191239503001001,2
191239503001002,2
191239503001003,2
191239503001004,2
191239503001010,2
191239503001028,2
191239503001029,2
191239503001030,2
191239503001058,2
191239503001059,2
191239503001060,2
191239503001061,2
191239503001062,2
191239503001063,2
191239503001064,2
191239503001065,2
191239503001066,2
191239503001138,2
191239503001139,2
191239503001140,2
191239503001150,2
191239503001151,2
191239503001152,2
191239503001153,2
191239503001154,2
191239503001155,2
191239503001156,2
191239503001157,2
191239503001158,2
191239503001159,2
191239503001160,2
191239503001161,2
191239503001162,2
191239503001163,2
191239503001164,2
191239503001165,2
191239503001166,2
191239503001167,2
191239503001168,2
191239503001169,2
191239503001177,2
191239503001178,2
191239503001179,2
191239503001180,2
191239503001181,2
191239503001197,2
191239503001014,2
191239503001017,2
191239503001018,2
191239503001019,2
191239503001020,2
191239503001021,2
191239503001022,2
191239503001200,2
191239503002000,2
191239503002001,2
191239503002014,2
191239503002015,2
191239503002016,2
191239503002028,2
191239503002029,2
191239503002048,2
191239503002049,2
191239503002050,2
191239503002051,2
191239503002052,2
191239503002097,2
191239503002098,2
191239503003006,2
191239503003007,2
191239503003008,2
191239503003009,2
191239503003010,2
191239503003014,2
191239503003015,2
191239503003016,2
191239503003017,2
191239503003023,2
191239503003029,2
191239503003030,2
191239503003031,2
191239503003032,2
191239503003033,2
191239503003034,2
191239503003035,2
191239503003036,2
191239503003037,2
191239503003038,2
191239503003044,2
191239503003045,2
191239503003046,2
191239503003047,2
191239503003048,2
191239503003049,2
191239503003050,2
191239503003051,2
191239503003052,2
191239503003053,2
191239503003054,2
191239503003055,2
191239503003056,2
191239503003057,2
191239503003058,2
191239503003059,2
191239503003061,2
191239503003062,2
191239503003063,2
191239503003064,2
191239503003065,2
191239503003066,2
191239503003067,2
191239503003068,2
191239503003069,2
191239503003070,2
191239503003071,2
191239503003072,2
191239503003073,2
191239503003074,2
191239503003075,2
191239503003076,2
191239503003077,2
191239503003078,2
191239503003079,2
191239503003080,2
191239503003081,2
191239503003082,2
191239503003083,2
191239503003084,2
191239503003085,2
191239503003086,2
191239503003087,2
191239503003088,2
191239503003089,2
191239503003090,2
191239503003091,2
191239503003092,2
191239503003094,2
191239505002025,2
191239507001043,2
191239507001044,2
191239507001045,2
191239507001046,2
191239507003028,2
191239503001023,2
191239503001024,2
191239503001025,2
191239503001026,2
191239503001027,2
191239503001031,2
191239503001032,2
191239503001033,2
191239503001034,2
191239503001035,2
191239503001036,2
191239503001037,2
191239503001038,2
191239503001039,2
191239503001040,2
191239503001041,2
191239503001042,2
191239503001043,2
191239503001044,2
191239503001045,2
191239503001046,2
191239503001047,2
191239503001048,2
191239503001049,2
191239503001050,2
191239503001051,2
191239503001052,2
191239503001053,2
191239503001054,2
191239503001055,2
191239503001056,2
191239503001057,2
191239503001067,2
191239503001068,2
191239503001069,2
191239503001070,2
191239503001071,2
191239503001072,2
191239503001073,2
191239503001074,2
191239503001135,2
191239503001136,2
191239503001141,2
191239503001147,2
191239503001149,2
191239503001201,2
191239503002090,2
191239503002091,2
191239503002092,2
191239503002093,2
191239503002094,2
191239503002095,2
191239503002096,2
191239503003095,2
191239503001075,2
191239503001076,2
191239503001077,2
191239503001078,2
191239503001079,2
191239503001080,2
191239503001081,2
191239503001082,2
191239503001083,2
191239503001084,2
191239503001085,2
191239503001086,2
191239503001087,2
191239503001088,2
191239503001096,2
191239503001097,2
191239503001122,2
191239503001123,2
191239503001124,2
191239503001125,2
191239503001126,2
191239503001127,2
191239503001128,2
191239503001129,2
191239503001130,2
191239503001133,2
191239503002088,2
191239503002089,2
191239503002105,2
191239503002106,2
191239503001089,2
191239503001090,2
191239503001091,2
191239503001092,2
191239503001093,2
191239503001094,2
191239503001095,2
191239503001098,2
191239503001099,2
191239503001100,2
191239503001101,2
191239503001102,2
191239503001103,2
191239503001104,2
191239503001105,2
191239503001106,2
191239503001107,2
191239503001108,2
191239503001109,2
191239503001110,2
191239503001111,2
191239503001112,2
191239503001113,2
191239503001114,2
191239503001115,2
191239503001116,2
191239503001117,2
191239503001118,2
191239503001119,2
191239503001120,2
191239503001121,2
191239503001131,2
191239503001132,2
191239503001134,2
191239503001193,2
191239503001194,2
191239503001195,2
191239503001196,2
191239503002063,2
191239503002064,2
191239503002065,2
191239503002069,2
191239503002070,2
191239503002071,2
191239503002072,2
191239503002073,2
191239503002074,2
191239503002075,2
191239503002076,2
191239503002077,2
191239503002078,2
191239503002079,2
191239503002080,2
191239503002081,2
191239503002082,2
191239503002083,2
191239503002084,2
191239503002085,2
191239503002086,2
191239503002087,2
191239503002099,2
191239503002101,2
191239503002102,2
191239503002103,2
191239503002104,2
191239503001137,2
191239503001142,2
191239503001143,2
191239503001144,2
191239503001145,2
191239503001146,2
191239503001148,2
191239503001170,2
191239503001171,2
191239503001172,2
191239503001173,2
191239503001174,2
191239503001175,2
191239503001176,2
191239503001182,2
191239503001183,2
191239503001184,2
191239503001185,2
191239503001186,2
191239503001187,2
191239503001188,2
191239503001189,2
191239503001190,2
191239503001191,2
191239503001192,2
191239503001198,2
191239503001199,2
191239503002002,2
191239503002003,2
191239503002004,2
191239503002005,2
191239503002006,2
191239503002007,2
191239503002008,2
191239503002009,2
191239503002011,2
191239503002012,2
191239503002013,2
191239503002017,2
191239503002018,2
191239503002019,2
191239503002020,2
191239503002021,2
191239503002022,2
191239503002023,2
191239503002024,2
191239503002025,2
191239503002026,2
191239503002027,2
191239503002030,2
191239503002031,2
191239503002032,2
191239503002033,2
191239503002034,2
191239503002035,2
191239503002036,2
191239503002037,2
191239503002038,2
191239503002039,2
191239503002040,2
191239503002041,2
191239503002042,2
191239503002043,2
191239503002044,2
191239503002045,2
191239503002046,2
191239503002047,2
191239503002053,2
191239503002054,2
191239503002055,2
191239503002056,2
191239503002057,2
191239503002058,2
191239503002059,2
191239503002060,2
191239503002061,2
191239503002062,2
191239503002066,2
191239503002067,2
191239503002068,2
191239503002100,2
191239503002107,2
191239503002108,2
191239503003000,2
191239503003001,2
191239503003002,2
191239503003003,2
191239503003004,2
191239503003005,2
191239503003011,2
191239503003012,2
191239503003013,2
191239503003018,2
191239503003019,2
191239503003020,2
191239503003021,2
191239503003022,2
191239503003024,2
191239504001003,2
191239504001004,2
191239506002000,2
191239506002001,2
191239506002010,2
191239506003000,2
191239506003001,2
191239505002001,2
191239505002002,2
191239505002034,2
191239505002041,2
191239505003006,2
191239505003007,2
191239505003008,2
191239505003009,2
191239505003010,2
191239505003011,2
191239505003012,2
191239505003013,2
191239505003014,2
191239505003015,2
191239505003016,2
191239505003017,2
191239505003018,2
191239505003019,2
191239505003026,2
191239505003027,2
191239505003028,2
191250301011000,2
191250301011001,2
191250301011002,2
191250301011003,2
191250301011004,2
191250301011005,2
191250301011006,2
191250301011007,2
191250301011008,2
191250301011009,2
191250301011010,2
191250301011011,2
191250301011012,2
191250301011013,2
191250301011014,2
191250301011015,2
191250301011016,2
191250301011017,2
191250301011018,2
191250301011019,2
191250301011020,2
191250301011021,2
191250301011022,2
191250301011023,2
191250301011027,2
191250301011031,2
191250301011032,2
191250301011033,2
191250301011034,2
191250301011035,2
191250301011036,2
191250301011038,2
191250301011045,2
191250301011046,2
191250301011048,2
191250301011049,2
191250301011051,2
191250301011052,2
191250301011053,2
191250301011054,2
191250301011055,2
191250301011056,2
191250301011059,2
191250301011060,2
191250301011061,2
191250301011062,2
191250301011063,2
191250301011064,2
191250301011065,2
191250301011066,2
191250301011067,2
191250301011068,2
191250301011069,2
191250301011070,2
191250301011071,2
191250301011072,2
191250301011075,2
191250301011076,2
191250301011077,2
191250301011078,2
191250301011079,2
191250301011080,2
191250301011081,2
191250301011082,2
191250301011083,2
191250301011084,2
191250301011085,2
191250301011086,2
191250301011087,2
191250301011088,2
191250301011089,2
191250301011090,2
191250301011091,2
191250301011092,2
191250301011093,2
191250301011094,2
191250301011096,2
191250301011097,2
191250301012086,2
191250301012087,2
191250301012133,2
191250301012134,2
191250301012135,2
191250301012136,2
191250301012137,2
191250302011000,2
191250302011003,2
191250302011005,2
191250302012000,2
191250302012002,2
191250302012006,2
191250302024021,2
191250303002024,2
191250303002025,2
191250307003030,2
191250307003031,2
191250301011024,2
191250301011025,2
191250301011026,2
191250301011028,2
191250301011029,2
191250301011030,2
191250301011037,2
191250301011039,2
191250301011040,2
191250301011041,2
191250301011042,2
191250301011043,2
191250301011044,2
191250301011047,2
191250301011050,2
191250301011057,2
191250301011058,2
191250301011073,2
191250301011074,2
191250301011095,2
191250302011001,2
191250302011002,2
191250302011004,2
191250302011006,2
191250302011007,2
191250302011008,2
191250302011009,2
191250302011010,2
191250302011011,2
191250302011012,2
191250302011013,2
191250302011014,2
191250302011015,2
191250302011016,2
191250302011017,2
191250302011018,2
191250302011019,2
191250302011020,2
191250302011021,2
191250302011022,2
191250302011023,2
191250302011024,2
191250302012001,2
191250302012003,2
191250302012004,2
191250302012005,2
191250302012007,2
191250302012008,2
191250302012009,2
191250302012010,2
191250302012011,2
191250302012012,2
191250302012013,2
191250302012014,2
191250302012015,2
191250302012016,2
191250302012017,2
191250302012018,2
191250302012019,2
191250302012020,2
191250302012021,2
191250302012022,2
191250302012023,2
191250302012024,2
191250302012025,2
191250302012026,2
191250302012027,2
191250302012028,2
191250302012029,2
191250302012030,2
191250302012031,2
191250302012032,2
191250302021000,2
191250302021001,2
191250302021002,2
191250302021003,2
191250302021004,2
191250302021005,2
191250302021006,2
191250302021007,2
191250302021008,2
191250302021009,2
191250302021010,2
191250302021011,2
191250302021012,2
191250302021013,2
191250302021014,2
191250302021015,2
191250302021016,2
191250302022000,2
191250302022001,2
191250302022002,2
191250302022003,2
191250302022004,2
191250302022005,2
191250302022006,2
191250302022007,2
191250302022008,2
191250302022009,2
191250302022010,2
191250302022011,2
191250302022012,2
191250302022013,2
191250302023000,2
191250302023001,2
191250302023002,2
191250302023003,2
191250302023004,2
191250302023005,2
191250302023006,2
191250302023007,2
191250302023008,2
191250302023009,2
191250302023010,2
191250302023011,2
191250302023012,2
191250302023013,2
191250302023014,2
191250302023015,2
191250302023016,2
191250302023017,2
191250302023018,2
191250302023019,2
191250302023020,2
191250302023021,2
191250302023022,2
191250302024000,2
191250302024001,2
191250302024002,2
191250302024003,2
191250302024004,2
191250302024005,2
191250302024006,2
191250302024007,2
191250302024008,2
191250302024009,2
191250302024010,2
191250302024011,2
191250302024012,2
191250302024013,2
191250302024014,2
191250302024015,2
191250302024016,2
191250302024017,2
191250302024018,2
191250302024019,2
191250302024020,2
191250302024022,2
191250303001000,2
191250303001001,2
191250303001002,2
191250303001003,2
191250303001004,2
191250303001005,2
191250303001006,2
191250303001007,2
191250303001008,2
191250303001009,2
191250303001010,2
191250303001011,2
191250303001012,2
191250303001013,2
191250303001014,2
191250303001015,2
191250303001016,2
191250303001017,2
191250303001018,2
191250303001019,2
191250303001020,2
191250303001021,2
191250303001022,2
191250303001023,2
191250303001024,2
191250303001025,2
191250303002000,2
191250303002001,2
191250303002002,2
191250303002003,2
191250303002004,2
191250303002005,2
191250303002006,2
191250303002007,2
191250303002008,2
191250303002009,2
191250303002010,2
191250303002011,2
191250303002012,2
191250303002013,2
191250303002014,2
191250303002015,2
191250303002016,2
191250303002017,2
191250303002018,2
191250303002019,2
191250303002020,2
191250303002021,2
191250303002022,2
191250303002023,2
191250303002026,2
191250303002027,2
191250303002028,2
191250303003000,2
191250303003001,2
191250303003002,2
191250303003003,2
191250303003004,2
191250303003005,2
191250303003006,2
191250303003007,2
191250303003008,2
191250303003009,2
191250303003010,2
191250303003011,2
191250303003012,2
191250303003013,2
191250303003014,2
191250303003015,2
191250303003016,2
191250303003017,2
191250301012000,2
191250301012001,2
191250301012002,2
191250301012003,2
191250301012004,2
191250301012005,2
191250301012006,2
191250301012007,2
191250301012008,2
191250301012049,2
191250301012050,2
191250301012051,2
191250301012052,2
191250301012053,2
191250301012054,2
191250301012055,2
191250301012056,2
191250301012057,2
191250301012058,2
191250301012059,2
191250301012060,2
191250301012061,2
191250301012062,2
191250301012063,2
191250301012064,2
191250301012065,2
191250301012066,2
191250301012067,2
191250301012068,2
191250301012069,2
191250301012070,2
191250301012071,2
191250301012072,2
191250301012073,2
191250301012074,2
191250301012075,2
191250301012076,2
191250301012077,2
191250301012078,2
191250301012079,2
191250301012080,2
191250301012081,2
191250301012082,2
191250301012083,2
191250301012084,2
191250301012085,2
191250301012088,2
191250301012089,2
191250301012090,2
191250301012091,2
191250301012096,2
191250301012097,2
191250301012098,2
191250301012099,2
191250301012100,2
191250301012101,2
191250301012102,2
191250301012103,2
191250301012104,2
191250301012105,2
191250301012106,2
191250301012109,2
191250301012110,2
191250301012111,2
191250301012112,2
191250301012115,2
191250301012116,2
191250301012117,2
191250301012118,2
191250301012127,2
191250301012128,2
191250301012129,2
191250301012130,2
191250301012131,2
191250301012132,2
191250301012140,2
191250301012009,2
191250301012010,2
191250301012011,2
191250301012012,2
191250301012013,2
191250301012014,2
191250301012015,2
191250301012016,2
191250301012017,2
191250301012018,2
191250301012019,2
191250301012020,2
191250301012021,2
191250301012022,2
191250301012023,2
191250301012024,2
191250301012025,2
191250301012026,2
191250301012027,2
191250301012028,2
191250301012029,2
191250301012030,2
191250301012031,2
191250301012032,2
191250301012033,2
191250301012034,2
191250301012035,2
191250301012036,2
191250301012037,2
191250301012038,2
191250301012039,2
191250301012040,2
191250301012041,2
191250301012042,2
191250301012043,2
191250301012044,2
191250301012045,2
191250301012046,2
191250301012047,2
191250301012048,2
191250301012092,2
191250301012093,2
191250301012094,2
191250301012095,2
191250301012107,2
191250301012108,2
191250301012113,2
191250301012114,2
191250301012119,2
191250301012120,2
191250301012121,2
191250301012122,2
191250301012123,2
191250301012124,2
191250301012125,2
191250301012126,2
191250301012138,2
191250301012139,2
191250301012141,2
191250301021000,2
191250301021001,2
191250301021002,2
191250301021003,2
191250301021004,2
191250301021010,2
191250301021011,2
191250301021012,2
191250301021013,2
191250301021039,2
191250301021040,2
191250301021050,2
191250301021051,2
191250301021052,2
191250301021053,2
191250301021062,2
191250304012000,2
191250304012001,2
191250304012002,2
191250304012003,2
191250304012004,2
191250304012005,2
191250304012006,2
191250304012007,2
191250304012011,2
191250304012012,2
191250304012098,2
191250304012099,2
191250304021003,2
191250304021004,2
191250304021005,2
191250304021008,2
191250304021020,2
191250301021005,2
191250301021006,2
191250301021007,2
191250301021008,2
191250301021009,2
191250301021014,2
191250301021015,2
191250301021016,2
191250301021017,2
191250301021018,2
191250301021019,2
191250301021020,2
191250301021021,2
191250301021022,2
191250301021023,2
191250301021024,2
191250301021025,2
191250301021026,2
191250301021027,2
191250301021028,2
191250301021029,2
191250301021030,2
191250301021031,2
191250301021032,2
191250301021033,2
191250301021034,2
191250301021035,2
191250301021036,2
191250301021037,2
191250301021038,2
191250301021041,2
191250301021042,2
191250301021043,2
191250301021044,2
191250301021045,2
191250301021046,2
191250301021047,2
191250301021048,2
191250301021049,2
191250301021054,2
191250301021055,2
191250301021056,2
191250301021057,2
191250301021058,2
191250301021059,2
191250301021060,2
191250301021061,2
191250301021063,2
191250301021064,2
191250301022000,2
191250301022001,2
191250301022002,2
191250301022003,2
191250301022004,2
191250301022005,2
191250301022006,2
191250301022007,2
191250301022008,2
191250301022009,2
191250301022010,2
191250301022011,2
191250301022012,2
191250301022013,2
191250301022014,2
191250301022015,2
191250301022016,2
191250301022017,2
191250301022018,2
191250301022019,2
191250301022020,2
191250301022021,2
191250301022022,2
191250301022023,2
191250301022024,2
191250301022025,2
191250301022026,2
191250301022027,2
191250301022028,2
191250301022029,2
191250301022030,2
191250301022031,2
191250301022032,2
191250301022033,2
191250301022034,2
191250301022035,2
191250301022036,2
191250301022037,2
191250301022038,2
191250301022039,2
191250301022040,2
191250301022041,2
191250301022042,2
191250301023000,2
191250301023001,2
191250301023002,2
191250301023003,2
191250301023004,2
191250301023005,2
191250301023006,2
191250301023007,2
191250301023008,2
191250301023009,2
191250301023010,2
191250301023011,2
191250301023012,2
191250301023013,2
191250301023014,2
191250301023015,2
191250301023016,2
191250301023017,2
191250301023018,2
191250301023019,2
191250301023020,2
191250301023021,2
191250301023022,2
191250301023023,2
191250301023024,2
191250301023025,2
191250301023026,2
191250301023027,2
191250301023028,2
191250301023029,2
191250301023030,2
191250301023031,2
191250301023032,2
191250301023033,2
191250301023034,2
191250301023035,2
191250301023036,2
191250301023037,2
191250304012008,2
191250304012023,2
191250304012024,2
191250304012043,2
191250306001000,2
191250306001001,2
191250306001002,2
191250306001003,2
191250306001004,2
191250306001005,2
191250306001006,2
191250306001007,2
191250306001008,2
191250306001009,2
191250306001014,2
191250306001015,2
191250306001016,2
191250306001017,2
191250306001018,2
191250306001021,2
191250306001022,2
191250306001023,2
191250304011000,2
191250304011001,2
191250304011002,2
191250304011003,2
191250304011004,2
191250304011005,2
191250304011006,2
191250304011007,2
191250304011008,2
191250304011009,2
191250304011010,2
191250304011011,2
191250304011012,2
191250304011013,2
191250304011014,2
191250304011015,2
191250304011016,2
191250304011017,2
191250304011018,2
191250304011019,2
191250304011020,2
191250304011021,2
191250304011022,2
191250304011023,2
191250304011024,2
191250304011025,2
191250304011026,2
191250304011027,2
191250304011028,2
191250304011029,2
191250304011030,2
191250304011031,2
191250304011032,2
191250304011033,2
191250304011034,2
191250304011035,2
191250304011036,2
191250304012009,2
191250304012010,2
191250304012013,2
191250304012014,2
191250304012015,2
191250304012016,2
191250304012017,2
191250304012018,2
191250304012019,2
191250304012020,2
191250304012021,2
191250304012022,2
191250304012025,2
191250304012026,2
191250304012027,2
191250304012028,2
191250304012029,2
191250304012030,2
191250304012031,2
191250304012032,2
191250304012033,2
191250304012034,2
191250304012035,2
191250304012036,2
191250304012037,2
191250304012038,2
191250304012039,2
191250304012040,2
191250304012044,2
191250304012045,2
191250304012046,2
191250304012047,2
191250304012048,2
191250304012049,2
191250304012050,2
191250304012051,2
191250304012052,2
191250304012053,2
191250304012054,2
191250304012055,2
191250304012056,2
191250304012057,2
191250304012058,2
191250304012059,2
191250304012060,2
191250304012061,2
191250304012062,2
191250304012063,2
191250304012064,2
191250304012065,2
191250304012066,2
191250304012067,2
191250304012068,2
191250304012069,2
191250304012070,2
191250304012071,2
191250304012072,2
191250304012073,2
191250304012074,2
191250304012075,2
191250304012076,2
191250304012077,2
191250304012078,2
191250304012079,2
191250304012080,2
191250304012081,2
191250304012082,2
191250304012083,2
191250304012084,2
191250304012085,2
191250304012086,2
191250304012087,2
191250304012088,2
191250304012089,2
191250304012090,2
191250304012091,2
191250304012092,2
191250304012093,2
191250304012094,2
191250304012095,2
191250304012096,2
191250304012097,2
191250304012100,2
191250304013000,2
191250304013001,2
191250304013002,2
191250304013003,2
191250304013004,2
191250304013005,2
191250304013006,2
191250304013007,2
191250304013008,2
191250304013009,2
191250304013010,2
191250304013011,2
191250304013012,2
191250304013013,2
191250304013014,2
191250304013015,2
191250304013016,2
191250304013017,2
191250304013018,2
191250304013019,2
191250304013020,2
191250304013021,2
191250304013022,2
191250304013023,2
191250304013024,2
191250304013025,2
191250304013026,2
191250304013027,2
191250304013028,2
191250304021000,2
191250304021001,2
191250304021002,2
191250304021006,2
191250304021007,2
191250304021009,2
191250304021010,2
191250304021011,2
191250304021012,2
191250304021013,2
191250304021014,2
191250304021015,2
191250304021016,2
191250304021017,2
191250304021018,2
191250304021019,2
191250304021021,2
191250304021022,2
191250304021023,2
191250304021026,2
191250304021027,2
191250304021028,2
191250304021029,2
191250304021030,2
191250304021031,2
191250304021032,2
191250304021033,2
191250304021034,2
191250304021035,2
191250304021036,2
191250304021037,2
191250304021038,2
191250304021039,2
191250304021040,2
191250304021041,2
191250304021042,2
191250304021043,2
191250304021044,2
191250304021045,2
191250304021046,2
191250304021047,2
191250304021048,2
191250304021051,2
191250304021052,2
191250304021053,2
191250304021054,2
191250304021055,2
191250304021056,2
191250304021057,2
191250304021058,2
191250304021059,2
191250304021060,2
191250304021064,2
191250304021065,2
191250304021066,2
191250304021067,2
191250304021068,2
191250304021069,2
191250304021070,2
191250304021071,2
191250304021072,2
191250304021073,2
191250304021074,2
191250304021075,2
191250304021076,2
191250304021080,2
191250304021081,2
191250304021082,2
191250304021083,2
191250304021084,2
191250304021085,2
191250304022000,2
191250304022001,2
191250304022002,2
191250304022003,2
191250304022004,2
191250304022005,2
191250304022006,2
191250304022007,2
191250304022008,2
191250304022009,2
191250304022010,2
191250304022011,2
191250304022012,2
191250304022013,2
191250304022014,2
191250304022015,2
191250304022016,2
191250304022017,2
191250304022018,2
191250304022019,2
191250304022020,2
191250304022021,2
191250304022022,2
191250304022023,2
191250304022024,2
191250304022025,2
191250304022026,2
191250304022027,2
191250304022028,2
191250304022029,2
191250304022030,2
191250304022031,2
191250304022032,2
191250304023000,2
191250304023001,2
191250304023002,2
191250304023003,2
191250304023004,2
191250304023005,2
191250304023006,2
191250304023007,2
191250304023008,2
191250304023009,2
191250304023010,2
191250304023011,2
191250304023012,2
191250304023013,2
191250304023014,2
191250304023015,2
191250304023016,2
191250304023017,2
191250304023018,2
191250304023019,2
191250304023020,2
191250304023021,2
191250304023022,2
191250304023023,2
191250304023024,2
191250304023025,2
191250304023026,2
191250304023027,2
191250304023028,2
191250304023029,2
191250304023030,2
191250304023031,2
191250304023032,2
191250304023033,2
191250304023034,2
191250304023035,2
191250304023036,2
191250304023037,2
191250304023038,2
191250304023039,2
191250304023040,2
191250305001000,2
191250305001001,2
191250305001002,2
191250305001003,2
191250305001004,2
191250305001005,2
191250305001006,2
191250305001007,2
191250305001008,2
191250305001009,2
191250305001010,2
191250305001011,2
191250305001012,2
191250305001013,2
191250305001014,2
191250305001015,2
191250305001016,2
191250305001017,2
191250305001018,2
191250305001019,2
191250305001020,2
191250305001021,2
191250305001022,2
191250305001023,2
191250305001024,2
191250305001025,2
191250305001026,2
191250305001027,2
191250305001028,2
191250305001029,2
191250305001030,2
191250305001031,2
191250305001032,2
191250305002000,2
191250305002001,2
191250305002002,2
191250305002003,2
191250305002004,2
191250305002005,2
191250305002006,2
191250305002007,2
191250305002008,2
191250305002009,2
191250305002010,2
191250305002011,2
191250305002012,2
191250305002013,2
191250305002014,2
191250305002015,2
191250305002016,2
191250305002017,2
191250305002018,2
191250305002019,2
191250305002020,2
191250305002021,2
191250305002022,2
191250305002023,2
191250305002024,2
191250305002025,2
191250305002026,2
191250305002027,2
191250305002028,2
191250305002029,2
191250305002030,2
191250305002031,2
191250305002032,2
191250305002033,2
191250305002034,2
191250305002035,2
191250305002036,2
191250305002037,2
191250305002038,2
191250305002039,2
191250305002040,2
191250305002041,2
191250305002042,2
191250305002043,2
191250305002044,2
191250305002045,2
191250305002046,2
191250305002047,2
191250305002048,2
191250305002049,2
191250305002050,2
191250305002051,2
191250305002052,2
191250305002053,2
191250305002054,2
191250305002055,2
191250305002056,2
191250305002057,2
191250305002058,2
191250305002059,2
191250305002060,2
191250305002061,2
191250305002062,2
191250305002063,2
191250305002064,2
191250305002065,2
191250305002066,2
191250305002067,2
191250305002068,2
191250305002069,2
191250305002070,2
191250305002071,2
191250305002072,2
191250305002073,2
191250305002074,2
191250305002075,2
191250305002076,2
191250305002077,2
191250305002078,2
191250305002079,2
191250305002080,2
191250305002081,2
191250306001013,2
191250306001087,2
191250306003007,2
191250306003008,2
191250306003013,2
191250307001001,2
191250307001002,2
191250307001003,2
191250307001004,2
191250307001015,2
191250307001017,2
191250307001018,2
191250307003004,2
191250307003005,2
191250307003006,2
191250304012041,2
191250304012042,2
191250306001010,2
191250306001011,2
191250306001012,2
191250306001019,2
191250306001020,2
191250306001024,2
191250306001025,2
191250306001026,2
191250306001027,2
191250306001028,2
191250306001029,2
191250306001030,2
191250306001031,2
191250306001032,2
191250306001033,2
191250306001034,2
191250306001035,2
191250306001036,2
191250306001037,2
191250306001038,2
191250306001039,2
191250306001040,2
191250306001041,2
191250306001042,2
191250306001043,2
191250306001044,2
191250306001045,2
191250306001046,2
191250306001047,2
191250306001048,2
191250306001049,2
191250306001050,2
191250306001051,2
191250306001052,2
191250306001053,2
191250306001054,2
191250306001055,2
191250306001056,2
191250306001057,2
191250306001058,2
191250306001059,2
191250306001060,2
191250306001061,2
191250306001062,2
191250306001063,2
191250306001064,2
191250306001065,2
191250306001066,2
191250306001067,2
191250306001068,2
191250306001069,2
191250306001070,2
191250306001071,2
191250306001072,2
191250306001073,2
191250306001074,2
191250306001075,2
191250306001077,2
191250306001078,2
191250306001079,2
191250306001080,2
191250306001085,2
191250306001086,2
191250306001096,2
191250306003012,2
191250304021024,2
191250304021025,2
191250304021049,2
191250304021050,2
191250304021061,2
191250304021062,2
191250304021063,2
191250304021077,2
191250304021078,2
191250304021079,2
191250304021086,2
191250307001000,2
191250307001019,2
191250307001020,2
191250307002000,2
191250307002001,2
191250307002002,2
191250307002003,2
191250307002015,2
191250307002016,2
191250307003000,2
191250307003001,2
191250307003002,2
191250307003003,2
191250307003007,2
191250307003008,2
191250307003009,2
191250307003010,2
191250307003011,2
191250307003012,2
191250307003013,2
191250307003014,2
191250307003015,2
191250307003016,2
191250307003017,2
191250307003018,2
191250307003019,2
191250307003032,2
191250307003035,2
191250307003036,2
191250307003037,2
191250307003038,2
191250307003039,2
191250307003045,2
191250307003047,2
191250307003048,2
191250307003049,2
191250307003050,2
191250307003051,2
191250307003052,2
191250307003053,2
191250307003054,2
191250307003057,2
191250307003058,2
191250307003059,2
191250307003060,2
191250307003061,2
191250307003062,2
191250307003063,2
191250307003064,2
191250307003065,2
191250307003066,2
191250307003067,2
191250307003068,2
191250307003069,2
191250307003070,2
191250307003071,2
191250307003072,2
191250307003073,2
191250307003074,2
191250307003075,2
191250307003076,2
191250307003077,2
191250307003078,2
191250307003079,2
191250307003080,2
191250307003081,2
191250307003082,2
191250307003083,2
191250307003084,2
191250307003085,2
191250307003086,2
191250307003087,2
191250307003088,2
191250307003089,2
191250307003090,2
191250307003091,2
191250307003092,2
191250307003093,2
191250307003094,2
191250307003095,2
191250307003096,2
191250307003097,2
191250306001076,2
191250306001081,2
191250306001082,2
191250306001083,2
191250306001084,2
191250306001088,2
191250306001089,2
191250306001090,2
191250306001091,2
191250306001092,2
191250306001093,2
191250306001094,2
191250306001095,2
191250306001097,2
191250306002000,2
191250306002001,2
191250306002002,2
191250306002003,2
191250306002004,2
191250306002005,2
191250306002006,2
191250306002007,2
191250306002008,2
191250306002009,2
191250306002010,2
191250306002011,2
191250306002012,2
191250306002013,2
191250306002014,2
191250306002015,2
191250306002016,2
191250306002017,2
191250306002018,2
191250306002019,2
191250306002020,2
191250306002021,2
191250306002022,2
191250306002023,2
191250306002024,2
191250306002025,2
191250306002026,2
191250306002027,2
191250306002028,2
191250306002029,2
191250306002030,2
191250306002031,2
191250306002032,2
191250306002033,2
191250306002034,2
191250306002035,2
191250306002036,2
191250306002037,2
191250306002038,2
191250306002039,2
191250306002040,2
191250306002041,2
191250306002042,2
191250306002043,2
191250306002044,2
191250306002045,2
191250306002046,2
191250306002047,2
191250306002048,2
191250306002049,2
191250306002050,2
191250306002051,2
191250306002052,2
191250306002053,2
191250306002054,2
191250306002055,2
191250306002056,2
191250306002057,2
191250306002058,2
191250306002059,2
191250306002060,2
191250306002061,2
191250306002062,2
191250306002063,2
191250306002064,2
191250306002065,2
191250306002066,2
191250306002067,2
191250306002068,2
191250306002069,2
191250306002070,2
191250306002071,2
191250306002072,2
191250306002073,2
191250306002074,2
191250306002075,2
191250306002076,2
191250306002077,2
191250306002078,2
191250306002079,2
191250306003010,2
191250306003011,2
191250306003021,2
191250306003037,2
191250306003038,2
191250306003039,2
191250306003040,2
191250306003041,2
191250306003042,2
191250306003043,2
191250306003044,2
191250306003045,2
191250306003046,2
191250306003047,2
191250306003048,2
191250306003049,2
191250306003050,2
191250306003051,2
191250306003052,2
191250306003053,2
191250306003054,2
191250306003055,2
191250306003056,2
191250306003057,2
191250306003058,2
191250306003059,2
191250306003060,2
191250306003061,2
191250306003062,2
191250306003063,2
191250306003064,2
191250306003089,2
191250306003090,2
191250306003091,2
191250306003092,2
191250306003093,2
191250306003094,2
191250306003095,2
191250306003096,2
191250306003097,2
191250306003098,2
191250306003099,2
191250306003100,2
191250306003101,2
191250306003102,2
191250306003103,2
191250306003104,2
191250306003105,2
191250306003106,2
191250306003107,2
191250306003108,2
191250306003000,2
191250306003001,2
191250306003002,2
191250306003003,2
191250306003004,2
191250306003005,2
191250306003006,2
191250306003009,2
191250306003014,2
191250306003015,2
191250306003016,2
191250306003017,2
191250306003018,2
191250306003019,2
191250306003020,2
191250306003022,2
191250306003023,2
191250306003024,2
191250306003025,2
191250306003026,2
191250306003027,2
191250306003028,2
191250306003029,2
191250306003030,2
191250306003031,2
191250306003032,2
191250306003033,2
191250306003034,2
191250306003035,2
191250306003036,2
191250306003065,2
191250306003066,2
191250306003067,2
191250306003068,2
191250306003069,2
191250306003070,2
191250306003071,2
191250306003072,2
191250306003073,2
191250306003074,2
191250306003075,2
191250306003076,2
191250306003077,2
191250306003078,2
191250306003079,2
191250306003080,2
191250306003081,2
191250306003082,2
191250306003083,2
191250306003084,2
191250306003085,2
191250306003086,2
191250306003087,2
191250306003088,2
191250306003109,2
191250306003110,2
191250306003111,2
191250306003112,2
191250306003113,2
191250306003114,2
191250306003115,2
191250307001041,2
191250307001005,2
191250307001006,2
191250307001007,2
191250307001008,2
191250307001009,2
191250307001010,2
191250307001011,2
191250307001012,2
191250307001013,2
191250307001014,2
191250307001016,2
191250307001023,2
191250307001024,2
191250307001025,2
191250307001029,2
191250307001030,2
191250307001031,2
191250307001032,2
191250307001033,2
191250307001034,2
191250307001035,2
191250307001036,2
191250307001037,2
191250307001038,2
191250307001039,2
191250307001040,2
191250307001042,2
191250307001043,2
191250307001044,2
191250307001045,2
191250307001046,2
191250307001047,2
191250307001048,2
191250307001049,2
191250307001050,2
191250307001051,2
191250307001052,2
191250307001053,2
191250307001054,2
191250307001055,2
191250307001056,2
191250307001057,2
191250307001058,2
191250307001059,2
191250307001060,2
191250307001062,2
191250307001063,2
191250307001064,2
191250307001065,2
191250307001066,2
191250307001067,2
191250307001068,2
191250307001069,2
191250307001072,2
191250307001073,2
191250307001074,2
191250307001076,2
191250307001077,2
191250307001078,2
191250307001079,2
191250307001080,2
191250307001081,2
191250307001082,2
191250307002089,2
191250307002090,2
191250307001021,2
191250307001022,2
191250307001026,2
191250307001027,2
191250307001028,2
191250307001061,2
191250307001070,2
191250307001071,2
191250307001075,2
191250307002004,2
191250307002005,2
191250307002006,2
191250307002007,2
191250307002008,2
191250307002009,2
191250307002010,2
191250307002011,2
191250307002012,2
191250307002013,2
191250307002014,2
191250307002017,2
191250307002018,2
191250307002019,2
191250307002020,2
191250307002021,2
191250307002022,2
191250307002023,2
191250307002024,2
191250307002025,2
191250307002026,2
191250307002027,2
191250307002028,2
191250307002029,2
191250307002030,2
191250307002031,2
191250307002032,2
191250307002033,2
191250307002034,2
191250307002035,2
191250307002036,2
191250307002037,2
191250307002038,2
191250307002039,2
191250307002040,2
191250307002041,2
191250307002042,2
191250307002043,2
191250307002044,2
191250307002045,2
191250307002046,2
191250307002047,2
191250307002048,2
191250307002049,2
191250307002050,2
191250307002051,2
191250307002052,2
191250307002053,2
191250307002054,2
191250307002055,2
191250307002056,2
191250307002057,2
191250307002058,2
191250307002059,2
191250307002060,2
191250307002061,2
191250307002062,2
191250307002063,2
191250307002064,2
191250307002065,2
191250307002066,2
191250307002067,2
191250307002068,2
191250307002069,2
191250307002070,2
191250307002071,2
191250307002072,2
191250307002073,2
191250307002074,2
191250307002075,2
191250307002076,2
191250307002077,2
191250307002078,2
191250307002079,2
191250307002080,2
191250307002081,2
191250307002082,2
191250307002083,2
191250307002084,2
191250307002085,2
191250307002086,2
191250307002087,2
191250307002088,2
191250307002091,2
191250307002092,2
191250307002093,2
191250307002094,2
191250307002095,2
191250307002096,2
191250307002097,2
191250307002098,2
191250307002099,2
191250307002100,2
191250307002101,2
191250307002102,2
191250307002103,2
191250307002104,2
191250307002105,2
191250307002106,2
191250307002107,2
191250307002108,2
191250307002109,2
191250307002110,2
191250307002111,2
191250307002112,2
191250307002113,2
191250307002114,2
191250307002115,2
191250307002116,2
191250307002117,2
191250307002118,2
191250307002119,2
191250307002120,2
191250307003020,2
191250307003021,2
191250307003022,2
191250307003023,2
191250307003024,2
191250307003025,2
191250307003026,2
191250307003027,2
191250307003028,2
191250307003029,2
191250307003033,2
191250307003034,2
191250307003040,2
191250307003041,2
191250307003042,2
191250307003043,2
191250307003044,2
191250307003046,2
191250307003055,2
191250307003056,2
191250307003098,2
191279501001000,1
191279501001001,1
191279501001002,1
191279501001003,1
191279501001004,1
191279501001005,1
191279501001006,1
191279501001007,1
191279501001008,1
191279501001009,1
191279501001010,1
191279501001011,1
191279501001012,1
191279501001013,1
191279501001014,1
191279501001015,1
191279501001016,1
191279501001017,1
191279501001018,1
191279501001019,1
191279501001020,1
191279501001021,1
191279501001022,1
191279501001066,1
191279501001067,1
191279501001087,1
191279501001088,1
191279501001089,1
191279501001090,1
191279501001091,1
191279501001092,1
191279501001093,1
191279501001094,1
191279501001098,1
191279501001099,1
191279501003008,1
191279501004000,1
191279501004001,1
191279501004002,1
191279501004003,1
191279501004004,1
191279501004005,1
191279501004006,1
191279501004007,1
191279501004008,1
191279501004070,1
191279501004071,1
191279501004072,1
191279501004073,1
191279501004074,1
191279501004075,1
191279501004076,1
191279501004077,1
191279501004078,1
191279501004079,1
191279501004080,1
191279501004081,1
191279501004082,1
191279501004083,1
191279501004085,1
191279501004086,1
191279501004087,1
191279501004088,1
191279501004089,1
191279501004090,1
191279501004091,1
191279501004092,1
191279501004094,1
191279501004095,1
191279501001023,1
191279501001024,1
191279501001025,1
191279501001026,1
191279501001027,1
191279501001028,1
191279501001029,1
191279501001030,1
191279501001031,1
191279501001032,1
191279501001033,1
191279501001034,1
191279501001035,1
191279501001036,1
191279501001037,1
191279501001038,1
191279501001039,1
191279501001040,1
191279501001041,1
191279501001042,1
191279501001043,1
191279501001044,1
191279501001045,1
191279501001046,1
191279501001050,1
191279501001051,1
191279501001052,1
191279501001064,1
191279501001065,1
191279501002000,1
191279501002001,1
191279501002002,1
191279501002014,1
191279501002015,1
191279501002026,1
191279501004009,1
191279501004010,1
191279501004011,1
191279501004012,1
191279501004013,1
191279501004014,1
191279501004015,1
191279501004016,1
191279501004022,1
191279501004024,1
191279501004025,1
191279501004063,1
191279501004064,1
191279501004065,1
191279501004066,1
191279501004067,1
191279501004068,1
191279501004069,1
191279501004084,1
191279501004093,1
191279501004096,1
191279501004097,1
191279501004098,1
191279501004099,1
191279501004100,1
191279501004101,1
191279501004102,1
191279501004103,1
191279501004104,1
191279501001047,1
191279501001048,1
191279501001049,1
191279501001053,1
191279501001054,1
191279501001055,1
191279501001056,1
191279501001057,1
191279501001058,1
191279501001059,1
191279501001060,1
191279501001061,1
191279501001062,1
191279501001063,1
191279501001068,1
191279501001069,1
191279501001070,1
191279501001071,1
191279501001072,1
191279501001073,1
191279501001074,1
191279501001075,1
191279501001076,1
191279501001077,1
191279501001078,1
191279501001079,1
191279501001080,1
191279501001081,1
191279501001082,1
191279501001083,1
191279501001085,1
191279501001095,1
191279501001096,1
191279501001097,1
191279501002012,1
191279501002013,1
191279501002016,1
191279501002017,1
191279501002018,1
191279501002019,1
191279501002020,1
191279501002021,1
191279501002022,1
191279501002023,1
191279501002024,1
191279501002025,1
191279501002027,1
191279501002028,1
191279501002029,1
191279501002030,1
191279501002031,1
191279501002032,1
191279501002033,1
191279501002034,1
191279501002035,1
191279501002036,1
191279501002037,1
191279501002038,1
191279501002039,1
191279501002040,1
191279501002041,1
191279501002042,1
191279501002048,1
191279501002049,1
191279501002050,1
191279501002051,1
191279501002052,1
191279501002053,1
191279501002054,1
191279501002055,1
191279501002056,1
191279501002057,1
191279501002058,1
191279501002059,1
191279501002060,1
191279501002061,1
191279501002062,1
191279501002063,1
191279501002064,1
191279501002065,1
191279501002066,1
191279501002067,1
191279501002068,1
191279501002069,1
191279501002070,1
191279501002071,1
191279501002072,1
191279501002073,1
191279501002074,1
191279501002075,1
191279501002076,1
191279501002078,1
191279501002080,1
191279502002229,1
191279507002000,1
191279507002001,1
191279507002002,1
191279507002003,1
191279507002013,1
191279507002014,1
191279507002015,1
191279507002035,1
191279507003000,1
191279507003018,1
191279508021015,1
191279501001084,1
191279501001086,1
191279505001000,1
191279505001001,1
191279505001002,1
191279505001003,1
191279505001004,1
191279505001005,1
191279505001006,1
191279505001007,1
191279505001008,1
191279505001009,1
191279505001010,1
191279505001011,1
191279505001012,1
191279505001013,1
191279505001014,1
191279505001015,1
191279505001016,1
191279505001017,1
191279505001018,1
191279505001019,1
191279505001020,1
191279505002000,1
191279505002001,1
191279505004000,1
191279505004001,1
191279505004002,1
191279505004003,1
191279505004004,1
191279505004005,1
191279505004006,1
191279505004007,1
191279506001000,1
191279506001001,1
191279506001002,1
191279506001005,1
191279506001006,1
191279506001007,1
191279506001008,1
191279506001009,1
191279506002000,1
191279506002001,1
191279506002002,1
191279506002003,1
191279506002004,1
191279506002005,1
191279506002006,1
191279506002007,1
191279506002008,1
191279506002009,1
191279506002010,1
191279506002011,1
191279506002012,1
191279506002013,1
191279506002014,1
191279506003000,1
191279506003001,1
191279506003002,1
191279506003003,1
191279506003004,1
191279506003005,1
191279506003006,1
191279506003007,1
191279506003008,1
191279506003009,1
191279506003010,1
191279506003011,1
191279509001006,1
191279509001007,1
191279509001008,1
191279509001009,1
191279509001010,1
191279509001011,1
191279509004002,1
191279501002003,1
191279501002004,1
191279501002005,1
191279501002006,1
191279501002007,1
191279501002008,1
191279501002009,1
191279501002010,1
191279501002011,1
191279501002047,1
191279501004018,1
191279501004019,1
191279501004020,1
191279501004021,1
191279501004026,1
191279501004027,1
191279501004028,1
191279501004036,1
191279501004037,1
191279501004054,1
191279501004055,1
191279501004056,1
191279501004057,1
191279501004058,1
191279501004059,1
191279501004060,1
191279501004061,1
191279501004062,1
191279502002000,1
191279502002001,1
191279502002002,1
191279502002003,1
191279502002004,1
191279502002005,1
191279502002006,1
191279502002007,1
191279502002008,1
191279502002009,1
191279502002030,1
191279502002050,1
191279502002051,1
191279502002052,1
191279502002053,1
191279502002054,1
191279502002055,1
191279502002056,1
191279502002057,1
191279502002058,1
191279502002059,1
191279502002060,1
191279502002061,1
191279502002062,1
191279502002063,1
191279502002064,1
191279502002065,1
191279502002066,1
191279502002067,1
191279502002068,1
191279502002069,1
191279502002072,1
191279502002073,1
191279502002074,1
191279502002075,1
191279502002090,1
191279502002093,1
191279502002094,1
191279502002096,1
191279501002043,1
191279501002044,1
191279501002045,1
191279501002046,1
191279502002091,1
191279502002092,1
191279502002095,1
191279502002097,1
191279502002098,1
191279502002099,1
191279502002136,1
191279502002137,1
191279502002138,1
191279502002139,1
191279502002140,1
191279502002141,1
191279502002142,1
191279502002143,1
191279502002144,1
191279502002145,1
191279502002146,1
191279502002147,1
191279502002181,1
191279502002182,1
191279502002183,1
191279502002184,1
191279502002185,1
191279502002186,1
191279502002198,1
191279502002199,1
191279502002200,1
191279502002201,1
191279502002202,1
191279502002203,1
191279502002204,1
191279502002205,1
191279502002206,1
191279502002207,1
191279502002208,1
191279502002209,1
191279502002210,1
191279502002211,1
191279502002212,1
191279502002213,1
191279502002214,1
191279502002215,1
191279502002216,1
191279502002217,1
191279502002218,1
191279502002219,1
191279502002220,1
191279502002221,1
191279502002222,1
191279502002230,1
191279502002231,1
191279503001000,1
191279501002077,1
191279501002079,1
191279506001003,1
191279506001004,1
191279506004000,1
191279506004001,1
191279506004002,1
191279506004003,1
191279506004004,1
191279506004005,1
191279506004006,1
191279506004007,1
191279506004008,1
191279507001000,1
191279507002005,1
191279507002006,1
191279507002007,1
191279507002008,1
191279507003001,1
191279507003002,1
191279507003003,1
191279507003004,1
191279507003005,1
191279507003006,1
191279507003007,1
191279507003008,1
191279507003009,1
191279507003010,1
191279507003011,1
191279507003012,1
191279507003013,1
191279507003014,1
191279507003015,1
191279507003016,1
191279507003017,1
191279507004000,1
191279507004001,1
191279507004002,1
191279507004003,1
191279507004004,1
191279507004005,1
191279507004006,1
191279507004007,1
191279507004008,1
191279507004009,1
191279507004010,1
191279507004011,1
191279507004012,1
191279507004013,1
191279507004014,1
191279501003000,1
191279501003001,1
191279501003002,1
191279501003003,1
191279501003004,1
191279501003005,1
191279501003006,1
191279501003007,1
191279501003009,1
191279501003010,1
191279501003011,1
191279501003012,1
191279501003013,1
191279501003014,1
191279501003015,1
191279501003016,1
191279501003017,1
191279501003018,1
191279501003019,1
191279501003020,1
191279501003021,1
191279501003022,1
191279501003023,1
191279501003024,1
191279501003025,1
191279501003026,1
191279501003027,1
191279501003028,1
191279501003029,1
191279501003030,1
191279501003031,1
191279501003032,1
191279501003033,1
191279501003034,1
191279501003035,1
191279501003036,1
191279501003037,1
191279501003038,1
191279501003039,1
191279501003040,1
191279501003041,1
191279501003042,1
191279501003043,1
191279501003044,1
191279501003045,1
191279501003046,1
191279501003047,1
191279501003048,1
191279501003049,1
191279501003050,1
191279501003051,1
191279501003052,1
191279501003053,1
191279501003054,1
191279501003055,1
191279501003056,1
191279501003057,1
191279501003058,1
191279501003059,1
191279501003060,1
191279501003061,1
191279501003062,1
191279501003063,1
191279501003064,1
191279501003065,1
191279501003066,1
191279501003067,1
191279501003068,1
191279501003069,1
191279501003070,1
191279501003071,1
191279501003072,1
191279501003073,1
191279501003074,1
191279501003075,1
191279501003076,1
191279501003077,1
191279501003078,1
191279501003079,1
191279501003080,1
191279501003085,1
191279501003086,1
191279501003087,1
191279501003088,1
191279501003089,1
191279501003090,1
191279501003091,1
191279504001001,1
191279509004000,1
191279509004001,1
191279509004003,1
191279509004007,1
191279509004029,1
191279501003081,1
191279501003082,1
191279501003083,1
191279501003084,1
191279501003093,1
191279504001000,1
191279504001015,1
191279504001016,1
191279504001017,1
191279504002000,1
191279504002001,1
191279504002002,1
191279504002003,1
191279504002004,1
191279504002005,1
191279504002006,1
191279504002007,1
191279504002008,1
191279504002009,1
191279504002010,1
191279504002011,1
191279504002012,1
191279504002013,1
191279504002014,1
191279504002015,1
191279504002016,1
191279504002017,1
191279504002018,1
191279504002019,1
191279504002020,1
191279504002021,1
191279504002022,1
191279504002023,1
191279504002024,1
191279504002025,1
191279504002026,1
191279504002027,1
191279504002028,1
191279504002029,1
191279504002030,1
191279504002031,1
191279504002032,1
191279504002041,1
191279504002050,1
191279504002051,1
191279504002052,1
191279504002053,1
191279504002054,1
191279504002055,1
191279504002056,1
191279504002057,1
191279504002058,1
191279504002059,1
191279504002060,1
191279504002061,1
191279504002062,1
191279504002063,1
191279504002064,1
191279504002065,1
191279504002066,1
191279504002067,1
191279504002068,1
191279504002069,1
191279504002070,1
191279504002071,1
191279504002072,1
191279504002073,1
191279504002074,1
191279504002075,1
191279504002076,1
191279504002077,1
191279504002078,1
191279504002079,1
191279504002080,1
191279504002081,1
191279504002082,1
191279504002083,1
191279504002084,1
191279504002085,1
191279504002086,1
191279509004027,1
191279509004028,1
191279509004031,1
191279510001004,1
191279510001005,1
191279510001012,1
191279510001013,1
191279510001014,1
191279510001015,1
191279510002000,1
191279510002001,1
191279510002005,1
191279510002006,1
191279510002007,1
191279510002008,1
191279510002009,1
191279510002010,1
191279501003092,1
191279509001000,1
191279509001001,1
191279509001002,1
191279509001016,1
191279509001017,1
191279509001018,1
191279509001019,1
191279509001020,1
191279509001021,1
191279509001022,1
191279509001029,1
191279509001030,1
191279509001031,1
191279509001032,1
191279509001033,1
191279509001034,1
191279509001035,1
191279509001036,1
191279509001037,1
191279509002000,1
191279509002007,1
191279509002008,1
191279509002009,1
191279509002010,1
191279509002011,1
191279509002012,1
191279509002013,1
191279509002014,1
191279509002015,1
191279509002016,1
191279509002017,1
191279509002018,1
191279509003000,1
191279509003001,1
191279509003002,1
191279509003003,1
191279509003004,1
191279509003005,1
191279509003006,1
191279509003007,1
191279509003008,1
191279509003009,1
191279509003010,1
191279509003011,1
191279509003012,1
191279509003013,1
191279509003014,1
191279509003015,1
191279509003016,1
191279509003017,1
191279509003018,1
191279509003019,1
191279509003020,1
191279509003021,1
191279509003022,1
191279509003023,1
191279509004008,1
191279509004009,1
191279509004010,1
191279509004011,1
191279509004012,1
191279509004013,1
191279509004014,1
191279509004015,1
191279509004016,1
191279509004017,1
191279509004018,1
191279509004019,1
191279509004020,1
191279509004021,1
191279509004022,1
191279509004023,1
191279509004024,1
191279509004025,1
191279509004026,1
191279509004030,1
191279509004032,1
191279510001000,1
191279510001001,1
191279510001002,1
191279510001003,1
191279510001006,1
191279510001007,1
191279510001008,1
191279510001009,1
191279510001010,1
191279510001011,1
191279510001016,1
191279510001017,1
191279510001018,1
191279510001019,1
191279510001020,1
191279510001021,1
191279510001022,1
191279510001023,1
191279510001024,1
191279510001025,1
191279510001026,1
191279501004017,1
191279501004023,1
191279501004029,1
191279501004030,1
191279501004031,1
191279501004032,1
191279501004033,1
191279501004034,1
191279501004035,1
191279501004038,1
191279501004039,1
191279501004040,1
191279501004041,1
191279501004042,1
191279501004043,1
191279501004044,1
191279501004045,1
191279501004046,1
191279501004047,1
191279501004048,1
191279501004049,1
191279501004050,1
191279501004051,1
191279501004052,1
191279501004053,1
191279501004105,1
191279502001000,1
191279502001001,1
191279502002100,1
191279502002101,1
191279502002102,1
191279502002103,1
191279502002104,1
191279502002105,1
191279502002118,1
191279502002119,1
191279502002128,1
191279502002129,1
191279502002130,1
191279502002131,1
191279502002132,1
191279502002133,1
191279502002134,1
191279502002135,1
191279502002148,1
191279502002149,1
191279502002150,1
191279502002151,1
191279502002152,1
191279502002153,1
191279502002154,1
191279502002155,1
191279502002156,1
191279502002157,1
191279502002158,1
191279502002159,1
191279502002160,1
191279502002161,1
191279502002162,1
191279502002163,1
191279502002164,1
191279502002165,1
191279502002167,1
191279502002168,1
191279502002169,1
191279502002170,1
191279502002171,1
191279502002172,1
191279502002173,1
191279502002174,1
191279502002175,1
191279502002176,1
191279502002177,1
191279502002178,1
191279502002179,1
191279502002180,1
191279502002187,1
191279502002188,1
191279502002189,1
191279502002190,1
191279502002191,1
191279502002192,1
191279502002193,1
191279502002194,1
191279502002195,1
191279502002196,1
191279502002197,1
191279502002223,1
191279502002224,1
191279502002225,1
191279502002226,1
191279502002227,1
191279502002228,1
191279502002232,1
191279502002234,1
191279502003002,1
191279502003003,1
191279502003004,1
191279502001002,1
191279502001003,1
191279502001004,1
191279502001005,1
191279502001006,1
191279502001007,1
191279502001008,1
191279502001009,1
191279502001010,1
191279502001011,1
191279502001012,1
191279502001013,1
191279502001014,1
191279502001015,1
191279502001016,1
191279502001017,1
191279502001018,1
191279502001019,1
191279502001020,1
191279502001021,1
191279502001022,1
191279502001023,1
191279502001024,1
191279502001025,1
191279502001026,1
191279502001027,1
191279502001028,1
191279502001029,1
191279502001030,1
191279502001031,1
191279502001032,1
191279502001033,1
191279502001034,1
191279502001035,1
191279502001036,1
191279502001037,1
191279502001038,1
191279502001039,1
191279502001040,1
191279502001041,1
191279502001042,1
191279502001043,1
191279502001044,1
191279502001045,1
191279502001046,1
191279502001047,1
191279502001048,1
191279502001049,1
191279502001050,1
191279502001051,1
191279502001052,1
191279502001053,1
191279502001054,1
191279502001055,1
191279502001056,1
191279502001057,1
191279502001058,1
191279502001059,1
191279502003001,1
191279502003005,1
191279502003006,1
191279502003007,1
191279502003008,1
191279502003009,1
191279502003014,1
191279502003015,1
191279502003016,1
191279502003017,1
191279502003018,1
191279502003019,1
191279502003020,1
191279502003021,1
191279502003022,1
191279502003023,1
191279502003024,1
191279502003025,1
191279502003026,1
191279502003027,1
191279502003028,1
191279502003029,1
191279502003030,1
191279502003031,1
191279502003032,1
191279502003033,1
191279502003034,1
191279502003035,1
191279502003036,1
191279502003037,1
191279502003038,1
191279502003039,1
191279502003040,1
191279502003041,1
191279502003042,1
191279502003043,1
191279502003044,1
191279502003045,1
191279502003046,1
191279502003047,1
191279502003048,1
191279502003049,1
191279502003050,1
191279502003051,1
191279502003052,1
191279502003053,1
191279502003054,1
191279502003055,1
191279502003056,1
191279502003057,1
191279502003058,1
191279502003059,1
191279502003060,1
191279502003061,1
191279502003062,1
191279502003063,1
191279502003064,1
191279503003029,1
191279503003030,1
191279503003031,1
191279503003032,1
191279503003033,1
191279503003034,1
191279503003035,1
191279503003036,1
191279502002010,1
191279502002011,1
191279502002012,1
191279502002013,1
191279502002014,1
191279502002015,1
191279502002016,1
191279502002017,1
191279502002018,1
191279502002019,1
191279502002020,1
191279502002021,1
191279502002022,1
191279502002023,1
191279502002024,1
191279502002025,1
191279502002026,1
191279502002027,1
191279502002028,1
191279502002029,1
191279502002031,1
191279502002032,1
191279502002033,1
191279502002034,1
191279502002035,1
191279502002036,1
191279502002037,1
191279502002038,1
191279502002039,1
191279502002040,1
191279502002041,1
191279502002042,1
191279502002043,1
191279502002044,1
191279502002045,1
191279502002046,1
191279502002047,1
191279502002048,1
191279502002049,1
191279502002070,1
191279502002071,1
191279502002076,1
191279502002077,1
191279502002078,1
191279502002079,1
191279502002080,1
191279502002081,1
191279502002082,1
191279502002083,1
191279502002084,1
191279502002085,1
191279502002086,1
191279502002087,1
191279502002088,1
191279502002089,1
191279502002115,1
191279502002116,1
191279502002117,1
191279502002120,1
191279502002121,1
191279502002166,1
191279502002233,1
191279502002106,1
191279502002107,1
191279502002108,1
191279502002109,1
191279502002110,1
191279502002111,1
191279502002112,1
191279502002113,1
191279502002114,1
191279502002122,1
191279502002123,1
191279502002124,1
191279502002125,1
191279502002126,1
191279502002127,1
191279502003000,1
191279502003010,1
191279502003011,1
191279502003012,1
191279502003013,1
191279503001001,1
191279503001002,1
191279503001003,1
191279503001004,1
191279503001005,1
191279503001006,1
191279503001007,1
191279503001008,1
191279503001009,1
191279503001010,1
191279503001011,1
191279503001012,1
191279503001013,1
191279503001014,1
191279503001015,1
191279503001016,1
191279503001017,1
191279503001018,1
191279503001019,1
191279503001020,1
191279503001021,1
191279503001022,1
191279503001023,1
191279503001024,1
191279503001025,1
191279503001026,1
191279503001027,1
191279503001028,1
191279503001029,1
191279503001030,1
191279503001031,1
191279503001032,1
191279503001033,1
191279503001034,1
191279503001039,1
191279503001040,1
191279503001041,1
191279503001045,1
191279503001046,1
191279503001047,1
191279503001048,1
191279503001049,1
191279503001050,1
191279503001051,1
191279503001052,1
191279503001053,1
191279503001054,1
191279503001057,1
191279503001058,1
191279503001059,1
191279503001060,1
191279503001061,1
191279503001062,1
191279503001063,1
191279503001064,1
191279503001065,1
191279503001066,1
191279503001067,1
191279503001089,1
191279503001090,1
191279503001091,1
191279503001092,1
191279503001093,1
191279503001094,1
191279503001095,1
191279503001096,1
191279503001097,1
191279503001098,1
191279503001099,1
191279503001100,1
191279503001101,1
191279503001102,1
191279503001103,1
191279503001104,1
191279503001105,1
191279503001106,1
191279503001107,1
191279503001108,1
191279503001109,1
191279503001110,1
191279503001111,1
191279503001112,1
191279503001113,1
191279503001114,1
191279503001115,1
191279503001120,1
191279503001121,1
191279503001122,1
191279503002000,1
191279503002001,1
191279503002002,1
191279503002006,1
191279503002007,1
191279503002008,1
191279503001035,1
191279503001036,1
191279503001037,1
191279503001038,1
191279503001042,1
191279503001043,1
191279503001044,1
191279503001055,1
191279503001056,1
191279503001068,1
191279503001069,1
191279503001070,1
191279503001071,1
191279503001072,1
191279503001073,1
191279503001074,1
191279503001075,1
191279503001076,1
191279503001077,1
191279503001078,1
191279503001079,1
191279503001080,1
191279503001081,1
191279503001082,1
191279503001083,1
191279503001084,1
191279503001085,1
191279503001086,1
191279503001087,1
191279503001088,1
191279504002042,1
191279504002043,1
191279504002044,1
191279504002045,1
191279504002046,1
191279504002047,1
191279504002048,1
191279504002049,1
191279504003010,1
191279504003011,1
191279504003012,1
191279504003013,1
191279504003014,1
191279504003015,1
191279504003016,1
191279504003017,1
191279504003018,1
191279504003019,1
191279504003020,1
191279504003021,1
191279504003022,1
191279504003023,1
191279504003024,1
191279504003025,1
191279504003026,1
191279504003027,1
191279504003028,1
191279504003029,1
191279504003030,1
191279504003031,1
191279504003032,1
191279504003033,1
191279504003034,1
191279504003035,1
191279504003111,1
191279508021030,1
191279508021032,1
191279508022014,1
191279508022015,1
191279508022016,1
191279508022017,1
191279508022018,1
191279508022019,1
191279508022023,1
191279508022025,1
191279508023001,1
191279508023003,1
191279508023004,1
191279508023005,1
191279508023013,1
191279508023014,1
191279508023015,1
191279508023016,1
191279510003038,1
191279510003040,1
191279510003041,1
191279503001116,1
191279503001117,1
191279503001118,1
191279503001119,1
191279503002003,1
191279503002004,1
191279503002005,1
191279503002009,1
191279503002010,1
191279503002011,1
191279503002012,1
191279503002014,1
191279503002038,1
191279503003000,1
191279503003001,1
191279503003002,1
191279503003003,1
191279503003004,1
191279503003005,1
191279503003006,1
191279503003007,1
191279503003008,1
191279503003009,1
191279503003010,1
191279503003011,1
191279503003012,1
191279503003013,1
191279503003014,1
191279503003015,1
191279503003016,1
191279503003017,1
191279503003018,1
191279503003019,1
191279503003020,1
191279503003021,1
191279503003022,1
191279503003097,1
191279503003098,1
191279503003099,1
191279503003100,1
191279503003101,1
191279503003102,1
191279503003103,1
191279503003104,1
191279503003105,1
191279503003143,1
191279503003145,1
191279503003146,1
191279503003147,1
191279503003148,1
191279503003149,1
191279503003150,1
191279503003151,1
191279503003152,1
191279503003153,1
191279503002013,1
191279503002015,1
191279503002016,1
191279503002017,1
191279503002018,1
191279503002019,1
191279503002020,1
191279503002021,1
191279503002022,1
191279503002023,1
191279503002024,1
191279503002025,1
191279503002026,1
191279503002027,1
191279503002028,1
191279503002029,1
191279503002030,1
191279503002031,1
191279503002032,1
191279503002033,1
191279503002034,1
191279503002035,1
191279503002036,1
191279503002037,1
191279503002039,1
191279503002040,1
191279503002041,1
191279503002042,1
191279503002043,1
191279503002044,1
191279503002045,1
191279503002046,1
191279503002047,1
191279503003023,1
191279503003024,1
191279503003025,1
191279503003026,1
191279503003027,1
191279503003028,1
191279503003037,1
191279503003038,1
191279503003039,1
191279503003040,1
191279503003041,1
191279503003042,1
191279503003043,1
191279503003044,1
191279503003045,1
191279503003046,1
191279503003047,1
191279503003048,1
191279503003049,1
191279503003050,1
191279503003051,1
191279503003052,1
191279503003053,1
191279503003054,1
191279503003055,1
191279503003056,1
191279503003057,1
191279503003058,1
191279503003059,1
191279503003060,1
191279503003061,1
191279503003062,1
191279503003063,1
191279503003064,1
191279503003065,1
191279503003066,1
191279503003067,1
191279503003068,1
191279503003069,1
191279503003070,1
191279503003071,1
191279503003072,1
191279503003073,1
191279503003074,1
191279503003075,1
191279503003076,1
191279503003077,1
191279503003078,1
191279503003079,1
191279503003080,1
191279503003081,1
191279503003082,1
191279503003083,1
191279503003084,1
191279503003085,1
191279503003086,1
191279503003087,1
191279503003088,1
191279503003089,1
191279503003090,1
191279503003091,1
191279503003092,1
191279503003093,1
191279503003094,1
191279503003095,1
191279503003096,1
191279503003106,1
191279503003107,1
191279503003108,1
191279503003109,1
191279503003110,1
191279503003111,1
191279503003112,1
191279503003113,1
191279503003114,1
191279503003115,1
191279503003116,1
191279503003117,1
191279503003118,1
191279503003119,1
191279503003120,1
191279503003121,1
191279503003122,1
191279503003123,1
191279503003124,1
191279503003125,1
191279503003126,1
191279503003127,1
191279503003128,1
191279503003129,1
191279503003130,1
191279503003131,1
191279503003132,1
191279503003133,1
191279503003134,1
191279503003135,1
191279503003136,1
191279503003137,1
191279503003138,1
191279503003139,1
191279503003140,1
191279503003141,1
191279503003142,1
191279503003144,1
191279503004000,1
191279503004001,1
191279503004002,1
191279503004003,1
191279503004004,1
191279503004005,1
191279503004006,1
191279503004007,1
191279503004008,1
191279503004009,1
191279503004010,1
191279503004011,1
191279503004012,1
191279503004013,1
191279503004014,1
191279503004015,1
191279503004016,1
191279503004017,1
191279503004018,1
191279503004019,1
191279503004020,1
191279503004021,1
191279503004022,1
191279503004023,1
191279503004024,1
191279503004025,1
191279503004026,1
191279503004027,1
191279503004028,1
191279503004029,1
191279503004030,1
191279503004031,1
191279503004032,1
191279503004033,1
191279503004034,1
191279503004035,1
191279503004036,1
191279503004037,1
191279503004038,1
191279503004039,1
191279503004040,1
191279503004041,1
191279503004042,1
191279503004043,1
191279503004044,1
191279503004045,1
191279503004046,1
191279503004047,1
191279503004048,1
191279503004049,1
191279503004050,1
191279503004051,1
191279503004052,1
191279503004053,1
191279503004054,1
191279503004055,1
191279503004056,1
191279503004057,1
191279503004058,1
191279503004059,1
191279503004060,1
191279503004061,1
191279503004062,1
191279503004063,1
191279503004064,1
191279503004065,1
191279503004066,1
191279503004067,1
191279503004068,1
191279503004069,1
191279503004070,1
191279503004071,1
191279503004072,1
191279503004073,1
191279503004074,1
191279503004075,1
191279503004076,1
191279503004077,1
191279503004078,1
191279503004079,1
191279504003009,1
191279504003036,1
191279504003049,1
191279504003050,1
191279504003051,1
191279504003052,1
191279504003053,1
191279504003113,1
191279504001002,1
191279504001003,1
191279504001004,1
191279504001005,1
191279504001006,1
191279504001007,1
191279504001008,1
191279504001009,1
191279504001010,1
191279504001011,1
191279504001012,1
191279504001013,1
191279504001014,1
191279504001018,1
191279504001019,1
191279504001020,1
191279504001021,1
191279504001022,1
191279504001023,1
191279504001024,1
191279504001025,1
191279504001026,1
191279504001027,1
191279504001028,1
191279504001029,1
191279504001030,1
191279504001031,1
191279504001032,1
191279504002087,1
191279504002033,1
191279504002034,1
191279504002035,1
191279504002036,1
191279504002037,1
191279504002038,1
191279504002039,1
191279504002040,1
191279510001027,1
191279510001028,1
191279510001029,1
191279510001030,1
191279510001031,1
191279510001032,1
191279510001033,1
191279510001034,1
191279510001035,1
191279510001036,1
191279510001037,1
191279510002002,1
191279510002003,1
191279510002004,1
191279510002011,1
191279510002012,1
191279510002013,1
191279510002014,1
191279510002015,1
191279510002016,1
191279510002017,1
191279510002018,1
191279510002019,1
191279510002020,1
191279510002021,1
191279510002022,1
191279510002023,1
191279510002024,1
191279510002025,1
191279510002026,1
191279510002027,1
191279510002028,1
191279510002029,1
191279510003000,1
191279510003001,1
191279510003002,1
191279510003003,1
191279510003004,1
191279510003005,1
191279510003006,1
191279510003007,1
191279510003008,1
191279510003009,1
191279510003010,1
191279510003011,1
191279510003012,1
191279510003013,1
191279510003014,1
191279510003015,1
191279510003016,1
191279510003017,1
191279510003018,1
191279510003019,1
191279510003020,1
191279510003021,1
191279510003022,1
191279510003023,1
191279510003024,1
191279510003025,1
191279510003026,1
191279510003027,1
191279510003028,1
191279510003029,1
191279510003030,1
191279510003031,1
191279510003032,1
191279510003033,1
191279510003034,1
191279510003035,1
191279510003036,1
191279510003037,1
191279510003039,1
191279504003000,1
191279504003001,1
191279504003002,1
191279504003003,1
191279504003004,1
191279504003005,1
191279504003006,1
191279504003007,1
191279504003008,1
191279504003037,1
191279504003038,1
191279504003039,1
191279504003040,1
191279504003041,1
191279504003042,1
191279504003043,1
191279504003044,1
191279504003045,1
191279504003046,1
191279504003047,1
191279504003048,1
191279504003054,1
191279504003055,1
191279504003056,1
191279504003057,1
191279504003058,1
191279504003059,1
191279504003060,1
191279504003061,1
191279504003062,1
191279504003063,1
191279504003064,1
191279504003065,1
191279504003066,1
191279504003067,1
191279504003068,1
191279504003069,1
191279504003070,1
191279504003071,1
191279504003072,1
191279504003073,1
191279504003074,1
191279504003075,1
191279504003076,1
191279504003077,1
191279504003078,1
191279504003079,1
191279504003080,1
191279504003081,1
191279504003082,1
191279504003083,1
191279504003084,1
191279504003085,1
191279504003086,1
191279504003087,1
191279504003088,1
191279504003089,1
191279504003090,1
191279504003091,1
191279504003092,1
191279504003093,1
191279504003094,1
191279504003095,1
191279504003096,1
191279504003097,1
191279504003098,1
191279504003099,1
191279504003100,1
191279504003101,1
191279504003102,1
191279504003103,1
191279504003104,1
191279504003105,1
191279504003106,1
191279504003107,1
191279504003108,1
191279504003109,1
191279504003110,1
191279504003112,1
191279504004000,1
191279504004001,1
191279504004002,1
191279504004003,1
191279504004004,1
191279504004005,1
191279504004006,1
191279504004007,1
191279504004008,1
191279504004009,1
191279504004010,1
191279504004011,1
191279504004012,1
191279504004013,1
191279504004014,1
191279504004015,1
191279504004016,1
191279504004017,1
191279504004018,1
191279504004019,1
191279504004020,1
191279504004021,1
191279504004022,1
191279504004023,1
191279504004024,1
191279504004025,1
191279504004026,1
191279504004027,1
191279504004028,1
191279504004029,1
191279504004030,1
191279504004031,1
191279505002002,1
191279505002003,1
191279505002004,1
191279505002005,1
191279505002006,1
191279505002007,1
191279505002008,1
191279505002009,1
191279505002010,1
191279505002011,1
191279505002012,1
191279505003000,1
191279505003001,1
191279505003002,1
191279505003003,1
191279505003004,1
191279505003005,1
191279505003006,1
191279505003007,1
191279505003008,1
191279505003009,1
191279505003010,1
191279505003011,1
191279505003012,1
191279505003013,1
191279505003014,1
191279505003015,1
191279505003016,1
191279505003017,1
191279505003018,1
191279505003019,1
191279505003020,1
191279505003021,1
191279505003022,1
191279505003023,1
191279505003024,1
191279505003025,1
191279505003026,1
191279505004008,1
191279505004009,1
191279505004010,1
191279505004011,1
191279505004012,1
191279505004013,1
191279505004014,1
191279505004015,1
191279505004016,1
191279505004017,1
191279505004018,1
191279505004019,1
191279505004020,1
191279505004021,1
191279505004022,1
191279505004023,1
191279505004024,1
191279505004025,1
191279505004026,1
191279505004027,1
191279509001003,1
191279509001004,1
191279509001005,1
191279509001012,1
191279509001013,1
191279509001014,1
191279509001015,1
191279509004004,1
191279509004005,1
191279509004006,1
191279506003012,1
191279506003013,1
191279506003014,1
191279506003015,1
191279506003016,1
191279506003017,1
191279506003018,1
191279506003019,1
191279506004009,1
191279506004010,1
191279506004011,1
191279506004012,1
191279506004013,1
191279506004014,1
191279506004015,1
191279506004016,1
191279506004017,1
191279506004018,1
191279506004019,1
191279506004020,1
191279506004021,1
191279506004022,1
191279506004023,1
191279506004024,1
191279506004025,1
191279506004026,1
191279506004027,1
191279506004028,1
191279506004029,1
191279506004030,1
191279506004031,1
191279506004032,1
191279506004033,1
191279506004034,1
191279506004035,1
191279506004036,1
191279506004037,1
191279506004038,1
191279506004039,1
191279506004040,1
191279506005000,1
191279506005001,1
191279506005002,1
191279506005003,1
191279506005004,1
191279506005005,1
191279506005006,1
191279506005007,1
191279506005008,1
191279506005009,1
191279506005010,1
191279506005011,1
191279506005012,1
191279506005013,1
191279506005014,1
191279506005015,1
191279506005016,1
191279506005017,1
191279506005018,1
191279506005019,1
191279508011002,1
191279508011003,1
191279508011004,1
191279508021031,1
191279508022000,1
191279508022001,1
191279508022002,1
191279508022003,1
191279508022004,1
191279508022005,1
191279508022006,1
191279508022007,1
191279508022008,1
191279508022009,1
191279508022010,1
191279508022011,1
191279508022012,1
191279508022013,1
191279508022020,1
191279508022021,1
191279508022022,1
191279508022026,1
191279508022027,1
191279509001023,1
191279509001024,1
191279509001025,1
191279509001026,1
191279509001027,1
191279509001028,1
191279509001038,1
191279509001039,1
191279509001040,1
191279509002001,1
191279509002002,1
191279509002003,1
191279509002004,1
191279509002005,1
191279509002006,1
191279509002019,1
191279509002020,1
191279509002021,1
191279507001001,1
191279507001002,1
191279507001003,1
191279507001004,1
191279507001005,1
191279507001006,1
191279507001007,1
191279507001008,1
191279507001009,1
191279507001010,1
191279507001011,1
191279507001012,1
191279507001013,1
191279507001014,1
191279507001015,1
191279507001016,1
191279507002004,1
191279507002009,1
191279507002010,1
191279507002011,1
191279507002012,1
191279507002016,1
191279507002017,1
191279507002018,1
191279507002019,1
191279507002020,1
191279507002021,1
191279507002022,1
191279507002023,1
191279507002024,1
191279507002025,1
191279507002026,1
191279507002027,1
191279507002028,1
191279507002029,1
191279507002030,1
191279507002031,1
191279507002032,1
191279507002033,1
191279507002034,1
191279507002036,1
191279507002037,1
191279508021000,1
191279508021001,1
191279508021002,1
191279508021003,1
191279508021004,1
191279508021005,1
191279508021006,1
191279508021007,1
191279508021008,1
191279508021009,1
191279508021010,1
191279508021011,1
191279508021012,1
191279508021013,1
191279508021014,1
191279508021016,1
191279508021017,1
191279508021018,1
191279508021019,1
191279508021020,1
191279508021021,1
191279508021022,1
191279508021023,1
191279508021024,1
191279508021025,1
191279508021026,1
191279508021027,1
191279508021028,1
191279508021029,1
191279508021033,1
191279508011000,1
191279508011001,1
191279508011005,1
191279508011006,1
191279508011007,1
191279508011008,1
191279508011009,1
191279508011010,1
191279508011011,1
191279508011012,1
191279508011013,1
191279508011014,1
191279508011015,1
191279508011016,1
191279508011017,1
191279508012000,1
191279508012001,1
191279508012002,1
191279508012003,1
191279508012004,1
191279508012005,1
191279508012006,1
191279508012007,1
191279508012008,1
191279508012009,1
191279508012010,1
191279508012011,1
191279508012012,1
191279508012013,1
191279508012014,1
191279508012015,1
191279508012016,1
191279508012017,1
191279508012018,1
191279508012019,1
191279508012020,1
191279508012021,1
191279508012022,1
191279508012023,1
191279508012024,1
191279508013000,1
191279508013001,1
191279508013002,1
191279508013003,1
191279508013004,1
191279508013005,1
191279508013006,1
191279508013007,1
191279508013008,1
191279508013009,1
191279508013010,1
191279508022024,1
191279508023000,1
191279508023002,1
191279508023006,1
191279508023007,1
191279508023008,1
191279508023009,1
191279508023010,1
191279508023011,1
191279508023012,1
191290401001000,3
191290401001001,3
191290401001002,3
191290401001003,3
191290401001004,3
191290401001005,3
191290401001006,3
191290401001009,3
191290401001010,3
191290401001011,3
191290401001012,3
191290401001013,3
191290401001014,3
191290401001015,3
191290401001016,3
191290401001017,3
191290401001018,3
191290401001019,3
191290401001020,3
191290401001021,3
191290401001022,3
191290401001023,3
191290401001024,3
191290401001025,3
191290401001026,3
191290401001027,3
191290401001028,3
191290401001029,3
191290401001030,3
191290401001031,3
191290401001032,3
191290401001033,3
191290401001034,3
191290401001035,3
191290401001038,3
191290401001039,3
191290401001040,3
191290401001041,3
191290401001042,3
191290401001043,3
191290401001047,3
191290401001048,3
191290401001052,3
191290401001053,3
191290401001054,3
191290401001055,3
191290401001056,3
191290401001068,3
191290401001069,3
191290401001073,3
191290401001074,3
191290401001083,3
191290401001088,3
191290401001089,3
191290401001090,3
191290401001091,3
191290401001094,3
191290401001100,3
191290401001101,3
191290401001102,3
191290401001103,3
191290401001104,3
191290401001105,3
191290401001106,3
191290401001107,3
191290401001108,3
191290401001109,3
191290401001110,3
191290401001007,3
191290401001008,3
191290401001036,3
191290401001037,3
191290401001044,3
191290401001045,3
191290401001046,3
191290402022000,3
191290402022001,3
191290402022002,3
191290402022003,3
191290402022004,3
191290402022010,3
191290402022011,3
191290402022012,3
191290402022035,3
191290402022036,3
191290402022041,3
191290402022048,3
191290402022049,3
191290402022050,3
191290402022051,3
191290402022052,3
191290402022053,3
191290402022054,3
191290402022055,3
191290402022056,3
191290402022057,3
191290402022058,3
191290402022059,3
191290402022060,3
191290402022061,3
191290402022062,3
191290402022063,3
191290402022064,3
191290402022065,3
191290402022066,3
191290402022067,3
191290402022068,3
191290402022069,3
191290402022070,3
191290402022071,3
191290402022072,3
191290402022073,3
191290402022078,3
191290402022079,3
191290402022080,3
191290402022081,3
191290402022082,3
191290402022083,3
191290402022084,3
191290402022085,3
191290402022086,3
191290402022087,3
191290402022088,3
191290402022089,3
191290402022090,3
191290402022091,3
191290402022092,3
191290402022093,3
191290402022094,3
191290402022095,3
191290402022098,3
191290402022099,3
191290402022139,3
191290401001049,3
191290401001050,3
191290401001051,3
191290401001057,3
191290401001058,3
191290401001059,3
191290401001060,3
191290401001061,3
191290401001062,3
191290401001063,3
191290401001067,3
191290401001072,3
191290401001075,3
191290401001076,3
191290401001077,3
191290401001078,3
191290401001079,3
191290401001080,3
191290401001081,3
191290401001082,3
191290401001084,3
191290401001085,3
191290401001086,3
191290401001087,3
191290401001092,3
191290401001093,3
191290401001095,3
191290401001096,3
191290401001097,3
191290401001098,3
191290401001099,3
191290401002000,3
191290401002001,3
191290401002002,3
191290401002003,3
191290401002004,3
191290401002005,3
191290401002006,3
191290401002007,3
191290401002008,3
191290401002009,3
191290401002010,3
191290401002011,3
191290401002012,3
191290401002013,3
191290401002014,3
191290401002015,3
191290401002016,3
191290401002017,3
191290401002018,3
191290401002019,3
191290401002020,3
191290401002021,3
191290401002022,3
191290401002023,3
191290401002024,3
191290401002025,3
191290401002026,3
191290401002027,3
191290401002028,3
191290401002029,3
191290401002030,3
191290401002031,3
191290401002032,3
191290401002033,3
191290401002034,3
191290401002035,3
191290401002036,3
191290401002037,3
191290401002038,3
191290401002039,3
191290401002040,3
191290401002041,3
191290401002042,3
191290401002043,3
191290401002044,3
191290401002045,3
191290401002046,3
191290401002047,3
191290401002048,3
191290401002049,3
191290401002050,3
191290401002051,3
191290401002052,3
191290401002053,3
191290401002056,3
191290401002057,3
191290401002060,3
191290401002061,3
191290401002062,3
191290401002080,3
191290401003000,3
191290401003001,3
191290401003002,3
191290401003003,3
191290401003004,3
191290401003005,3
191290401003006,3
191290401003007,3
191290401003008,3
191290401003009,3
191290401003010,3
191290401003011,3
191290401003012,3
191290401003013,3
191290401003014,3
191290401003020,3
191290401003021,3
191290401003022,3
191290401003023,3
191290401003024,3
191290401003025,3
191290401003026,3
191290401003027,3
191290401003028,3
191290401003029,3
191290401003030,3
191290401003032,3
191290401003033,3
191290401003034,3
191290401003035,3
191290401003036,3
191290401003037,3
191290401003038,3
191290401003042,3
191290401003043,3
191290401003044,3
191290401003045,3
191290401003046,3
191290401003047,3
191290401003048,3
191290401003133,3
191290401003134,3
191290401003135,3
191290401003136,3
191290401003137,3
191290401003138,3
191290401003139,3
191290401003140,3
191290401003141,3
191290401003142,3
191290401003144,3
191290401003145,3
191290401003146,3
191290401003147,3
191290401003148,3
191290401003149,3
191290401003150,3
191290401003151,3
191290401003152,3
191290401003153,3
191290401003154,3
191290401003155,3
191290401003156,3
191290401001064,3
191290401001065,3
191290401001066,3
191290401001070,3
191290401001071,3
191290401003015,3
191290401003016,3
191290401003017,3
191290401003018,3
191290401003019,3
191290401003058,3
191290401004000,3
191290401004001,3
191290401004003,3
191290401004004,3
191290401004005,3
191290401004006,3
191290401004008,3
191290401004009,3
191290401004015,3
191290401004028,3
191290401004029,3
191290401004030,3
191290401004031,3
191290401004073,3
191290401004074,3
191290401004080,3
191290401004081,3
191290401004088,3
191290401004099,3
191290401004100,3
191290401004101,3
191290402012004,3
191290402012005,3
191290402022096,3
191290402022097,3
191290402022100,3
191290402022106,3
191290402022125,3
191290402022126,3
191290402022127,3
191290402022128,3
191290402022129,3
191290402022131,3
191290402022132,3
191290402022133,3
191290401002054,3
191290401002055,3
191290401002058,3
191290401002059,3
191290401002063,3
191290401002064,3
191290401002065,3
191290401002066,3
191290401002067,3
191290401002068,3
191290401002069,3
191290401002070,3
191290401002071,3
191290401002072,3
191290401002073,3
191290401002074,3
191290401002075,3
191290401002076,3
191290401002077,3
191290401002078,3
191290401002079,3
191290401002081,3
191290401003049,3
191290401003050,3
191290401003051,3
191290401003052,3
191290401003053,3
191290401003054,3
191290401003055,3
191290401003056,3
191290401003061,3
191290401003062,3
191290401003063,3
191290401003064,3
191290401003065,3
191290401003066,3
191290401003067,3
191290401003068,3
191290401003073,3
191290401003074,3
191290401003075,3
191290401003076,3
191290401003077,3
191290401003078,3
191290401003079,3
191290401003080,3
191290401003081,3
191290401003082,3
191290401003111,3
191290401003112,3
191290401003113,3
191290401003114,3
191290401003115,3
191290401003116,3
191290401003117,3
191290401003118,3
191290401003119,3
191290401003120,3
191290401003121,3
191290401003122,3
191290401003123,3
191290401003124,3
191290401003031,3
191290401003039,3
191290401003040,3
191290401003041,3
191290401003057,3
191290401003059,3
191290401003060,3
191290401003069,3
191290401003070,3
191290401003071,3
191290401003072,3
191290401003083,3
191290401003084,3
191290401003085,3
191290401003086,3
191290401003087,3
191290401003088,3
191290401003089,3
191290401003090,3
191290401003091,3
191290401003092,3
191290401003093,3
191290401003094,3
191290401003095,3
191290401003096,3
191290401003097,3
191290401003098,3
191290401003099,3
191290401003100,3
191290401003101,3
191290401003102,3
191290401003103,3
191290401003104,3
191290401003105,3
191290401003106,3
191290401003107,3
191290401003108,3
191290401003109,3
191290401003110,3
191290401003125,3
191290401003126,3
191290401003127,3
191290401003128,3
191290401003129,3
191290401003130,3
191290401003131,3
191290401003132,3
191290401003143,3
191290401004104,3
191290401004105,3
191290401004002,3
191290401004007,3
191290401004010,3
191290401004011,3
191290401004012,3
191290401004013,3
191290401004014,3
191290401004016,3
191290401004017,3
191290401004018,3
191290401004019,3
191290401004020,3
191290401004021,3
191290401004022,3
191290401004023,3
191290401004024,3
191290401004025,3
191290401004026,3
191290401004027,3
191290401004032,3
191290401004033,3
191290401004034,3
191290401004035,3
191290401004036,3
191290401004037,3
191290401004038,3
191290401004039,3
191290401004040,3
191290401004041,3
191290401004042,3
191290401004043,3
191290401004044,3
191290401004045,3
191290401004046,3
191290401004047,3
191290401004048,3
191290401004049,3
191290401004050,3
191290401004051,3
191290401004052,3
191290401004053,3
191290401004054,3
191290401004055,3
191290401004056,3
191290401004057,3
191290401004058,3
191290401004059,3
191290401004060,3
191290401004061,3
191290401004062,3
191290401004063,3
191290401004064,3
191290401004065,3
191290401004066,3
191290401004067,3
191290401004068,3
191290401004069,3
191290401004070,3
191290401004071,3
191290401004072,3
191290401004076,3
191290401004077,3
191290401004078,3
191290401004079,3
191290401004082,3
191290401004083,3
191290401004084,3
191290401004085,3
191290401004086,3
191290401004087,3
191290401004089,3
191290401004090,3
191290401004091,3
191290401004092,3
191290401004093,3
191290401004094,3
191290401004095,3
191290401004096,3
191290401004097,3
191290401004098,3
191290401004107,3
191290401004108,3
191290401004109,3
191290401004110,3
191290401004111,3
191290401004112,3
191290401004113,3
191290401004114,3
191290401004115,3
191290401004116,3
191290401004075,3
191290401004102,3
191290402012000,3
191290402012001,3
191290402012002,3
191290402012003,3
191290402012006,3
191290402012007,3
191290402012008,3
191290402012009,3
191290402012010,3
191290402012011,3
191290402012012,3
191290402012025,3
191290402012026,3
191290402012027,3
191290402012028,3
191290402012029,3
191290402012030,3
191290402012031,3
191290402012032,3
191290402012033,3
191290402012034,3
191290402012035,3
191290402012036,3
191290402012037,3
191290402012038,3
191290402012039,3
191290402012040,3
191290402012120,3
191290402012128,3
191290402012129,3
191290402022074,3
191290402022075,3
191290402022076,3
191290402022077,3
191290402022101,3
191290402022102,3
191290402022107,3
191290402022108,3
191290402022109,3
191290402022110,3
191290402022111,3
191290402022112,3
191290402022113,3
191290402022114,3
191290402022115,3
191290402022116,3
191290402022117,3
191290402022120,3
191290402022121,3
191290402022122,3
191290402022123,3
191290402022124,3
191290402022130,3
191290403022017,3
191290403023027,3
191290403023029,3
191290403023030,3
191290401004103,3
191290401004106,3
191290402012115,3
191290402012116,3
191290402012117,3
191290402012118,3
191290402012119,3
191290402012121,3
191290402012122,3
191290402012123,3
191290402012124,3
191290402012125,3
191290402012126,3
191290402012127,3
191290402012130,3
191290402012131,3
191290402012132,3
191290402012133,3
191290402012134,3
191290402012135,3
191290402012136,3
191290402012137,3
191290402012138,3
191290402012139,3
191290402012140,3
191290402012141,3
191290402012142,3
191290402012143,3
191290402012144,3
191290402012145,3
191290402012146,3
191290402012147,3
191290402012148,3
191290402012149,3
191290402012150,3
191290402012151,3
191290402012152,3
191290402012153,3
191290402012154,3
191290402012155,3
191290402012156,3
191290402012157,3
191290402012158,3
191290402012159,3
191290402012160,3
191290402012161,3
191290402012162,3
191290402012163,3
191290402012164,3
191290402012165,3
191290402012166,3
191290402012167,3
191290402012168,3
191290402012169,3
191290402012170,3
191290402012171,3
191290402012172,3
191290402012179,3
191290402011000,3
191290402011001,3
191290402011002,3
191290402011010,3
191290402011011,3
191290402011012,3
191290402011013,3
191290402011014,3
191290402011015,3
191290402011016,3
191290402011017,3
191290402011018,3
191290402011019,3
191290402011020,3
191290402011021,3
191290402011022,3
191290402011023,3
191290402011024,3
191290402011025,3
191290402021066,3
191290402021067,3
191290402021068,3
191290402011003,3
191290402011004,3
191290402011005,3
191290402011006,3
191290402011007,3
191290402011008,3
191290402011009,3
191290402021000,3
191290402021001,3
191290402021002,3
191290402021003,3
191290402021004,3
191290402021005,3
191290402021006,3
191290402021007,3
191290402021008,3
191290402021009,3
191290402021010,3
191290402021011,3
191290402021012,3
191290402021013,3
191290402021014,3
191290402021015,3
191290402021016,3
191290402021017,3
191290402021018,3
191290402021019,3
191290402021020,3
191290402021021,3
191290402021022,3
191290402021023,3
191290402021024,3
191290402021025,3
191290402021026,3
191290402021027,3
191290402021028,3
191290402021029,3
191290402021030,3
191290402021031,3
191290402021032,3
191290402021033,3
191290402021034,3
191290402021035,3
191290402021036,3
191290402021037,3
191290402021038,3
191290402021039,3
191290402021040,3
191290402021041,3
191290402021042,3
191290402021043,3
191290402021044,3
191290402021045,3
191290402021046,3
191290402021047,3
191290402021048,3
191290402021049,3
191290402021050,3
191290402021051,3
191290402021052,3
191290402021053,3
191290402021054,3
191290402021055,3
191290402021056,3
191290402021057,3
191290402021058,3
191290402021069,3
191290402021070,3
191290402021071,3
191290402021078,3
191290402021079,3
191290402021080,3
191290402022005,3
191290402022006,3
191290402022007,3
191290402022008,3
191290402022009,3
191290402022013,3
191290402022014,3
191290402022015,3
191290402022016,3
191290402022017,3
191290402022018,3
191290402022019,3
191290402022020,3
191290402022021,3
191290402022022,3
191290402022023,3
191290402022024,3
191290402022025,3
191290402022026,3
191290402022027,3
191290402022028,3
191290402022029,3
191290402022030,3
191290402022031,3
191290402022032,3
191290402022033,3
191290402022034,3
191290402022037,3
191290402022038,3
191290402022039,3
191290402022040,3
191290402022042,3
191290402022043,3
191290402022044,3
191290402022045,3
191290402022046,3
191290402022047,3
191290402022105,3
191290402022135,3
191290402022136,3
191290402022137,3
191290402022138,3
191290403021000,3
191290403022004,3
191290402011026,3
191290402011027,3
191290402011028,3
191290402011029,3
191290402011030,3
191290402011031,3
191290402011032,3
191290402011033,3
191290402011034,3
191290402011035,3
191290402011036,3
191290402011037,3
191290402011038,3
191290402011039,3
191290402011040,3
191290402011041,3
191290402011042,3
191290402011043,3
191290402011044,3
191290402011045,3
191290402011046,3
191290402011047,3
191290402011048,3
191290402011049,3
191290402011050,3
191290402011051,3
191290402011052,3
191290402011053,3
191290402011054,3
191290402011055,3
191290402011056,3
191290402011057,3
191290402011058,3
191290402011059,3
191290402011060,3
191290402011061,3
191290402011062,3
191290402011063,3
191290402011064,3
191290402011073,3
191290402011074,3
191290402011075,3
191290402011076,3
191290402011077,3
191290402011078,3
191290402011079,3
191290402011080,3
191290402011081,3
191290402011082,3
191290402011083,3
191290402011084,3
191290402011085,3
191290402011086,3
191290402011087,3
191290402011088,3
191290402011089,3
191290402011090,3
191290402011091,3
191290402011092,3
191290402011093,3
191290402011094,3
191290402011095,3
191290402011096,3
191290402011097,3
191290402011098,3
191290402011099,3
191290402011100,3
191290402011101,3
191290402011102,3
191290402011103,3
191290402011104,3
191290402011105,3
191290402011106,3
191290402011107,3
191290402011108,3
191290402011109,3
191290402011110,3
191290402011111,3
191290402011112,3
191290402011113,3
191290402011114,3
191290402011115,3
191290402011116,3
191290402011118,3
191290402011119,3
191290402011120,3
191290402011121,3
191290402011122,3
191290402011123,3
191290402011124,3
191290402011125,3
191290402011126,3
191290402011127,3
191290402011128,3
191290402011129,3
191290402011130,3
191290402011131,3
191290402011132,3
191290402011133,3
191290402012047,3
191290402012048,3
191290402012049,3
191290402012050,3
191290402012051,3
191290402012060,3
191290402012061,3
191290402012066,3
191290402012067,3
191290402012068,3
191290402012069,3
191290402012070,3
191290402012071,3
191290402012072,3
191290402021059,3
191290402021060,3
191290402021061,3
191290402021062,3
191290402021063,3
191290402021064,3
191290402021065,3
191290402021072,3
191290402021073,3
191290402021074,3
191290402021075,3
191290402021087,3
191290402021088,3
191290402021089,3
191290402011065,3
191290402011066,3
191290402011067,3
191290402011068,3
191290402011069,3
191290402011070,3
191290402011071,3
191290402011072,3
191290402011117,3
191290402012013,3
191290402012014,3
191290402012015,3
191290402012018,3
191290402012019,3
191290402012020,3
191290402012021,3
191290402012022,3
191290402012023,3
191290402012024,3
191290402012041,3
191290402012042,3
191290402012043,3
191290402012044,3
191290402012045,3
191290402012046,3
191290402012052,3
191290402012053,3
191290402012054,3
191290402012055,3
191290402012056,3
191290402012100,3
191290402021076,3
191290402021077,3
191290402021081,3
191290402021082,3
191290402021083,3
191290402021084,3
191290402021085,3
191290402021086,3
191290402022103,3
191290402022104,3
191290402022118,3
191290402022119,3
191290402022134,3
191290403011000,3
191290403011001,3
191290403011005,3
191290403012023,3
191290403012033,3
191290403021001,3
191290403022000,3
191290403022001,3
191290403022002,3
191290403022003,3
191290403022006,3
191290403022007,3
191290403022008,3
191290403022009,3
191290403022012,3
191290403022013,3
191290403022016,3
191290403023026,3
191290403023037,3
191290402012016,3
191290402012017,3
191290403011002,3
191290403011003,3
191290403011004,3
191290403011006,3
191290403011007,3
191290403011008,3
191290403011009,3
191290403011010,3
191290403011011,3
191290403011012,3
191290403011013,3
191290403011014,3
191290403011015,3
191290403011016,3
191290403011017,3
191290403011018,3
191290403011019,3
191290403011020,3
191290403011021,3
191290403011022,3
191290403011023,3
191290403011024,3
191290403011025,3
191290403011026,3
191290403011027,3
191290403011028,3
191290403011029,3
191290403011030,3
191290403011031,3
191290403011032,3
191290403011033,3
191290403011034,3
191290403012000,3
191290403012001,3
191290403012002,3
191290403012003,3
191290403012004,3
191290403012005,3
191290403012006,3
191290403012007,3
191290403012008,3
191290403012009,3
191290403012010,3
191290403012011,3
191290403012012,3
191290403012013,3
191290403012014,3
191290403012015,3
191290403012016,3
191290403012017,3
191290403012018,3
191290403012019,3
191290403012020,3
191290403012021,3
191290403012022,3
191290403012024,3
191290403012025,3
191290403012026,3
191290403012027,3
191290403012028,3
191290403012029,3
191290403012030,3
191290403012031,3
191290403012032,3
191290403012034,3
191290403012035,3
191290403012036,3
191290403012037,3
191290403012038,3
191290403012039,3
191290403012040,3
191290403012041,3
191290403012042,3
191290403012043,3
191290403021002,3
191290403021003,3
191290403021004,3
191290403021005,3
191290403021006,3
191290403021007,3
191290403021008,3
191290403021009,3
191290403021010,3
191290403021011,3
191290403021012,3
191290403021013,3
191290403021014,3
191290403021015,3
191290403021016,3
191290403021017,3
191290403021018,3
191290403021019,3
191290403021020,3
191290403021021,3
191290403021022,3
191290403021023,3
191290403021024,3
191290403021025,3
191290403021026,3
191290403021027,3
191290403021028,3
191290403021029,3
191290403021030,3
191290403021031,3
191290403021032,3
191290403021033,3
191290403021034,3
191290403021035,3
191290403021036,3
191290403021037,3
191290403021038,3
191290403021039,3
191290403022005,3
191290403022010,3
191290403022011,3
191290403022014,3
191290403022015,3
191290403022018,3
191290403022019,3
191290403022020,3
191290403022021,3
191290403022022,3
191290403022023,3
191290403022024,3
191290403022025,3
191290403023000,3
191290403023001,3
191290403023002,3
191290403023003,3
191290403023004,3
191290403023005,3
191290403023006,3
191290403023007,3
191290403023008,3
191290403023009,3
191290403023010,3
191290403023011,3
191290403023012,3
191290403023013,3
191290403023014,3
191290403023015,3
191290403023016,3
191290403023017,3
191290403023018,3
191290403023019,3
191290403023020,3
191290403023021,3
191290403023022,3
191290403023023,3
191290403023024,3
191290403023025,3
191290403023028,3
191290403023031,3
191290403023032,3
191290403023033,3
191290403023034,3
191290403023035,3
191290403023036,3
191290403023038,3
191290403023039,3
191290402012057,3
191290402012058,3
191290402012059,3
191290402012062,3
191290402012063,3
191290402012064,3
191290402012065,3
191290402012073,3
191290402012074,3
191290402012075,3
191290402012076,3
191290402012077,3
191290402012078,3
191290402012079,3
191290402012080,3
191290402012081,3
191290402012082,3
191290402012083,3
191290402012084,3
191290402012085,3
191290402012086,3
191290402012087,3
191290402012088,3
191290402012089,3
191290402012090,3
191290402012091,3
191290402012092,3
191290402012093,3
191290402012094,3
191290402012095,3
191290402012096,3
191290402012097,3
191290402012098,3
191290402012099,3
191290402012101,3
191290402012102,3
191290402012103,3
191290402012104,3
191290402012105,3
191290402012106,3
191290402012107,3
191290402012108,3
191290402012109,3
191290402012110,3
191290402012111,3
191290402012112,3
191290402012113,3
191290402012114,3
191290402012173,3
191290402012174,3
191290402012175,3
191290402012176,3
191290402012177,3
191290402012178,3
191290402012183,3
191290402012180,3
191290402012181,3
191290402012182,3
191315601001000,1
191315601001001,1
191315601001002,1
191315601001015,1
191315601001016,1
191315601001017,1
191315601001018,1
191315601001019,1
191315601001020,1
191315601001021,1
191315601001022,1
191315601001023,1
191315601001043,1
191315601001044,1
191315601001045,1
191315601001046,1
191315601001047,1
191315601001048,1
191315601001049,1
191315601001064,1
191315601001065,1
191315601001066,1
191315601001067,1
191315601001068,1
191315601001069,1
191315601001070,1
191315601001071,1
191315601001072,1
191315601001079,1
191315601001137,1
191315601003023,1
191315601003024,1
191315601003025,1
191315601003026,1
191315601003027,1
191315601003028,1
191315601003029,1
191315601003031,1
191315601003032,1
191315601003033,1
191315601003034,1
191315601003035,1
191315601003036,1
191315601003037,1
191315601003038,1
191315601003039,1
191315601003040,1
191315601003041,1
191315601003042,1
191315601003043,1
191315601003044,1
191315601003045,1
191315601003056,1
191315601003057,1
191315601001003,1
191315601001004,1
191315601003000,1
191315601003001,1
191315601003005,1
191315601003006,1
191315601003030,1
191315601004038,1
191315601004039,1
191315601004040,1
191315601004060,1
191315601004061,1
191315601004062,1
191315601004063,1
191315601004064,1
191315601004065,1
191315601004066,1
191315601004067,1
191315601004068,1
191315601004069,1
191315601004070,1
191315601004071,1
191315601004072,1
191315601004073,1
191315601004074,1
191315601004075,1
191315601004083,1
191315601004084,1
191315601004085,1
191315601004099,1
191315601004100,1
191315601004101,1
191315601004102,1
191315601004103,1
191315601004104,1
191315601004105,1
191315601004106,1
191315601004111,1
191315601004112,1
191315601004113,1
191315601004114,1
191315601004115,1
191315601004116,1
191315601004121,1
191315601001005,1
191315601001006,1
191315601001007,1
191315601001008,1
191315601001009,1
191315601001011,1
191315601001012,1
191315601001013,1
191315601001014,1
191315601001024,1
191315601001025,1
191315601001026,1
191315601001027,1
191315601001028,1
191315601001030,1
191315601001031,1
191315601001032,1
191315601001033,1
191315601001034,1
191315601001035,1
191315601001036,1
191315601001037,1
191315601001038,1
191315601001039,1
191315601001040,1
191315601001041,1
191315601001042,1
191315601001050,1
191315601001051,1
191315601001052,1
191315601001056,1
191315601001057,1
191315601001058,1
191315601001076,1
191315601001077,1
191315601001078,1
191315601002111,1
191315601002112,1
191315601002117,1
191315601002118,1
191315601004108,1
191315601004109,1
191315601004110,1
191315601001010,1
191315601001029,1
191315601002000,1
191315601002001,1
191315601002002,1
191315601002003,1
191315601002004,1
191315601002005,1
191315601002006,1
191315601002007,1
191315601002008,1
191315601002009,1
191315601002010,1
191315601002011,1
191315601002012,1
191315601002013,1
191315601002014,1
191315601002015,1
191315601002018,1
191315601002019,1
191315601002020,1
191315601002021,1
191315601002024,1
191315601002025,1
191315601002027,1
191315601002028,1
191315601002029,1
191315601002030,1
191315601002031,1
191315601002032,1
191315601002040,1
191315601002047,1
191315601002048,1
191315601002049,1
191315601002050,1
191315601002051,1
191315601002052,1
191315601002053,1
191315601002054,1
191315601002055,1
191315601002056,1
191315601002057,1
191315601002067,1
191315601002068,1
191315601002069,1
191315601002070,1
191315601002071,1
191315601002072,1
191315601002073,1
191315601002074,1
191315601002075,1
191315601002076,1
191315601002077,1
191315601002078,1
191315601002079,1
191315601002080,1
191315601002083,1
191315601002084,1
191315601002085,1
191315601002086,1
191315601002087,1
191315601002088,1
191315601002089,1
191315601002090,1
191315601002091,1
191315601002092,1
191315601002093,1
191315601002094,1
191315601002095,1
191315601002113,1
191315601002114,1
191315601002115,1
191315601002116,1
191315601002124,1
191315601004007,1
191315601004008,1
191315601004057,1
191315601004058,1
191315601004059,1
191315601004078,1
191315601004079,1
191315601004080,1
191315601004081,1
191315601004082,1
191315601004086,1
191315601004087,1
191315601004088,1
191315601004089,1
191315601004090,1
191315601004091,1
191315601004092,1
191315601004093,1
191315601004094,1
191315601004095,1
191315601004096,1
191315601004097,1
191315601004098,1
191315601004107,1
191315601004119,1
191315601004120,1
191315601001053,1
191315601001054,1
191315601001055,1
191315601001059,1
191315601001060,1
191315601001062,1
191315601001073,1
191315601001074,1
191315601001075,1
191315601001084,1
191315602001080,1
191315602001081,1
191315602001082,1
191315602001083,1
191315602001110,1
191315602001111,1
191315602001112,1
191315602001118,1
191315602001119,1
191315602001122,1
191315602002078,1
191315602002079,1
191315602002130,1
191315603001043,1
191315603001047,1
191315603001048,1
191315603002000,1
191315603003030,1
191315603003044,1
191315603003057,1
191315603004000,1
191315603004001,1
191315603004002,1
191315601001061,1
191315601001063,1
191315603001000,1
191315603001001,1
191315603001002,1
191315603001003,1
191315603001004,1
191315603001005,1
191315603001006,1
191315603001007,1
191315603001008,1
191315603001009,1
191315603001010,1
191315603001011,1
191315603001012,1
191315603001013,1
191315603001014,1
191315603001015,1
191315603001016,1
191315603001017,1
191315603001018,1
191315603001019,1
191315603001020,1
191315603001021,1
191315603001022,1
191315603001023,1
191315603001024,1
191315603001025,1
191315603001026,1
191315603001027,1
191315603001028,1
191315603001029,1
191315603001030,1
191315603001031,1
191315603001032,1
191315603001033,1
191315603001034,1
191315603001035,1
191315603001036,1
191315603001037,1
191315603001038,1
191315603001039,1
191315603001040,1
191315603001041,1
191315603001042,1
191315603001044,1
191315603001045,1
191315603001046,1
191315603002001,1
191315603002002,1
191315603002003,1
191315603002004,1
191315603002005,1
191315603002006,1
191315603002007,1
191315603002008,1
191315603002009,1
191315603002010,1
191315603002011,1
191315603002012,1
191315603002013,1
191315603002014,1
191315603002015,1
191315603002016,1
191315603002017,1
191315603002018,1
191315603002019,1
191315603002020,1
191315603002021,1
191315603002022,1
191315603002023,1
191315603002024,1
191315603002025,1
191315603002026,1
191315603002027,1
191315603002028,1
191315603002029,1
191315603002030,1
191315603002031,1
191315603002032,1
191315603002033,1
191315603002034,1
191315603002035,1
191315603003000,1
191315603003001,1
191315603003002,1
191315603003003,1
191315603003004,1
191315603003005,1
191315603003006,1
191315603003007,1
191315603003008,1
191315603003009,1
191315603003010,1
191315603003011,1
191315603003012,1
191315603003013,1
191315603003014,1
191315603003015,1
191315603003016,1
191315603003017,1
191315603003018,1
191315603003019,1
191315603003020,1
191315603003021,1
191315603003022,1
191315603003023,1
191315603003024,1
191315603003025,1
191315603003026,1
191315603003027,1
191315603003028,1
191315603003029,1
191315603003031,1
191315603003032,1
191315603003033,1
191315603003034,1
191315603003035,1
191315603003036,1
191315603003037,1
191315603003038,1
191315603003039,1
191315603003040,1
191315603003045,1
191315603003046,1
191315603003047,1
191315603003048,1
191315603003049,1
191315603003050,1
191315603003051,1
191315603003052,1
191315603003053,1
191315603003054,1
191315603003055,1
191315603003056,1
191315603004003,1
191315603004004,1
191315603004005,1
191315603004006,1
191315603004007,1
191315603004008,1
191315603004009,1
191315603004010,1
191315603004011,1
191315603004012,1
191315603004013,1
191315603004014,1
191315603004015,1
191315603004016,1
191315603004017,1
191315603004018,1
191315603004019,1
191315603004020,1
191315603004021,1
191315603004022,1
191315603004023,1
191315603004024,1
191315603004025,1
191315603004026,1
191315603004027,1
191315603004028,1
191315603004029,1
191315603004030,1
191315603004031,1
191315603004032,1
191315603004033,1
191315603004034,1
191315603004035,1
191315603004036,1
191315603004037,1
191315603004038,1
191315603004039,1
191315603004040,1
191315601001080,1
191315601001081,1
191315601001082,1
191315601001083,1
191315601001092,1
191315601001093,1
191315601001094,1
191315601001095,1
191315601001096,1
191315601001097,1
191315601001098,1
191315601001099,1
191315601001100,1
191315601001101,1
191315601001102,1
191315601001103,1
191315601001106,1
191315601001107,1
191315601001108,1
191315601001109,1
191315601001110,1
191315601001111,1
191315601001112,1
191315601001113,1
191315601001114,1
191315601001115,1
191315601001116,1
191315601001117,1
191315601001118,1
191315601001119,1
191315601001120,1
191315601001121,1
191315601001122,1
191315601001123,1
191315601001124,1
191315601001125,1
191315601001126,1
191315601001127,1
191315601001128,1
191315601001129,1
191315601001130,1
191315601001131,1
191315601001132,1
191315601001135,1
191315601001144,1
191315602002129,1
191315603001049,1
191315603001050,1
191315601001085,1
191315601001086,1
191315601001087,1
191315601001088,1
191315601001089,1
191315601001090,1
191315601001091,1
191315601001133,1
191315601001134,1
191315601001136,1
191315601001138,1
191315601001139,1
191315601001140,1
191315601001141,1
191315601001142,1
191315601001143,1
191315601003046,1
191315601003047,1
191315601003048,1
191315601003049,1
191315601003050,1
191315601003051,1
191315601003052,1
191315601003053,1
191315601003054,1
191315601003055,1
191315601001104,1
191315601001105,1
191315602001113,1
191315602001114,1
191315602001115,1
191315602001120,1
191315602001121,1
191315602002031,1
191315602002032,1
191315602002059,1
191315602002060,1
191315602002061,1
191315602002062,1
191315602002064,1
191315602002065,1
191315602002066,1
191315602002067,1
191315602002068,1
191315602002069,1
191315602002070,1
191315602002075,1
191315602002076,1
191315602002077,1
191315602002080,1
191315602002081,1
191315602002082,1
191315602002083,1
191315602002084,1
191315602002085,1
191315602002086,1
191315602002087,1
191315602002088,1
191315602002089,1
191315602002090,1
191315602002091,1
191315602002092,1
191315602002093,1
191315602002094,1
191315602002095,1
191315602002096,1
191315602002097,1
191315602002098,1
191315602002099,1
191315602002100,1
191315602002101,1
191315602002102,1
191315602002103,1
191315602002104,1
191315602002105,1
191315602002106,1
191315602002107,1
191315602002108,1
191315602002109,1
191315602002110,1
191315602002111,1
191315602002112,1
191315602002113,1
191315602002114,1
191315602002115,1
191315602002116,1
191315602002117,1
191315602002118,1
191315602002126,1
191315602002127,1
191315602002128,1
191315603001051,1
191315603003041,1
191315603003042,1
191315603003043,1
191315603003058,1
191315601002016,1
191315601002017,1
191315601002022,1
191315601002023,1
191315601002065,1
191315601002066,1
191315602001000,1
191315602001001,1
191315602001002,1
191315602001003,1
191315602001004,1
191315602001005,1
191315602001006,1
191315602001007,1
191315602001008,1
191315602001009,1
191315602001010,1
191315602001011,1
191315602001012,1
191315602001013,1
191315602001014,1
191315602001015,1
191315602001016,1
191315602001017,1
191315602001018,1
191315602001019,1
191315602001020,1
191315602001021,1
191315602001022,1
191315602001023,1
191315602001024,1
191315602001025,1
191315602001026,1
191315602001027,1
191315602001028,1
191315602001029,1
191315602004000,1
191315602004001,1
191315602004026,1
191315602004027,1
191315602004028,1
191315602004029,1
191315602004038,1
191315602004039,1
191315602004126,1
191315602004127,1
191315602004128,1
191315601002026,1
191315601002033,1
191315601002034,1
191315601002035,1
191315601002036,1
191315601002037,1
191315601002038,1
191315601002039,1
191315601002041,1
191315601002042,1
191315601002043,1
191315601002044,1
191315601002045,1
191315601002046,1
191315601002058,1
191315601002059,1
191315601002060,1
191315601002061,1
191315601002062,1
191315601002063,1
191315601002064,1
191315601002096,1
191315601002097,1
191315601002098,1
191315601002099,1
191315601002100,1
191315601002101,1
191315601002102,1
191315601002103,1
191315601002104,1
191315601002105,1
191315601002106,1
191315601002107,1
191315601002108,1
191315601002109,1
191315601002110,1
191315601002119,1
191315601002120,1
191315601002121,1
191315601002122,1
191315601002123,1
191315601002081,1
191315601002082,1
191315602001030,1
191315602001031,1
191315602001032,1
191315602001033,1
191315602001034,1
191315602001035,1
191315602001036,1
191315602001037,1
191315602001038,1
191315602001039,1
191315602001049,1
191315602001069,1
191315602001070,1
191315602001071,1
191315602001127,1
191315602001128,1
191315602002014,1
191315602002015,1
191315602003000,1
191315602003001,1
191315602003002,1
191315602003003,1
191315602003004,1
191315602003005,1
191315602003006,1
191315602003007,1
191315602003008,1
191315602003009,1
191315602003010,1
191315602003011,1
191315602003012,1
191315602003013,1
191315602003014,1
191315602003015,1
191315602003016,1
191315602003017,1
191315602003018,1
191315602003019,1
191315602003020,1
191315602003021,1
191315602003022,1
191315602003023,1
191315602003024,1
191315602003025,1
191315602003026,1
191315602003027,1
191315602003028,1
191315602003029,1
191315602003030,1
191315602003031,1
191315602003032,1
191315602003033,1
191315602003034,1
191315602003035,1
191315602003036,1
191315602003037,1
191315602003038,1
191315602003039,1
191315602003040,1
191315602003041,1
191315602003042,1
191315602003043,1
191315602003044,1
191315602003045,1
191315602003046,1
191315602003047,1
191315602003048,1
191315602003049,1
191315602003050,1
191315602003051,1
191315602003052,1
191315602003053,1
191315602003054,1
191315602003055,1
191315602003056,1
191315602003057,1
191315602003058,1
191315602003059,1
191315602003060,1
191315602003061,1
191315602003062,1
191315602003063,1
191315602003064,1
191315602003065,1
191315602003066,1
191315602003067,1
191315602003068,1
191315602003070,1
191315602003072,1
191315602003073,1
191315602003074,1
191315602003075,1
191315602003076,1
191315602003077,1
191315602003078,1
191315602003079,1
191315602003080,1
191315602003081,1
191315602003082,1
191315602003083,1
191315602003084,1
191315602003085,1
191315602003086,1
191315602003087,1
191315602003088,1
191315602003089,1
191315602003090,1
191315602003091,1
191315602003092,1
191315602003093,1
191315602003094,1
191315602003095,1
191315602003096,1
191315602003097,1
191315602003098,1
191315602003099,1
191315602003100,1
191315602003101,1
191315602003102,1
191315602003103,1
191315602003104,1
191315602003105,1
191315602003108,1
191315602003109,1
191315602004074,1
191315602004076,1
191315602004098,1
191315602004101,1
191315602004119,1
191315602004132,1
191315602004133,1
191315602004137,1
191315602004138,1
191315602004139,1
191315602004140,1
191315602004141,1
191315602004142,1
191315601003002,1
191315601003003,1
191315601003004,1
191315601003007,1
191315601003008,1
191315601003009,1
191315601003010,1
191315601003011,1
191315601003012,1
191315601003013,1
191315601003014,1
191315601003015,1
191315601003016,1
191315601003017,1
191315601003018,1
191315601003019,1
191315601003020,1
191315601003021,1
191315601003022,1
191315601004000,1
191315601004001,1
191315601004002,1
191315601004003,1
191315601004004,1
191315601004005,1
191315601004006,1
191315601004009,1
191315601004010,1
191315601004011,1
191315601004012,1
191315601004013,1
191315601004014,1
191315601004015,1
191315601004016,1
191315601004017,1
191315601004018,1
191315601004019,1
191315601004020,1
191315601004021,1
191315601004022,1
191315601004023,1
191315601004024,1
191315601004033,1
191315601004034,1
191315601004035,1
191315601004036,1
191315601004037,1
191315601004050,1
191315601004051,1
191315601004052,1
191315601004053,1
191315601004054,1
191315601004055,1
191315601004056,1
191315601004076,1
191315601004077,1
191315601004122,1
191315601004123,1
191315601004025,1
191315601004026,1
191315601004027,1
191315601004028,1
191315601004029,1
191315601004030,1
191315601004031,1
191315601004032,1
191315601004041,1
191315601004042,1
191315601004043,1
191315601004044,1
191315601004045,1
191315601004046,1
191315601004047,1
191315601004048,1
191315601004049,1
191315601004117,1
191315601004118,1
191315602001040,1
191315602001041,1
191315602001042,1
191315602001043,1
191315602001044,1
191315602001045,1
191315602001046,1
191315602001047,1
191315602001048,1
191315602001050,1
191315602001051,1
191315602001052,1
191315602001053,1
191315602001054,1
191315602001055,1
191315602001056,1
191315602001057,1
191315602001058,1
191315602001059,1
191315602001060,1
191315602001061,1
191315602001062,1
191315602001063,1
191315602001064,1
191315602001065,1
191315602001066,1
191315602001067,1
191315602001068,1
191315602001072,1
191315602001073,1
191315602001074,1
191315602001075,1
191315602001076,1
191315602001077,1
191315602001078,1
191315602001079,1
191315602001084,1
191315602001085,1
191315602001086,1
191315602001087,1
191315602001088,1
191315602001089,1
191315602001090,1
191315602001091,1
191315602001092,1
191315602001093,1
191315602001094,1
191315602001095,1
191315602001096,1
191315602001097,1
191315602001098,1
191315602001099,1
191315602001100,1
191315602001101,1
191315602001102,1
191315602001103,1
191315602001104,1
191315602001105,1
191315602001106,1
191315602001107,1
191315602001108,1
191315602001109,1
191315602001116,1
191315602001117,1
191315602001123,1
191315602002019,1
191315602002020,1
191315602002021,1
191315602002028,1
191315602002029,1
191315602002030,1
191315602001124,1
191315602001125,1
191315602002003,1
191315602002004,1
191315602002005,1
191315602002006,1
191315602002007,1
191315602002008,1
191315602002009,1
191315602002010,1
191315602002011,1
191315602002012,1
191315602002016,1
191315602002017,1
191315602002018,1
191315602002022,1
191315602002023,1
191315602002024,1
191315602002025,1
191315602002026,1
191315602002027,1
191315602002033,1
191315602002034,1
191315602002035,1
191315602002036,1
191315602002037,1
191315602002038,1
191315602002039,1
191315602002040,1
191315602002041,1
191315602002042,1
191315602002043,1
191315602002044,1
191315602002045,1
191315602002046,1
191315602002047,1
191315602002048,1
191315602002049,1
191315602002050,1
191315602002051,1
191315602002052,1
191315602002053,1
191315602002054,1
191315602002055,1
191315602002056,1
191315602002057,1
191315602002058,1
191315602002063,1
191315602002071,1
191315602002072,1
191315602002073,1
191315602002074,1
191315602002119,1
191315602002120,1
191315602002121,1
191315602002122,1
191315602002123,1
191315602002124,1
191315602002125,1
191315602001126,1
191315602001129,1
191315602001130,1
191315602002000,1
191315602002001,1
191315602002002,1
191315602002013,1
191315602003069,1
191315602003071,1
191315602003106,1
191315602003107,1
191315602004067,1
191315602004068,1
191315602004069,1
191315602004070,1
191315602004071,1
191315602004075,1
191315602004077,1
191315602004078,1
191315602004079,1
191315602004080,1
191315602004081,1
191315602004082,1
191315602004083,1
191315602004084,1
191315602004085,1
191315602004086,1
191315602004087,1
191315602004088,1
191315602004089,1
191315602004090,1
191315602004091,1
191315602004092,1
191315602004093,1
191315602004094,1
191315602004095,1
191315602004096,1
191315602004097,1
191315602004099,1
191315602004100,1
191315602004102,1
191315602004103,1
191315602004104,1
191315602004105,1
191315602004106,1
191315602004107,1
191315602004108,1
191315602004109,1
191315602004110,1
191315602004111,1
191315602004112,1
191315602004113,1
191315602004114,1
191315602004115,1
191315602004116,1
191315602004117,1
191315602004118,1
191315602004120,1
191315602004121,1
191315602004122,1
191315602004123,1
191315602004124,1
191315602004134,1
191315602004135,1
191315602004143,1
191315602004002,1
191315602004003,1
191315602004004,1
191315602004005,1
191315602004006,1
191315602004007,1
191315602004008,1
191315602004009,1
191315602004010,1
191315602004011,1
191315602004012,1
191315602004013,1
191315602004014,1
191315602004015,1
191315602004016,1
191315602004017,1
191315602004018,1
191315602004019,1
191315602004020,1
191315602004021,1
191315602004022,1
191315602004023,1
191315602004024,1
191315602004025,1
191315602004030,1
191315602004031,1
191315602004032,1
191315602004033,1
191315602004034,1
191315602004035,1
191315602004036,1
191315602004037,1
191315602004040,1
191315602004041,1
191315602004042,1
191315602004043,1
191315602004044,1
191315602004045,1
191315602004046,1
191315602004047,1
191315602004048,1
191315602004049,1
191315602004050,1
191315602004051,1
191315602004052,1
191315602004053,1
191315602004054,1
191315602004055,1
191315602004056,1
191315602004057,1
191315602004058,1
191315602004059,1
191315602004060,1
191315602004061,1
191315602004062,1
191315602004063,1
191315602004064,1
191315602004065,1
191315602004066,1
191315602004072,1
191315602004073,1
191315602004125,1
191315602004129,1
191315602004130,1
191315602004131,1
191315602004136,1
191339601001000,4
191339601001001,4
191339601001002,4
191339601001003,4
191339601001004,4
191339601001005,4
191339601001007,4
191339601001008,4
191339601001009,4
191339601001010,4
191339601001011,4
191339601001012,4
191339601001013,4
191339601001014,4
191339601001015,4
191339601001016,4
191339601001017,4
191339601001018,4
191339601001019,4
191339601001020,4
191339601001021,4
191339601001022,4
191339601001023,4
191339601001024,4
191339601001025,4
191339601001026,4
191339601001027,4
191339601001028,4
191339601001029,4
191339601001042,4
191339601001043,4
191339601001044,4
191339601001045,4
191339601001121,4
191339601001122,4
191339601002016,4
191339601002017,4
191339601002018,4
191339601002024,4
191339602001044,4
191339602001045,4
191339602001046,4
191339602001368,4
191339602001369,4
191339602001370,4
191339601001006,4
191339602001000,4
191339602001001,4
191339602001002,4
191339602001003,4
191339602001004,4
191339602001005,4
191339602001006,4
191339602001007,4
191339602001008,4
191339602001009,4
191339602001022,4
191339602001023,4
191339602001025,4
191339602001026,4
191339602001027,4
191339602001028,4
191339602001029,4
191339602001030,4
191339602001034,4
191339602001035,4
191339602001036,4
191339602001037,4
191339602001038,4
191339602001039,4
191339602001040,4
191339602001041,4
191339602001042,4
191339602001043,4
191339602001047,4
191339602001048,4
191339602001049,4
191339602001050,4
191339602001051,4
191339602001052,4
191339602001053,4
191339602001054,4
191339602001055,4
191339602001056,4
191339602001057,4
191339602001058,4
191339602001059,4
191339602001060,4
191339602001068,4
191339602001077,4
191339602001078,4
191339602001079,4
191339602001362,4
191339602001363,4
191339602001364,4
191339602001365,4
191339602001366,4
191339602001367,4
191339602001371,4
191339602001372,4
191339602001373,4
191339602001374,4
191339602002018,4
191339602002019,4
191339601001030,4
191339601001031,4
191339601001032,4
191339601001033,4
191339601001034,4
191339601001035,4
191339601001036,4
191339601001037,4
191339601001038,4
191339601001039,4
191339601001040,4
191339601001041,4
191339601001046,4
191339601001047,4
191339601001048,4
191339601001051,4
191339601001056,4
191339601001082,4
191339601001083,4
191339601001084,4
191339601001085,4
191339601001086,4
191339601001087,4
191339601001088,4
191339601001089,4
191339601001090,4
191339601001091,4
191339601001092,4
191339601001093,4
191339601001094,4
191339601001095,4
191339601001096,4
191339601001097,4
191339601001098,4
191339601001102,4
191339601001103,4
191339601001104,4
191339601001123,4
191339601002098,4
191339602002000,4
191339602002006,4
191339602002007,4
191339602002008,4
191339602002115,4
191339604003026,4
191339604003027,4
191339604003028,4
191339604003029,4
191339604003030,4
191339604003031,4
191339604003032,4
191339604003033,4
191339604003038,4
191339604003039,4
191339604003040,4
191339604003041,4
191339604003064,4
191339604003065,4
191339604003068,4
191339601001049,4
191339601001050,4
191339601001052,4
191339601001055,4
191339601001116,4
191339601002032,4
191339601002036,4
191339601002037,4
191339601002038,4
191339601002075,4
191339601002076,4
191339601002077,4
191339601002078,4
191339601002079,4
191339601002080,4
191339601002081,4
191339601002096,4
191339601002099,4
191339604001030,4
191339604001031,4
191339604001032,4
191339604001033,4
191339604001034,4
191339604001040,4
191339604001041,4
191339604001042,4
191339604001051,4
191339604001052,4
191339604001053,4
191339604001054,4
191339604001105,4
191339604001106,4
191339604001107,4
191339604001108,4
191339604003017,4
191339604003018,4
191339604003019,4
191339604003020,4
191339604003021,4
191339604003022,4
191339604003023,4
191339604003024,4
191339604003025,4
191339604003042,4
191339604003053,4
191339601001053,4
191339601001054,4
191339601001057,4
191339601001058,4
191339601001059,4
191339601001060,4
191339601001061,4
191339601001062,4
191339601001063,4
191339601001064,4
191339601001065,4
191339601001066,4
191339601001067,4
191339601001068,4
191339601001069,4
191339601001070,4
191339601001071,4
191339601001072,4
191339601001073,4
191339601001074,4
191339601001075,4
191339601001076,4
191339601001077,4
191339601001078,4
191339601001079,4
191339601001080,4
191339601001081,4
191339601001112,4
191339601001113,4
191339601001114,4
191339601001115,4
191339601001099,4
191339601001100,4
191339601001101,4
191339601001107,4
191339601001108,4
191339601001109,4
191339601001110,4
191339601001111,4
191339601001117,4
191339601001118,4
191339601001119,4
191339601001120,4
191339602002116,4
191339604002083,4
191339604002084,4
191339604002085,4
191339604002086,4
191339604002087,4
191339604002088,4
191339604002089,4
191339604002090,4
191339604002091,4
191339604003062,4
191339604003063,4
191339604003066,4
191339604003067,4
191339604003069,4
191339604003070,4
191339604003071,4
191339604003072,4
191339604003073,4
191339604003074,4
191339604003075,4
191339604003076,4
191339604003079,4
191339604003080,4
191339604003081,4
191339604003082,4
191339604003083,4
191339604003084,4
191339604003085,4
191339604003086,4
191339604003087,4
191339604003088,4
191339604003089,4
191339604003090,4
191339604003091,4
191339604003092,4
191339604003093,4
191339604003094,4
191339604003095,4
191339604003096,4
191339604003097,4
191339604003098,4
191339604003099,4
191339604003100,4
191339604003101,4
191339604003104,4
191339604003105,4
191339604003173,4
191339604003174,4
191339604003179,4
191339604003182,4
191339604003183,4
191339601001105,4
191339601001106,4
191339602001184,4
191339602001185,4
191339602001186,4
191339602001187,4
191339602001188,4
191339602001189,4
191339602001196,4
191339602001197,4
191339602001198,4
191339602001199,4
191339602001200,4
191339602001201,4
191339602001208,4
191339602002001,4
191339602002002,4
191339602002003,4
191339602002004,4
191339602002005,4
191339602002009,4
191339602002010,4
191339602002011,4
191339602002012,4
191339602002013,4
191339602002014,4
191339602002015,4
191339602002016,4
191339602002017,4
191339602002070,4
191339602002072,4
191339602002073,4
191339602002074,4
191339602002075,4
191339602002076,4
191339602002077,4
191339602002078,4
191339602002079,4
191339602002080,4
191339602002081,4
191339602002082,4
191339602002083,4
191339602002084,4
191339602002085,4
191339602002086,4
191339602002087,4
191339602002088,4
191339602002089,4
191339602002090,4
191339602002091,4
191339602002092,4
191339602002093,4
191339602002094,4
191339602002095,4
191339602002096,4
191339602002097,4
191339602002098,4
191339602002099,4
191339602002100,4
191339602002101,4
191339602002102,4
191339602002103,4
191339602002104,4
191339602002105,4
191339602002106,4
191339602002107,4
191339602002108,4
191339602002109,4
191339602002110,4
191339602002111,4
191339602002112,4
191339602002113,4
191339602002114,4
191339603002000,4
191339601002000,4
191339601002001,4
191339601002002,4
191339601002003,4
191339601002004,4
191339601002005,4
191339601002006,4
191339601002007,4
191339601002008,4
191339601002009,4
191339601002010,4
191339601002011,4
191339601002012,4
191339601002013,4
191339601002014,4
191339601002015,4
191339601002019,4
191339601002020,4
191339601002021,4
191339601002022,4
191339601002023,4
191339601002025,4
191339601002026,4
191339601002027,4
191339601002028,4
191339601002029,4
191339601002030,4
191339601002031,4
191339601002033,4
191339601002034,4
191339601002035,4
191339601002039,4
191339601002040,4
191339601002041,4
191339601002042,4
191339601002043,4
191339601002069,4
191339601002070,4
191339601002071,4
191339601002072,4
191339601002073,4
191339601002074,4
191339601002082,4
191339601002083,4
191339601002084,4
191339601002097,4
191339601003036,4
191339601003054,4
191339601003082,4
191339601002044,4
191339601002045,4
191339601002046,4
191339601002047,4
191339601002048,4
191339601002049,4
191339601002050,4
191339601002051,4
191339601002052,4
191339601002053,4
191339601002054,4
191339601002055,4
191339601002056,4
191339601002057,4
191339601002058,4
191339601002059,4
191339601002060,4
191339601002061,4
191339601002062,4
191339601002063,4
191339601002064,4
191339601002065,4
191339601002066,4
191339601002067,4
191339601002068,4
191339601002086,4
191339601002087,4
191339601002088,4
191339601002089,4
191339601002090,4
191339601002091,4
191339601002092,4
191339601002093,4
191339601002094,4
191339601002095,4
191339601003006,4
191339601003028,4
191339601003030,4
191339601003032,4
191339601003033,4
191339601003034,4
191339601003035,4
191339601003055,4
191339601003056,4
191339601003057,4
191339601003058,4
191339601003059,4
191339601003060,4
191339601003061,4
191339601003062,4
191339601003063,4
191339601003064,4
191339601003065,4
191339601003066,4
191339601003067,4
191339601003068,4
191339601003069,4
191339601003070,4
191339601003071,4
191339601003072,4
191339601003073,4
191339601003074,4
191339601003075,4
191339601003076,4
191339601003077,4
191339601003078,4
191339601003079,4
191339601003080,4
191339601003081,4
191339601002085,4
191339601003044,4
191339604001000,4
191339604001001,4
191339604001002,4
191339604001003,4
191339604001004,4
191339604001005,4
191339604001006,4
191339604001007,4
191339604001008,4
191339604001009,4
191339604001010,4
191339604001013,4
191339604001014,4
191339604001015,4
191339604001016,4
191339604001017,4
191339604001018,4
191339604001019,4
191339604001020,4
191339604001021,4
191339604001022,4
191339604001023,4
191339604001024,4
191339604001025,4
191339604001026,4
191339604001027,4
191339604001028,4
191339604001029,4
191339604001035,4
191339604001036,4
191339604001037,4
191339604001038,4
191339604001039,4
191339604001043,4
191339604001044,4
191339604001045,4
191339604001046,4
191339604001047,4
191339604001048,4
191339604001049,4
191339604001050,4
191339604001055,4
191339604001058,4
191339604001059,4
191339604001060,4
191339604001061,4
191339604001062,4
191339604001063,4
191339604001064,4
191339604001065,4
191339604001066,4
191339604001067,4
191339604001068,4
191339604001069,4
191339604001070,4
191339604001071,4
191339604001072,4
191339604001073,4
191339604001074,4
191339604001075,4
191339604001076,4
191339604001077,4
191339604001078,4
191339604001079,4
191339604001080,4
191339604001081,4
191339604001082,4
191339604001083,4
191339604001084,4
191339604001085,4
191339604001086,4
191339604001087,4
191339604001088,4
191339604001089,4
191339604001090,4
191339604001091,4
191339604001092,4
191339604001093,4
191339604001094,4
191339604001095,4
191339604001096,4
191339604001097,4
191339604001098,4
191339604001099,4
191339604001100,4
191339604001101,4
191339604001102,4
191339604001103,4
191339604001104,4
191339604001111,4
191339604001112,4
191339601003000,4
191339601003001,4
191339601003002,4
191339601003003,4
191339601003004,4
191339601003005,4
191339601003007,4
191339601003008,4
191339601003009,4
191339601003010,4
191339601003011,4
191339601003012,4
191339601003013,4
191339601003014,4
191339601003015,4
191339601003016,4
191339601003017,4
191339601003018,4
191339601003019,4
191339601003020,4
191339601003021,4
191339601003022,4
191339601003023,4
191339601003024,4
191339601003025,4
191339601003026,4
191339601003027,4
191339601003029,4
191339601003031,4
191339601003037,4
191339601003038,4
191339601003039,4
191339601003040,4
191339601003041,4
191339601003042,4
191339601003043,4
191339601003045,4
191339601003046,4
191339601003047,4
191339601003048,4
191339601003049,4
191339601003050,4
191339601003051,4
191339601003052,4
191339601003053,4
191339601003083,4
191339604001011,4
191339604001012,4
191339602001010,4
191339602001011,4
191339602001012,4
191339602001013,4
191339602001014,4
191339602001015,4
191339602001016,4
191339602001017,4
191339602001018,4
191339602001019,4
191339602001020,4
191339602001021,4
191339602001024,4
191339602001031,4
191339602001032,4
191339602001033,4
191339602001061,4
191339602001062,4
191339602001063,4
191339602001064,4
191339602001065,4
191339602001066,4
191339602001067,4
191339602001069,4
191339602001070,4
191339602001071,4
191339602001072,4
191339602001073,4
191339602001074,4
191339602001075,4
191339602001076,4
191339602001080,4
191339602001081,4
191339602001082,4
191339602001083,4
191339602001084,4
191339602001085,4
191339602001086,4
191339602001098,4
191339602001127,4
191339602001128,4
191339602001129,4
191339602001130,4
191339602001131,4
191339602001135,4
191339602001136,4
191339602001137,4
191339602001138,4
191339602001139,4
191339602001142,4
191339602001143,4
191339602001361,4
191339602002020,4
191339602002021,4
191339602002022,4
191339602001087,4
191339602001088,4
191339602001089,4
191339602001090,4
191339602001091,4
191339602001092,4
191339602001093,4
191339602001094,4
191339602001095,4
191339602001096,4
191339602001097,4
191339602001099,4
191339602001100,4
191339602001101,4
191339602001102,4
191339602001103,4
191339602001104,4
191339602001105,4
191339602001106,4
191339602001107,4
191339602001108,4
191339602001109,4
191339602001110,4
191339602001111,4
191339602001112,4
191339602001113,4
191339602001114,4
191339602001115,4
191339602001116,4
191339602001117,4
191339602001118,4
191339602001119,4
191339602001120,4
191339602001121,4
191339602001122,4
191339602001123,4
191339602001124,4
191339602001125,4
191339602001126,4
191339602001359,4
191339602001376,4
191339602001132,4
191339602001133,4
191339602001134,4
191339602001140,4
191339602001141,4
191339602001144,4
191339602001145,4
191339602001146,4
191339602001147,4
191339602001148,4
191339602001149,4
191339602001150,4
191339602001151,4
191339602001152,4
191339602001153,4
191339602001154,4
191339602001155,4
191339602001156,4
191339602001157,4
191339602001158,4
191339602001159,4
191339602001160,4
191339602001161,4
191339602001162,4
191339602001163,4
191339602001164,4
191339602001165,4
191339602001166,4
191339602001167,4
191339602001168,4
191339602001169,4
191339602001170,4
191339602001171,4
191339602001172,4
191339602001173,4
191339602001174,4
191339602001175,4
191339602001177,4
191339602001178,4
191339602001179,4
191339602001181,4
191339602001182,4
191339602001183,4
191339602001190,4
191339602001191,4
191339602001192,4
191339602001193,4
191339602001194,4
191339602001195,4
191339602001202,4
191339602001235,4
191339602001236,4
191339602001237,4
191339602001238,4
191339602001239,4
191339602001343,4
191339602001344,4
191339602001345,4
191339602001346,4
191339602001347,4
191339602001348,4
191339602001352,4
191339602001353,4
191339602001354,4
191339602001355,4
191339602001356,4
191339602001357,4
191339602001358,4
191339602001377,4
191339602002023,4
191339602002119,4
191339602001176,4
191339602001180,4
191339602001203,4
191339602001204,4
191339602001205,4
191339602001206,4
191339602001207,4
191339602001209,4
191339602001210,4
191339602001211,4
191339602001212,4
191339602001215,4
191339602001216,4
191339602001217,4
191339602001218,4
191339602001219,4
191339602001220,4
191339602001221,4
191339602001222,4
191339602001223,4
191339602001224,4
191339602001225,4
191339602001226,4
191339602001227,4
191339602001228,4
191339602001229,4
191339602001230,4
191339602001231,4
191339602001232,4
191339602001233,4
191339602001234,4
191339602001240,4
191339602001248,4
191339602001249,4
191339602001250,4
191339602001251,4
191339602001252,4
191339602001253,4
191339602001254,4
191339602001255,4
191339602001256,4
191339602001257,4
191339602001258,4
191339602001259,4
191339602001260,4
191339602001261,4
191339602001262,4
191339602001263,4
191339602001264,4
191339602001265,4
191339602001266,4
191339602001267,4
191339602001268,4
191339602001269,4
191339602001270,4
191339602001271,4
191339602001273,4
191339602001274,4
191339602001275,4
191339602001340,4
191339602001341,4
191339602001342,4
191339602001349,4
191339602001350,4
191339602001351,4
191339602001360,4
191339602002117,4
191339602002118,4
191339603001021,4
191339603001022,4
191339603003008,4
191339603003010,4
191339603003011,4
191339603004035,4
191339603004036,4
191339603004041,4
191339603004042,4
191339603004043,4
191339604003077,4
191339604003078,4
191339604003177,4
191339604003178,4
191339602001213,4
191339602001214,4
191339603001000,4
191339603001001,4
191339603001002,4
191339603001003,4
191339603001004,4
191339603001005,4
191339603001006,4
191339603001007,4
191339603001008,4
191339603001009,4
191339603001010,4
191339603001011,4
191339603001012,4
191339603001013,4
191339603001014,4
191339603001015,4
191339603001016,4
191339603001017,4
191339603001018,4
191339603001019,4
191339603001020,4
191339603001023,4
191339603001024,4
191339603001025,4
191339603001026,4
191339603001027,4
191339603001028,4
191339603001029,4
191339603001030,4
191339603001031,4
191339603001032,4
191339603001033,4
191339603001034,4
191339603001035,4
191339603001036,4
191339603001037,4
191339603001038,4
191339603001039,4
191339603002001,4
191339603002002,4
191339603002003,4
191339603002004,4
191339603002005,4
191339603002006,4
191339603002007,4
191339603002008,4
191339603002009,4
191339603002010,4
191339603002011,4
191339603002012,4
191339603002013,4
191339603002014,4
191339603002015,4
191339603002016,4
191339603002017,4
191339603002018,4
191339603002019,4
191339603002020,4
191339603002021,4
191339603002022,4
191339603002023,4
191339603002024,4
191339603002025,4
191339603002026,4
191339603002027,4
191339603002028,4
191339603002029,4
191339603002030,4
191339603002031,4
191339603002032,4
191339603002033,4
191339603002034,4
191339603002035,4
191339603002036,4
191339603002037,4
191339603002038,4
191339603002039,4
191339603002040,4
191339603002041,4
191339603002042,4
191339603002043,4
191339603002044,4
191339603002045,4
191339603002046,4
191339603002047,4
191339603002048,4
191339603003000,4
191339603003001,4
191339603003002,4
191339603003003,4
191339603003004,4
191339603003005,4
191339603003006,4
191339603003007,4
191339603003009,4
191339603003012,4
191339603003013,4
191339603003014,4
191339603003015,4
191339603003016,4
191339603003017,4
191339603003018,4
191339603003019,4
191339603003020,4
191339603003021,4
191339603003022,4
191339603003023,4
191339603003024,4
191339603003025,4
191339603003026,4
191339603003027,4
191339603003028,4
191339603003029,4
191339603004000,4
191339603004001,4
191339603004002,4
191339603004003,4
191339603004004,4
191339603004005,4
191339603004006,4
191339603004007,4
191339603004008,4
191339603004009,4
191339603004010,4
191339603004011,4
191339603004012,4
191339603004013,4
191339603004014,4
191339603004015,4
191339603004016,4
191339603004017,4
191339603004018,4
191339603004019,4
191339603004020,4
191339603004021,4
191339603004022,4
191339603004023,4
191339603004024,4
191339603004025,4
191339603004026,4
191339603004027,4
191339603004028,4
191339603004029,4
191339603004030,4
191339603004031,4
191339603004032,4
191339603004033,4
191339603004034,4
191339603004037,4
191339603004038,4
191339603004039,4
191339603004040,4
191339602001241,4
191339602001242,4
191339602001243,4
191339602001244,4
191339602001245,4
191339602001246,4
191339602001247,4
191339602001272,4
191339602001276,4
191339602001277,4
191339602001278,4
191339602001279,4
191339602001280,4
191339602001281,4
191339602001282,4
191339602001283,4
191339602001284,4
191339602001285,4
191339602001286,4
191339602001287,4
191339602001288,4
191339602001289,4
191339602001290,4
191339602001291,4
191339602001292,4
191339602001293,4
191339602001294,4
191339602001295,4
191339602001296,4
191339602001297,4
191339602001298,4
191339602001299,4
191339602001300,4
191339602001301,4
191339602001302,4
191339602001303,4
191339602001304,4
191339602001305,4
191339602001306,4
191339602001307,4
191339602001308,4
191339602001309,4
191339602001310,4
191339602001311,4
191339602001312,4
191339602001313,4
191339602001314,4
191339602001315,4
191339602001316,4
191339602001317,4
191339602001318,4
191339602001319,4
191339602001320,4
191339602001321,4
191339602001322,4
191339602001323,4
191339602001324,4
191339602001325,4
191339602001326,4
191339602001327,4
191339602001328,4
191339602001329,4
191339602001330,4
191339602001331,4
191339602001332,4
191339602001333,4
191339602001334,4
191339602001335,4
191339602001336,4
191339602001337,4
191339602001338,4
191339602001339,4
191339602001375,4
191339602002024,4
191339602002025,4
191339602002026,4
191339602002027,4
191339602002028,4
191339602002029,4
191339602002030,4
191339602002031,4
191339602002032,4
191339602002033,4
191339602002034,4
191339602002035,4
191339602002036,4
191339602002037,4
191339602002038,4
191339602002039,4
191339602002040,4
191339602002041,4
191339602002042,4
191339602002043,4
191339602002044,4
191339602002045,4
191339602002046,4
191339602002047,4
191339602002048,4
191339602002049,4
191339602002050,4
191339602002051,4
191339602002052,4
191339602002053,4
191339602002054,4
191339602002055,4
191339602002056,4
191339602002057,4
191339602002058,4
191339602002059,4
191339602002060,4
191339602002061,4
191339602002062,4
191339602002063,4
191339602002064,4
191339602002065,4
191339602002066,4
191339602002067,4
191339602002068,4
191339602002069,4
191339602002071,4
191339604001056,4
191339604001057,4
191339604001109,4
191339604001110,4
191339604002000,4
191339604002001,4
191339604002002,4
191339604002003,4
191339604002004,4
191339604002016,4
191339604002017,4
191339604002018,4
191339604002019,4
191339604002020,4
191339604002021,4
191339604002030,4
191339604002031,4
191339604002032,4
191339604003000,4
191339604003001,4
191339604003002,4
191339604003003,4
191339604003004,4
191339604003005,4
191339604003006,4
191339604003007,4
191339604003008,4
191339604003009,4
191339604003010,4
191339604003011,4
191339604003012,4
191339604003013,4
191339604003126,4
191339604003127,4
191339604003128,4
191339604003129,4
191339604003130,4
191339604003131,4
191339604003132,4
191339604003133,4
191339604003134,4
191339604003135,4
191339604003136,4
191339604003137,4
191339604003138,4
191339604003139,4
191339604003140,4
191339604003141,4
191339604003142,4
191339604003143,4
191339604003144,4
191339604003145,4
191339604003146,4
191339604003147,4
191339604003148,4
191339604003149,4
191339604003150,4
191339604003151,4
191339604003152,4
191339604003153,4
191339604003154,4
191339604003155,4
191339604003156,4
191339604003157,4
191339604003158,4
191339604003159,4
191339604003160,4
191339604003161,4
191339604003162,4
191339604003163,4
191339604003164,4
191339604003166,4
191339604003172,4
191339604002005,4
191339604002006,4
191339604002007,4
191339604002008,4
191339604002009,4
191339604002010,4
191339604002011,4
191339604002012,4
191339604002013,4
191339604002014,4
191339604002015,4
191339604002027,4
191339604002028,4
191339604002029,4
191339604002036,4
191339604002037,4
191339604002038,4
191339604002039,4
191339604002040,4
191339604002041,4
191339604002042,4
191339604002043,4
191339604002044,4
191339604002045,4
191339604002046,4
191339604002047,4
191339604002142,4
191339604002143,4
191339604002144,4
191339604002145,4
191339604002146,4
191339604002147,4
191339604002148,4
191339604002149,4
191339604002150,4
191339604002151,4
191339604002152,4
191339604002153,4
191339604002154,4
191339604002155,4
191339604002156,4
191339604002157,4
191339604002158,4
191339604002159,4
191339604002160,4
191339604002161,4
191339604002162,4
191339604002163,4
191339604002164,4
191339604002165,4
191339604002166,4
191339604002167,4
191339604002168,4
191339604002169,4
191339604002170,4
191339604002171,4
191339604002172,4
191339604002173,4
191339604002174,4
191339604002175,4
191339604002176,4
191339604002177,4
191339604002178,4
191339604002179,4
191339604002180,4
191339604002181,4
191339604002182,4
191339604002183,4
191339604002184,4
191339604002022,4
191339604002023,4
191339604002024,4
191339604002025,4
191339604002026,4
191339604002035,4
191339604002053,4
191339604002054,4
191339604002055,4
191339604002056,4
191339604002057,4
191339604002060,4
191339604002082,4
191339604003014,4
191339604003015,4
191339604003016,4
191339604003034,4
191339604003035,4
191339604003036,4
191339604003037,4
191339604003043,4
191339604003044,4
191339604003045,4
191339604003046,4
191339604003047,4
191339604003048,4
191339604003049,4
191339604003050,4
191339604003051,4
191339604003052,4
191339604003054,4
191339604003055,4
191339604003056,4
191339604003057,4
191339604003058,4
191339604003059,4
191339604003060,4
191339604003061,4
191339604003102,4
191339604003103,4
191339604003106,4
191339604003107,4
191339604003108,4
191339604003109,4
191339604003110,4
191339604003111,4
191339604003112,4
191339604003113,4
191339604003114,4
191339604003115,4
191339604003116,4
191339604003117,4
191339604003118,4
191339604003119,4
191339604003120,4
191339604003121,4
191339604003122,4
191339604003123,4
191339604003124,4
191339604003125,4
191339604003165,4
191339604003171,4
191339604003175,4
191339604003176,4
191339604003180,4
191339604003181,4
191339604003184,4
191339604002033,4
191339604002034,4
191339604002048,4
191339604002049,4
191339604002050,4
191339604002051,4
191339604002052,4
191339604002058,4
191339604002059,4
191339604002061,4
191339604002062,4
191339604002063,4
191339604002064,4
191339604002065,4
191339604002066,4
191339604002067,4
191339604002068,4
191339604002069,4
191339604002070,4
191339604002071,4
191339604002072,4
191339604002073,4
191339604002074,4
191339604002075,4
191339604002076,4
191339604002077,4
191339604002078,4
191339604002079,4
191339604002080,4
191339604002081,4
191339604002096,4
191339604002097,4
191339604002098,4
191339604002107,4
191339604002108,4
191339604002109,4
191339604002112,4
191339604002113,4
191339604002114,4
191339604002115,4
191339604002116,4
191339604002117,4
191339604002118,4
191339604002119,4
191339604002120,4
191339604002121,4
191339604002122,4
191339604002123,4
191339604002124,4
191339604002125,4
191339604002126,4
191339604002127,4
191339604002128,4
191339604002129,4
191339604002130,4
191339604002131,4
191339604002132,4
191339604002133,4
191339604002134,4
191339604002135,4
191339604002136,4
191339604002137,4
191339604002138,4
191339604002139,4
191339604002140,4
191339604002141,4
191339604002185,4
191339604002186,4
191339604002187,4
191339604002188,4
191339604002189,4
191339604002198,4
191339604002205,4
191339604002207,4
191339604002208,4
191339604002209,4
191339604002210,4
191339604002211,4
191339604002212,4
191339604002213,4
191339604002214,4
191339604002215,4
191339604002216,4
191339604002217,4
191339604002218,4
191339604002219,4
191339604002220,4
191339604002221,4
191339604002222,4
191339604002223,4
191339604003167,4
191339604003168,4
191339604003169,4
191339604003170,4
191339604002092,4
191339604002093,4
191339604002094,4
191339604002095,4
191339604002099,4
191339604002100,4
191339604002101,4
191339604002102,4
191339604002103,4
191339604002104,4
191339604002105,4
191339604002106,4
191339604002110,4
191339604002111,4
191339604002190,4
191339604002191,4
191339604002192,4
191339604002193,4
191339604002194,4
191339604002195,4
191339604002196,4
191339604002197,4
191339604002199,4
191339604002200,4
191339604002201,4
191339604002202,4
191339604002203,4
191339604002204,4
191339604002206,4
191350701001000,2
191350701001001,2
191350701001002,2
191350701001003,2
191350701001004,2
191350701001005,2
191350701001006,2
191350701001007,2
191350701001008,2
191350701001009,2
191350701001013,2
191350701001014,2
191350701001015,2
191350701001016,2
191350701001017,2
191350701001018,2
191350701001019,2
191350701001020,2
191350701001021,2
191350701001022,2
191350701001023,2
191350701001024,2
191350701001025,2
191350701001026,2
191350701001043,2
191350701001044,2
191350701001045,2
191350701001046,2
191350701001047,2
191350701001048,2
191350701001049,2
191350701001050,2
191350701001051,2
191350701001052,2
191350701001053,2
191350701001054,2
191350701001055,2
191350701001056,2
191350701001057,2
191350701001058,2
191350701001059,2
191350701001060,2
191350701001061,2
191350701001062,2
191350701001063,2
191350701001064,2
191350701001065,2
191350701001066,2
191350701001067,2
191350701001068,2
191350701001069,2
191350701001070,2
191350701001072,2
191350701001073,2
191350701001077,2
191350701001083,2
191350701001084,2
191350701001085,2
191350701001086,2
191350701001087,2
191350701001103,2
191350701001104,2
191350701001131,2
191350701001010,2
191350701001011,2
191350701001012,2
191350701001027,2
191350701001028,2
191350701001029,2
191350701001030,2
191350701001031,2
191350701001032,2
191350701001033,2
191350701001034,2
191350701001035,2
191350701001036,2
191350701001037,2
191350701001038,2
191350701001039,2
191350701001040,2
191350701001041,2
191350701001042,2
191350701001071,2
191350701001074,2
191350701001075,2
191350701001076,2
191350701001082,2
191350701001134,2
191350703002000,2
191350703002023,2
191350703002024,2
191350703002025,2
191350703002026,2
191350703002117,2
191350703002118,2
191350703002121,2
191350701001078,2
191350701001079,2
191350701001080,2
191350701001081,2
191350701001119,2
191350701001120,2
191350701001121,2
191350701001124,2
191350701001127,2
191350701001128,2
191350701001129,2
191350701001130,2
191350701001132,2
191350701001133,2
191350701002000,2
191350701002001,2
191350701002002,2
191350701002003,2
191350701002004,2
191350701002005,2
191350701002006,2
191350701002007,2
191350701002008,2
191350701002009,2
191350701002010,2
191350701002011,2
191350701002012,2
191350701002013,2
191350701002014,2
191350701002015,2
191350701002016,2
191350701002017,2
191350701002018,2
191350701002019,2
191350701002020,2
191350701002021,2
191350701002022,2
191350701002023,2
191350701002024,2
191350701002025,2
191350701002026,2
191350701002027,2
191350701002028,2
191350701002029,2
191350701002030,2
191350701002031,2
191350701002032,2
191350701002033,2
191350701002034,2
191350701002035,2
191350701002036,2
191350701002037,2
191350701002038,2
191350701002039,2
191350701002040,2
191350701002041,2
191350701002042,2
191350701002043,2
191350701002044,2
191350701002045,2
191350701002046,2
191350701002047,2
191350701002048,2
191350701002049,2
191350701002050,2
191350701002051,2
191350701002052,2
191350701002053,2
191350701002054,2
191350701002055,2
191350701002056,2
191350701002057,2
191350701002058,2
191350701002059,2
191350701002060,2
191350701002061,2
191350701002062,2
191350701002063,2
191350701002064,2
191350701002065,2
191350701002066,2
191350701002067,2
191350701002068,2
191350701002069,2
191350701002070,2
191350701002071,2
191350701002072,2
191350701002073,2
191350701002074,2
191350701003000,2
191350701003001,2
191350701003002,2
191350701003003,2
191350701003004,2
191350701003005,2
191350701003006,2
191350701003007,2
191350701003008,2
191350701003009,2
191350701003010,2
191350701003011,2
191350701003012,2
191350701003013,2
191350701003014,2
191350701003015,2
191350701003016,2
191350701003017,2
191350701003018,2
191350701003019,2
191350701003020,2
191350701003021,2
191350701003022,2
191350701003023,2
191350701003024,2
191350701003025,2
191350701003026,2
191350701003027,2
191350701003028,2
191350701003029,2
191350701003030,2
191350701003031,2
191350701003032,2
191350701003033,2
191350701003034,2
191350701003035,2
191350701003036,2
191350701003037,2
191350701003038,2
191350701003039,2
191350701003040,2
191350701003041,2
191350701003042,2
191350701003043,2
191350701003044,2
191350701003045,2
191350701003046,2
191350702001000,2
191350702001001,2
191350702001002,2
191350702001003,2
191350702001004,2
191350702001005,2
191350702001006,2
191350702001007,2
191350702001008,2
191350702001009,2
191350702001010,2
191350702001011,2
191350702001012,2
191350702001013,2
191350702001014,2
191350702001015,2
191350702001016,2
191350702001017,2
191350702001018,2
191350702001019,2
191350702001020,2
191350702001021,2
191350702001022,2
191350702001023,2
191350702001024,2
191350702001025,2
191350702001026,2
191350702001027,2
191350702001028,2
191350702001029,2
191350702001030,2
191350702001031,2
191350702001032,2
191350702001033,2
191350702001034,2
191350702001035,2
191350702001036,2
191350702001037,2
191350702001038,2
191350702001039,2
191350702001040,2
191350702001041,2
191350702001042,2
191350702001043,2
191350702001044,2
191350702001045,2
191350702001046,2
191350702001047,2
191350702001048,2
191350702001049,2
191350702001050,2
191350702001051,2
191350702001052,2
191350702001053,2
191350702001054,2
191350702001055,2
191350702001056,2
191350702002005,2
191350702002006,2
191350702002007,2
191350702002008,2
191350702002009,2
191350702002010,2
191350702002027,2
191350702002036,2
191350702002037,2
191350702002038,2
191350702002039,2
191350702002040,2
191350702002042,2
191350702002043,2
191350702002044,2
191350702002045,2
191350702003000,2
191350702003001,2
191350702003002,2
191350702003003,2
191350702003004,2
191350702003005,2
191350702003006,2
191350702003007,2
191350702003008,2
191350702003009,2
191350702003010,2
191350702003011,2
191350702003012,2
191350702003013,2
191350702003014,2
191350702003015,2
191350702003016,2
191350702003017,2
191350702003018,2
191350702003019,2
191350702003020,2
191350702003021,2
191350702003022,2
191350702003023,2
191350702003024,2
191350702003025,2
191350702003026,2
191350702003027,2
191350702003028,2
191350702003029,2
191350702003030,2
191350702003031,2
191350702003032,2
191350702003033,2
191350702003034,2
191350702003035,2
191350702003036,2
191350702003037,2
191350702003038,2
191350702003039,2
191350702003040,2
191350702003041,2
191350702003042,2
191350703001000,2
191350703001025,2
191350703001026,2
191350703001027,2
191350703001028,2
191350703001036,2
191350703001037,2
191350703002119,2
191350703002120,2
191350703002136,2
191350701001088,2
191350701001089,2
191350701001090,2
191350701001091,2
191350701001092,2
191350701001093,2
191350701001094,2
191350701001095,2
191350701001096,2
191350701001097,2
191350701001098,2
191350701001099,2
191350701001100,2
191350701001101,2
191350701001102,2
191350701001105,2
191350701001106,2
191350701001107,2
191350701001108,2
191350701001109,2
191350701001110,2
191350701001111,2
191350701001112,2
191350701001113,2
191350701001114,2
191350701001115,2
191350701001116,2
191350701001117,2
191350701001118,2
191350701001122,2
191350701001123,2
191350701001125,2
191350701001126,2
191350702002000,2
191350702002001,2
191350702002002,2
191350702002003,2
191350702002004,2
191350702002011,2
191350702002012,2
191350702002013,2
191350702002014,2
191350702002015,2
191350702002016,2
191350702002018,2
191350702002023,2
191350702002024,2
191350702002025,2
191350702002026,2
191350702002110,2
191350702002017,2
191350702002019,2
191350702002020,2
191350702002021,2
191350702002022,2
191350702002029,2
191350702002030,2
191350702002053,2
191350702002054,2
191350702002055,2
191350702002076,2
191350702002077,2
191350702002078,2
191350702002079,2
191350702002080,2
191350702002081,2
191350702002082,2
191350702002083,2
191350702002084,2
191350702002085,2
191350702002086,2
191350702002087,2
191350702002088,2
191350702002089,2
191350702002090,2
191350702002091,2
191350702002092,2
191350702002093,2
191350702002094,2
191350702002095,2
191350702002096,2
191350702002097,2
191350702002098,2
191350702002099,2
191350702002100,2
191350702002101,2
191350702002102,2
191350702002103,2
191350702002104,2
191350702002028,2
191350702002031,2
191350702002032,2
191350702002033,2
191350702002034,2
191350702002035,2
191350702002041,2
191350702002046,2
191350702002047,2
191350702002048,2
191350702002049,2
191350702002050,2
191350702002051,2
191350702002052,2
191350702002056,2
191350702002057,2
191350702002058,2
191350702002059,2
191350702002060,2
191350702002061,2
191350702002062,2
191350702002063,2
191350702002064,2
191350702002066,2
191350702002067,2
191350702002068,2
191350702002069,2
191350702002070,2
191350702002071,2
191350702002072,2
191350702002073,2
191350702002074,2
191350702002075,2
191350702002105,2
191350702002106,2
191350702002107,2
191350702002108,2
191350702002109,2
191350702002111,2
191350702002112,2
191350703001133,2
191350703001134,2
191350703001141,2
191350703001142,2
191350703001143,2
191350703001144,2
191350703001145,2
191350703001150,2
191350702002065,2
191350703001001,2
191350703001002,2
191350703001003,2
191350703001004,2
191350703001005,2
191350703001006,2
191350703001007,2
191350703001008,2
191350703001020,2
191350703001021,2
191350703001022,2
191350703001023,2
191350703001024,2
191350703001029,2
191350703001030,2
191350703001031,2
191350703001032,2
191350703001033,2
191350703001034,2
191350703001035,2
191350703001041,2
191350703001076,2
191350703001077,2
191350703001078,2
191350703002110,2
191350703002111,2
191350703002112,2
191350703002113,2
191350703002114,2
191350703002122,2
191350703002124,2
191350703002125,2
191350703002132,2
191350703001009,2
191350703001010,2
191350703001011,2
191350703001012,2
191350703001014,2
191350703001015,2
191350703001016,2
191350703001017,2
191350703001018,2
191350703001019,2
191350703001042,2
191350703001043,2
191350703001044,2
191350703001045,2
191350703001046,2
191350703002130,2
191350703002131,2
191350703002133,2
191350703002140,2
191350703001013,2
191350703002007,2
191350703002080,2
191350703002081,2
191350703002082,2
191350703002083,2
191350703002084,2
191350703002085,2
191350703002086,2
191350703002087,2
191350703002091,2
191350703002092,2
191350703002093,2
191350703002094,2
191350703002095,2
191350703002096,2
191350703002097,2
191350703002098,2
191350703002099,2
191350703002100,2
191350703002126,2
191350703002127,2
191350703002128,2
191350703002129,2
191350703002137,2
191350703002138,2
191350703002139,2
191350703001038,2
191350703001039,2
191350703001040,2
191350703001056,2
191350703001057,2
191350703001072,2
191350703001073,2
191350703001074,2
191350703001075,2
191350703001079,2
191350703001080,2
191350703001081,2
191350703001082,2
191350703001083,2
191350703001084,2
191350703001085,2
191350703001091,2
191350703001092,2
191350703001093,2
191350703001094,2
191350703001095,2
191350703001096,2
191350703001097,2
191350703001098,2
191350703001099,2
191350703001100,2
191350703001131,2
191350703001132,2
191350703001135,2
191350703001136,2
191350703001137,2
191350703001138,2
191350703001139,2
191350703001140,2
191350703001146,2
191350703001147,2
191350703001148,2
191350703001149,2
191350703001047,2
191350703001048,2
191350703001049,2
191350703001050,2
191350703001051,2
191350703001052,2
191350703001053,2
191350703001058,2
191350703001059,2
191350703001060,2
191350703001061,2
191350703001062,2
191350703001068,2
191350703001070,2
191350703001054,2
191350703001055,2
191350703001063,2
191350703001064,2
191350703001065,2
191350703001066,2
191350703001067,2
191350703001069,2
191350703001071,2
191350703001086,2
191350703001087,2
191350703001088,2
191350703001089,2
191350703001090,2
191350703001101,2
191350703001102,2
191350703001103,2
191350703001104,2
191350703001105,2
191350703001106,2
191350703001107,2
191350703001108,2
191350703001109,2
191350703001110,2
191350703001111,2
191350703001112,2
191350703001113,2
191350703001114,2
191350703001115,2
191350703001116,2
191350703001117,2
191350703001118,2
191350703001119,2
191350703001120,2
191350703001121,2
191350703001122,2
191350703001123,2
191350703001124,2
191350703001125,2
191350703001126,2
191350703001127,2
191350703001128,2
191350703001129,2
191350703001130,2
191350703001151,2
191350703001152,2
191350703001153,2
191350703002001,2
191350703002002,2
191350703002003,2
191350703002004,2
191350703002005,2
191350703002006,2
191350703002008,2
191350703002009,2
191350703002010,2
191350703002011,2
191350703002012,2
191350703002013,2
191350703002014,2
191350703002015,2
191350703002016,2
191350703002017,2
191350703002018,2
191350703002019,2
191350703002020,2
191350703002021,2
191350703002022,2
191350703002027,2
191350703002028,2
191350703002029,2
191350703002030,2
191350703002031,2
191350703002032,2
191350703002033,2
191350703002034,2
191350703002035,2
191350703002036,2
191350703002037,2
191350703002038,2
191350703002039,2
191350703002040,2
191350703002041,2
191350703002042,2
191350703002043,2
191350703002044,2
191350703002045,2
191350703002046,2
191350703002047,2
191350703002048,2
191350703002049,2
191350703002050,2
191350703002051,2
191350703002052,2
191350703002053,2
191350703002054,2
191350703002055,2
191350703002056,2
191350703002057,2
191350703002058,2
191350703002059,2
191350703002060,2
191350703002061,2
191350703002062,2
191350703002063,2
191350703002064,2
191350703002065,2
191350703002066,2
191350703002067,2
191350703002068,2
191350703002069,2
191350703002070,2
191350703002071,2
191350703002072,2
191350703002073,2
191350703002074,2
191350703002075,2
191350703002076,2
191350703002077,2
191350703002078,2
191350703002079,2
191350703002088,2
191350703002089,2
191350703002090,2
191350703002101,2
191350703002102,2
191350703002103,2
191350703002104,2
191350703002105,2
191350703002106,2
191350703002107,2
191350703002108,2
191350703002109,2
191350703002115,2
191350703002116,2
191350703002123,2
191350703002134,2
191350703002135,2
191350703002141,2
191379601001000,3
191379601001001,3
191379601001002,3
191379601001003,3
191379601001004,3
191379601001005,3
191379601001006,3
191379601001007,3
191379601001008,3
191379601001009,3
191379601001010,3
191379601001011,3
191379601001012,3
191379601001013,3
191379601001016,3
191379601001017,3
191379601001019,3
191379601001020,3
191379601001022,3
191379601001023,3
191379601001024,3
191379601001025,3
191379601001026,3
191379601001027,3
191379601001028,3
191379601001029,3
191379601001030,3
191379601001031,3
191379601001032,3
191379601001033,3
191379601001034,3
191379601001035,3
191379601001036,3
191379601001037,3
191379601001038,3
191379601001039,3
191379601001040,3
191379601001041,3
191379601001042,3
191379601001043,3
191379601001044,3
191379601001045,3
191379601001046,3
191379601001047,3
191379601001048,3
191379601001049,3
191379601001050,3
191379601001051,3
191379601001052,3
191379601001053,3
191379601001054,3
191379601001055,3
191379601001056,3
191379601001057,3
191379601001058,3
191379601001059,3
191379601001060,3
191379601001061,3
191379601001062,3
191379601001063,3
191379601001064,3
191379601001065,3
191379601001066,3
191379601001067,3
191379601001068,3
191379601001069,3
191379601001070,3
191379601001076,3
191379601001077,3
191379601001078,3
191379601001079,3
191379601001080,3
191379601001081,3
191379601001082,3
191379601001083,3
191379601001084,3
191379601001085,3
191379601001086,3
191379601001087,3
191379601001088,3
191379601001089,3
191379601001115,3
191379601001116,3
191379601001117,3
191379601001118,3
191379601001119,3
191379601001120,3
191379601001121,3
191379601001122,3
191379601001123,3
191379601001124,3
191379601001125,3
191379601001227,3
191379601001228,3
191379601001230,3
191379601001014,3
191379601001015,3
191379601001018,3
191379601001021,3
191379601001071,3
191379601001072,3
191379601001073,3
191379601001074,3
191379601001075,3
191379601001090,3
191379601001091,3
191379601001092,3
191379601001093,3
191379601001094,3
191379601001095,3
191379601001096,3
191379601001097,3
191379601002000,3
191379601002001,3
191379601002002,3
191379601002003,3
191379601002085,3
191379601002086,3
191379601002087,3
191379601002088,3
191379601002089,3
191379601002090,3
191379601002091,3
191379601002092,3
191379601002093,3
191379601002094,3
191379601002095,3
191379601002096,3
191379601002097,3
191379601002098,3
191379601002099,3
191379601002100,3
191379601002101,3
191379601002102,3
191379601002103,3
191379601002104,3
191379601002105,3
191379601002106,3
191379601002107,3
191379601002108,3
191379601002109,3
191379601002110,3
191379601002111,3
191379601002112,3
191379601002113,3
191379601002114,3
191379601002115,3
191379601002116,3
191379601002124,3
191379601001098,3
191379601001099,3
191379601001100,3
191379601001101,3
191379601001102,3
191379601001103,3
191379601001104,3
191379601001105,3
191379601001106,3
191379601001107,3
191379601001108,3
191379601001109,3
191379601001110,3
191379601001111,3
191379601001112,3
191379601001133,3
191379601001134,3
191379601001135,3
191379601001136,3
191379601001137,3
191379601001138,3
191379601001139,3
191379601001140,3
191379601001141,3
191379601001142,3
191379601001143,3
191379601001144,3
191379601001145,3
191379601001146,3
191379601001147,3
191379601001148,3
191379601001149,3
191379601001150,3
191379601001151,3
191379601001152,3
191379601001153,3
191379601001154,3
191379601001155,3
191379601001156,3
191379601001157,3
191379601001161,3
191379601001204,3
191379601001205,3
191379601001206,3
191379601001211,3
191379601001212,3
191379601001213,3
191379601001214,3
191379601001215,3
191379601001216,3
191379601001217,3
191379601001218,3
191379601001219,3
191379601001222,3
191379601001223,3
191379601001224,3
191379601001225,3
191379601001226,3
191379601001229,3
191379604001000,3
191379604001001,3
191379604001011,3
191379604002002,3
191379604002005,3
191379604002006,3
191379604002009,3
191379601001113,3
191379601001114,3
191379601001126,3
191379601001127,3
191379601001128,3
191379601001129,3
191379601001130,3
191379601001131,3
191379601001132,3
191379601001158,3
191379601001159,3
191379601001160,3
191379601001162,3
191379601001163,3
191379601001164,3
191379601001165,3
191379601001166,3
191379601001167,3
191379601001168,3
191379601001169,3
191379601001170,3
191379601001171,3
191379601001172,3
191379601001173,3
191379601001174,3
191379601001175,3
191379601001176,3
191379601001177,3
191379601001178,3
191379601001179,3
191379601001180,3
191379601001181,3
191379601001182,3
191379601001183,3
191379601001184,3
191379601001185,3
191379601001186,3
191379601001187,3
191379601001188,3
191379601001189,3
191379601001190,3
191379601001191,3
191379601001192,3
191379601001195,3
191379601001196,3
191379601001200,3
191379601001221,3
191379601001193,3
191379601001194,3
191379601001197,3
191379601001198,3
191379601001199,3
191379601001207,3
191379601001208,3
191379601001209,3
191379601001210,3
191379604003000,3
191379604003001,3
191379604003002,3
191379604003003,3
191379604003004,3
191379604003005,3
191379604003006,3
191379604003007,3
191379604003008,3
191379604003009,3
191379604003010,3
191379604003013,3
191379604003014,3
191379604003015,3
191379604003016,3
191379604003017,3
191379604003018,3
191379604003019,3
191379604003023,3
191379604003024,3
191379604003025,3
191379604003026,3
191379604003027,3
191379604003028,3
191379604003029,3
191379604003030,3
191379604003031,3
191379604003032,3
191379604003035,3
191379604003036,3
191379604003039,3
191379604003040,3
191379604003041,3
191379604003042,3
191379604003043,3
191379604003044,3
191379604003045,3
191379604003046,3
191379604003047,3
191379604003048,3
191379604003049,3
191379604003050,3
191379604003051,3
191379604003052,3
191379604003053,3
191379604003054,3
191379604003055,3
191379604003056,3
191379604003057,3
191379604003058,3
191379604003059,3
191379604003060,3
191379604003061,3
191379604003062,3
191379604003063,3
191379604003064,3
191379604003065,3
191379604003066,3
191379604003067,3
191379604003068,3
191379604003069,3
191379604003070,3
191379604003071,3
191379604003072,3
191379604003073,3
191379604003074,3
191379604003075,3
191379604003076,3
191379604003077,3
191379604003078,3
191379604003079,3
191379604003080,3
191379604003081,3
191379604003082,3
191379604003083,3
191379604003084,3
191379604003085,3
191379604003086,3
191379604003087,3
191379604003088,3
191379604003089,3
191379604003090,3
191379604003091,3
191379604003092,3
191379604003093,3
191379604003094,3
191379604003095,3
191379604003096,3
191379604003097,3
191379604003098,3
191379604003099,3
191379604003100,3
191379604003101,3
191379604003102,3
191379604003103,3
191379604003104,3
191379604003105,3
191379604003106,3
191379604003107,3
191379604003108,3
191379604003109,3
191379604003110,3
191379604003111,3
191379604003112,3
191379604003113,3
191379604003114,3
191379604003115,3
191379604003116,3
191379604003117,3
191379604003118,3
191379604003119,3
191379604003120,3
191379604003121,3
191379604003122,3
191379604003123,3
191379604003124,3
191379604003125,3
191379604003126,3
191379604003127,3
191379604003128,3
191379604003129,3
191379604003130,3
191379604003131,3
191379604003132,3
191379604003133,3
191379604003134,3
191379604003135,3
191379604003136,3
191379604003137,3
191379604003138,3
191379604003139,3
191379604003140,3
191379604003141,3
191379604003142,3
191379604003143,3
191379604003144,3
191379604003145,3
191379604003146,3
191379604003147,3
191379604003148,3
191379604003149,3
191379604003150,3
191379604003151,3
191379604003152,3
191379604003153,3
191379604003154,3
191379604003155,3
191379604003156,3
191379604003157,3
191379601001201,3
191379601001202,3
191379601001203,3
191379601001220,3
191379604001012,3
191379604001013,3
191379604001111,3
191379604001112,3
191379604001113,3
191379604001114,3
191379604001119,3
191379604001120,3
191379604001121,3
191379604001122,3
191379604001123,3
191379604001143,3
191379604001144,3
191379604001145,3
191379604001146,3
191379604001147,3
191379604001148,3
191379604001149,3
191379604001150,3
191379604001152,3
191379604001153,3
191379604002000,3
191379604002001,3
191379604002007,3
191379604002008,3
191379604002010,3
191379604002046,3
191379604002051,3
191379604002055,3
191379604002056,3
191379604002057,3
191379604002058,3
191379604002059,3
191379604002060,3
191379604002061,3
191379604002062,3
191379604002063,3
191379604002064,3
191379604002065,3
191379604002066,3
191379604002067,3
191379604002068,3
191379604002069,3
191379604002070,3
191379604002071,3
191379604002072,3
191379604002073,3
191379604002074,3
191379604003011,3
191379604003012,3
191379604003020,3
191379604003021,3
191379604003022,3
191379604003033,3
191379604003034,3
191379604003037,3
191379604003038,3
191379601002004,3
191379601002005,3
191379601002006,3
191379601002007,3
191379601002008,3
191379601002009,3
191379601002010,3
191379601002011,3
191379601002012,3
191379601002013,3
191379601002014,3
191379601002015,3
191379601002016,3
191379601002017,3
191379601002018,3
191379601002019,3
191379601002020,3
191379601002021,3
191379601002022,3
191379601002023,3
191379601002024,3
191379601002025,3
191379601002026,3
191379601002027,3
191379601002028,3
191379601002029,3
191379601002030,3
191379601002031,3
191379601002032,3
191379601002033,3
191379601002034,3
191379601002055,3
191379601002056,3
191379601002057,3
191379601002072,3
191379601002082,3
191379601002083,3
191379601002084,3
191379601002117,3
191379601002118,3
191379601002119,3
191379601002120,3
191379601002121,3
191379601002122,3
191379601002123,3
191379601002125,3
191379601002126,3
191379601002127,3
191379601002128,3
191379601002129,3
191379601002130,3
191379601002131,3
191379601002132,3
191379601002133,3
191379601002134,3
191379601002135,3
191379601002136,3
191379601002137,3
191379601002138,3
191379601003038,3
191379601003039,3
191379601003040,3
191379601003041,3
191379601003042,3
191379601003043,3
191379601003044,3
191379601003045,3
191379601003055,3
191379601003059,3
191379601003060,3
191379601003061,3
191379601003183,3
191379601002035,3
191379601002036,3
191379601002037,3
191379601002038,3
191379601002039,3
191379601002040,3
191379601002041,3
191379601002042,3
191379601002043,3
191379601002044,3
191379601002045,3
191379601002046,3
191379601002047,3
191379601002048,3
191379601002049,3
191379601002050,3
191379601002051,3
191379601002052,3
191379601002053,3
191379601002054,3
191379601002058,3
191379601002059,3
191379601002060,3
191379601002061,3
191379601002062,3
191379601002063,3
191379601002064,3
191379601002065,3
191379601002066,3
191379601002067,3
191379601002068,3
191379601002069,3
191379601002070,3
191379601002071,3
191379601002073,3
191379601002074,3
191379601002075,3
191379601002076,3
191379601002077,3
191379601002078,3
191379601002079,3
191379601002080,3
191379601002081,3
191379601002139,3
191379601002140,3
191379601002141,3
191379601002142,3
191379601003000,3
191379601003001,3
191379601003002,3
191379601003003,3
191379601003004,3
191379601003005,3
191379601003006,3
191379601003007,3
191379601003008,3
191379601003009,3
191379601003010,3
191379601003011,3
191379601003012,3
191379601003013,3
191379601003014,3
191379601003015,3
191379601003016,3
191379601003017,3
191379601003018,3
191379601003019,3
191379601003020,3
191379601003021,3
191379601003022,3
191379601003023,3
191379601003024,3
191379601003025,3
191379601003026,3
191379601003027,3
191379601003028,3
191379601003029,3
191379601003030,3
191379601003031,3
191379601003032,3
191379601003033,3
191379601003034,3
191379601003035,3
191379601003036,3
191379601003037,3
191379601003062,3
191379601003063,3
191379601003064,3
191379601003065,3
191379601003070,3
191379601003071,3
191379601003072,3
191379601003073,3
191379601003074,3
191379601003075,3
191379601003076,3
191379601003077,3
191379601003078,3
191379601003079,3
191379601003080,3
191379601003081,3
191379601003082,3
191379601003083,3
191379601003084,3
191379601003089,3
191379601003090,3
191379601003046,3
191379601003047,3
191379601003048,3
191379601003049,3
191379601003050,3
191379601003051,3
191379601003052,3
191379601003053,3
191379601003054,3
191379601003056,3
191379601003057,3
191379601003058,3
191379601003123,3
191379601003124,3
191379601003125,3
191379601003126,3
191379601003127,3
191379601003133,3
191379601003134,3
191379601003143,3
191379601003144,3
191379601003149,3
191379601003167,3
191379601003170,3
191379601003171,3
191379601003172,3
191379601003173,3
191379601003174,3
191379601003175,3
191379601003176,3
191379601003177,3
191379601003178,3
191379601003179,3
191379601003180,3
191379601003181,3
191379601003182,3
191379601003184,3
191379601003185,3
191379601003186,3
191379601003187,3
191379601003188,3
191379601003189,3
191379601003190,3
191379601003191,3
191379601003192,3
191379601003193,3
191379601003194,3
191379601003195,3
191379601003196,3
191379601003197,3
191379601003198,3
191379601003199,3
191379602001000,3
191379602001001,3
191379602001002,3
191379602001003,3
191379602001004,3
191379602001005,3
191379602001006,3
191379602001007,3
191379602001008,3
191379602001009,3
191379602001010,3
191379602001011,3
191379602001012,3
191379602001013,3
191379602001014,3
191379602001015,3
191379602001016,3
191379602001017,3
191379602001018,3
191379602001019,3
191379602001020,3
191379602001021,3
191379602001022,3
191379602001023,3
191379602002000,3
191379602002001,3
191379602002002,3
191379602002003,3
191379602002004,3
191379602002005,3
191379602002006,3
191379602002007,3
191379602002008,3
191379602002009,3
191379602002010,3
191379602002011,3
191379602002012,3
191379602002013,3
191379602002014,3
191379602002015,3
191379602002016,3
191379602002017,3
191379602002018,3
191379602002019,3
191379602002020,3
191379602002021,3
191379602002022,3
191379602002023,3
191379602002024,3
191379602002025,3
191379602002026,3
191379602002027,3
191379602002028,3
191379602002029,3
191379602002030,3
191379602003000,3
191379602003001,3
191379602003002,3
191379602003003,3
191379602003004,3
191379602003005,3
191379602003006,3
191379602003007,3
191379602003008,3
191379602003009,3
191379602003010,3
191379602003011,3
191379602003012,3
191379602003013,3
191379602003014,3
191379602003015,3
191379602003016,3
191379602003017,3
191379602003018,3
191379602003019,3
191379602003020,3
191379602003021,3
191379602003022,3
191379602003023,3
191379602003024,3
191379603001000,3
191379603001001,3
191379603001002,3
191379603001003,3
191379603001004,3
191379603001005,3
191379603001006,3
191379603001007,3
191379603001008,3
191379603001009,3
191379603001010,3
191379603001011,3
191379603001012,3
191379603001013,3
191379603001014,3
191379603001015,3
191379603001016,3
191379603001017,3
191379603001018,3
191379603001019,3
191379603001020,3
191379603001021,3
191379603001022,3
191379603001023,3
191379603001024,3
191379603001025,3
191379603001026,3
191379603001027,3
191379603001028,3
191379603001029,3
191379603001030,3
191379603001031,3
191379603001032,3
191379603001033,3
191379603001034,3
191379603001035,3
191379603001036,3
191379603001037,3
191379603001038,3
191379603001039,3
191379603001040,3
191379603001041,3
191379603001042,3
191379603001043,3
191379603001044,3
191379603001045,3
191379603001046,3
191379603001047,3
191379603001048,3
191379603001049,3
191379603001050,3
191379603001051,3
191379603001052,3
191379603001053,3
191379603001054,3
191379603001055,3
191379603001056,3
191379603001057,3
191379603001058,3
191379603001059,3
191379603001060,3
191379603001061,3
191379603001062,3
191379603001063,3
191379603001064,3
191379603001065,3
191379603001066,3
191379603001067,3
191379603001068,3
191379603001069,3
191379603001070,3
191379603001071,3
191379603001072,3
191379603001073,3
191379603001074,3
191379603001075,3
191379603001076,3
191379603001077,3
191379603001078,3
191379603001079,3
191379603001080,3
191379603001081,3
191379603001082,3
191379603001083,3
191379603001084,3
191379603001085,3
191379603001086,3
191379603001087,3
191379603001088,3
191379603001089,3
191379603001090,3
191379603001091,3
191379603001092,3
191379603001093,3
191379603001094,3
191379603001095,3
191379603001096,3
191379603001097,3
191379603001098,3
191379603001099,3
191379603001100,3
191379603001101,3
191379603001102,3
191379603001103,3
191379603001104,3
191379603001105,3
191379603001106,3
191379603001107,3
191379603001108,3
191379603001109,3
191379603001110,3
191379603001111,3
191379603001112,3
191379603001113,3
191379603001114,3
191379603001115,3
191379603001116,3
191379603001117,3
191379603001118,3
191379603001119,3
191379603001120,3
191379603001121,3
191379603001122,3
191379603001123,3
191379603001124,3
191379603001125,3
191379603001126,3
191379603001127,3
191379603001128,3
191379603001129,3
191379603001130,3
191379603001131,3
191379603001132,3
191379603001133,3
191379603001134,3
191379603001135,3
191379603001136,3
191379603001137,3
191379603001138,3
191379603001139,3
191379603001140,3
191379603001141,3
191379603001142,3
191379603001143,3
191379603001147,3
191379603001148,3
191379603001150,3
191379603001151,3
191379603001152,3
191379603002000,3
191379603002001,3
191379603002002,3
191379603002003,3
191379603002004,3
191379603002005,3
191379603002006,3
191379603002007,3
191379603002008,3
191379603002009,3
191379603002010,3
191379603002011,3
191379603002012,3
191379603002013,3
191379603002014,3
191379603002015,3
191379603002016,3
191379603002017,3
191379603002018,3
191379603002019,3
191379603002020,3
191379603002021,3
191379603002022,3
191379603002023,3
191379603002024,3
191379603002025,3
191379603002026,3
191379603002027,3
191379603002028,3
191379603002029,3
191379603002030,3
191379603002031,3
191379603002032,3
191379603002033,3
191379603002034,3
191379603002035,3
191379603002036,3
191379603002037,3
191379603002038,3
191379603002039,3
191379603002040,3
191379603002041,3
191379603002042,3
191379603002043,3
191379603002044,3
191379603002045,3
191379603002046,3
191379603002047,3
191379603002048,3
191379603002049,3
191379603002050,3
191379603002051,3
191379603002052,3
191379603002053,3
191379603002054,3
191379603002055,3
191379603002056,3
191379603002057,3
191379603002058,3
191379603002059,3
191379603002060,3
191379603002061,3
191379603002062,3
191379603002063,3
191379603002064,3
191379603002065,3
191379603002066,3
191379603002067,3
191379603002068,3
191379603002069,3
191379603002070,3
191379603002071,3
191379603002072,3
191379603002073,3
191379603002074,3
191379603002075,3
191379603002076,3
191379603002077,3
191379603002078,3
191379603002079,3
191379603002080,3
191379603002081,3
191379603002082,3
191379603002083,3
191379603002084,3
191379603002085,3
191379603002086,3
191379603002087,3
191379603002088,3
191379603002089,3
191379603002090,3
191379603002091,3
191379603002092,3
191379603002093,3
191379603002094,3
191379603002095,3
191379603002096,3
191379603002097,3
191379603002098,3
191379603002099,3
191379603002100,3
191379603002101,3
191379603002102,3
191379603002103,3
191379603002104,3
191379603002105,3
191379603002106,3
191379603002107,3
191379603002108,3
191379603002109,3
191379603002110,3
191379603002111,3
191379603002112,3
191379603002113,3
191379603002114,3
191379603002115,3
191379603002116,3
191379603002117,3
191379603002118,3
191379603002119,3
191379603002120,3
191379603002121,3
191379603002122,3
191379603002123,3
191379603002124,3
191379603002125,3
191379603002126,3
191379603002127,3
191379603002128,3
191379603002129,3
191379603002130,3
191379603002131,3
191379603002132,3
191379603002133,3
191379603002134,3
191379603002135,3
191379603002136,3
191379603002137,3
191379603002138,3
191379603002139,3
191379603002140,3
191379603002141,3
191379603002142,3
191379603002143,3
191379603002144,3
191379603002145,3
191379603002146,3
191379603002147,3
191379603002148,3
191379603002149,3
191379603002150,3
191379603002151,3
191379603002152,3
191379603002153,3
191379603002154,3
191379603002155,3
191379603002156,3
191379603002157,3
191379603002158,3
191379603002159,3
191379603002160,3
191379603002161,3
191379603002162,3
191379603002163,3
191379603002164,3
191379603002165,3
191379604001002,3
191379604001003,3
191379604001004,3
191379604001005,3
191379604001006,3
191379604001007,3
191379604001010,3
191379604001020,3
191379604001028,3
191379604001029,3
191379601003066,3
191379601003067,3
191379601003068,3
191379601003069,3
191379601003085,3
191379601003086,3
191379601003087,3
191379601003088,3
191379601003091,3
191379601003092,3
191379601003093,3
191379601003094,3
191379601003095,3
191379601003096,3
191379601003097,3
191379601003098,3
191379601003099,3
191379601003100,3
191379601003101,3
191379601003102,3
191379601003103,3
191379601003104,3
191379601003105,3
191379601003106,3
191379601003107,3
191379601003108,3
191379601003109,3
191379601003110,3
191379601003111,3
191379601003112,3
191379601003113,3
191379601003114,3
191379601003115,3
191379601003116,3
191379601003117,3
191379601003118,3
191379601003119,3
191379601003120,3
191379601003121,3
191379601003122,3
191379601003128,3
191379601003129,3
191379601003130,3
191379601003131,3
191379601003132,3
191379601003135,3
191379601003136,3
191379601003137,3
191379601003138,3
191379601003139,3
191379601003140,3
191379601003141,3
191379601003142,3
191379601003145,3
191379601003146,3
191379601003147,3
191379601003148,3
191379601003150,3
191379601003151,3
191379601003152,3
191379601003153,3
191379601003154,3
191379601003155,3
191379601003156,3
191379601003157,3
191379601003158,3
191379601003159,3
191379601003160,3
191379601003161,3
191379601003162,3
191379601003163,3
191379601003164,3
191379601003165,3
191379601003166,3
191379601003168,3
191379601003169,3
191379604001041,3
191379603001144,3
191379603001145,3
191379603001146,3
191379603001149,3
191379604001008,3
191379604001009,3
191379604001014,3
191379604001015,3
191379604001016,3
191379604001017,3
191379604001018,3
191379604001019,3
191379604001021,3
191379604001022,3
191379604001023,3
191379604001024,3
191379604001025,3
191379604001026,3
191379604001027,3
191379604001030,3
191379604001094,3
191379604001095,3
191379604001096,3
191379604001097,3
191379604001098,3
191379604001099,3
191379604001100,3
191379604001101,3
191379604001102,3
191379604001103,3
191379604001104,3
191379604001105,3
191379604001106,3
191379604001107,3
191379604001108,3
191379604001109,3
191379604001110,3
191379604001115,3
191379604001116,3
191379604001117,3
191379604001118,3
191379604001124,3
191379604001125,3
191379604001126,3
191379604001127,3
191379604001128,3
191379604001129,3
191379604001130,3
191379604001131,3
191379604001132,3
191379604001133,3
191379604001134,3
191379604001135,3
191379604001136,3
191379604001137,3
191379604001138,3
191379604001139,3
191379604001140,3
191379604001141,3
191379604001142,3
191379604001151,3
191379604001154,3
191379604001155,3
191379604001156,3
191379604001164,3
191379604001165,3
191379604001166,3
191379604001167,3
191379604001168,3
191379604001177,3
191379604001178,3
191379604001031,3
191379604001032,3
191379604001033,3
191379604001034,3
191379604001035,3
191379604001036,3
191379604001037,3
191379604001038,3
191379604001039,3
191379604001040,3
191379604001042,3
191379604001043,3
191379604001044,3
191379604001045,3
191379604001046,3
191379604001047,3
191379604001048,3
191379604001049,3
191379604001050,3
191379604001051,3
191379604001052,3
191379604001053,3
191379604001054,3
191379604001055,3
191379604001056,3
191379604001057,3
191379604001058,3
191379604001059,3
191379604001060,3
191379604001061,3
191379604001062,3
191379604001063,3
191379604001064,3
191379604001065,3
191379604001066,3
191379604001067,3
191379604001068,3
191379604001069,3
191379604001070,3
191379604001071,3
191379604001072,3
191379604001073,3
191379604001074,3
191379604001075,3
191379604001076,3
191379604001077,3
191379604001078,3
191379604001079,3
191379604001080,3
191379604001081,3
191379604001082,3
191379604001083,3
191379604001084,3
191379604001085,3
191379604001086,3
191379604001087,3
191379604001088,3
191379604001089,3
191379604001090,3
191379604001091,3
191379604001092,3
191379604001093,3
191379604001161,3
191379604001162,3
191379604001169,3
191379604001170,3
191379604001157,3
191379604001158,3
191379604001159,3
191379604001160,3
191379604001163,3
191379604001171,3
191379604001172,3
191379604001173,3
191379604001174,3
191379604001175,3
191379604001176,3
191379604002003,3
191379604002004,3
191379604002011,3
191379604002012,3
191379604002013,3
191379604002014,3
191379604002015,3
191379604002016,3
191379604002017,3
191379604002018,3
191379604002019,3
191379604002020,3
191379604002021,3
191379604002022,3
191379604002023,3
191379604002024,3
191379604002025,3
191379604002026,3
191379604002027,3
191379604002028,3
191379604002029,3
191379604002030,3
191379604002031,3
191379604002032,3
191379604002033,3
191379604002034,3
191379604002035,3
191379604002036,3
191379604002037,3
191379604002038,3
191379604002039,3
191379604002040,3
191379604002041,3
191379604002042,3
191379604002043,3
191379604002044,3
191379604002045,3
191379604002047,3
191379604002048,3
191379604002049,3
191379604002050,3
191379604002052,3
191379604002053,3
191379604002054,3
191390501001000,2
191390501001001,2
191390501001002,2
191390501001003,2
191390501001004,2
191390501001005,2
191390501001006,2
191390501001007,2
191390501001008,2
191390501001009,2
191390501001010,2
191390501001011,2
191390501001012,2
191390501001013,2
191390501001014,2
191390501001015,2
191390501001016,2
191390501001017,2
191390501001018,2
191390501001019,2
191390501001020,2
191390501001021,2
191390501001022,2
191390501001023,2
191390501001024,2
191390501001025,2
191390501001026,2
191390501001027,2
191390501001028,2
191390501001029,2
191390501001030,2
191390501001031,2
191390501001032,2
191390501001033,2
191390501001034,2
191390501001035,2
191390501001036,2
191390501001037,2
191390501001038,2
191390501001039,2
191390501001040,2
191390501001041,2
191390501001042,2
191390501001043,2
191390501001044,2
191390501001046,2
191390501001047,2
191390501001048,2
191390501001049,2
191390501001050,2
191390501001052,2
191390501001053,2
191390501001054,2
191390501001060,2
191390501001070,2
191390502002050,2
191390502002051,2
191390502002059,2
191390502002060,2
191390502002061,2
191390502002063,2
191390502002084,2
191390502002085,2
191390502003049,2
191390502003050,2
191390502003051,2
191390502003052,2
191390502003053,2
191390502004000,2
191390502004001,2
191390502004014,2
191390502004015,2
191390502004036,2
191390502004059,2
191390502004062,2
191390502004063,2
191390502004064,2
191390502004065,2
191390501001045,2
191390501001051,2
191390501001055,2
191390501001056,2
191390501001057,2
191390501001058,2
191390501001059,2
191390501001061,2
191390501001062,2
191390501001063,2
191390501001064,2
191390501001065,2
191390501001066,2
191390501001067,2
191390501001068,2
191390501001069,2
191390501001071,2
191390501003000,2
191390501003001,2
191390501003002,2
191390501003003,2
191390501003004,2
191390501003005,2
191390501003006,2
191390501003007,2
191390501003008,2
191390501003009,2
191390501003010,2
191390501003011,2
191390501003012,2
191390501003013,2
191390501003014,2
191390501003015,2
191390501003016,2
191390501003017,2
191390501003018,2
191390501003019,2
191390501003020,2
191390501003021,2
191390501003022,2
191390501003023,2
191390501003024,2
191390501003025,2
191390501003026,2
191390501003027,2
191390501003028,2
191390501003029,2
191390501003030,2
191390501003031,2
191390501003032,2
191390501003033,2
191390501003034,2
191390501003035,2
191390501003038,2
191390501003039,2
191390501003040,2
191390501004030,2
191390501004031,2
191390501004055,2
191390501004056,2
191390501004057,2
191390502002080,2
191390502002081,2
191390502002082,2
191390502002083,2
191390502002086,2
191390502002087,2
191390502002091,2
191390507001006,2
191390507001007,2
191390507001020,2
191390507001021,2
191390507001043,2
191390507002000,2
191390507002035,2
191390507003000,2
191390507003002,2
191390507003003,2
191390507003018,2
191390507004000,2
191390507004002,2
191390507004034,2
191390501002000,2
191390501002001,2
191390501002002,2
191390501002003,2
191390501002004,2
191390501002005,2
191390501002006,2
191390501002007,2
191390501002008,2
191390501002009,2
191390501002010,2
191390501002011,2
191390501002012,2
191390501002013,2
191390501002014,2
191390501002015,2
191390501002016,2
191390501002018,2
191390501002019,2
191390501002020,2
191390501002021,2
191390501002022,2
191390501002023,2
191390501002024,2
191390501002025,2
191390501002026,2
191390501002027,2
191390501002028,2
191390501002029,2
191390501002030,2
191390501002031,2
191390501002032,2
191390501002033,2
191390501002034,2
191390501002035,2
191390501002036,2
191390501002037,2
191390501002038,2
191390501002039,2
191390501002040,2
191390501002041,2
191390501002042,2
191390501002043,2
191390501002044,2
191390501002045,2
191390501002046,2
191390501002047,2
191390501002048,2
191390501002049,2
191390501002050,2
191390501002051,2
191390501002052,2
191390501002053,2
191390501002054,2
191390501002055,2
191390501002056,2
191390501002057,2
191390501002058,2
191390501002059,2
191390501002060,2
191390501002061,2
191390501002062,2
191390501002063,2
191390501002064,2
191390501002065,2
191390501002066,2
191390501002067,2
191390501002068,2
191390501002069,2
191390501002070,2
191390501002071,2
191390501002072,2
191390501002073,2
191390501002074,2
191390501002075,2
191390501002076,2
191390501002077,2
191390501002078,2
191390501002079,2
191390501002080,2
191390501002081,2
191390501002082,2
191390501002083,2
191390501002084,2
191390501002085,2
191390501002086,2
191390501002090,2
191390501002091,2
191390501002092,2
191390501002093,2
191390501002094,2
191390501002095,2
191390501002096,2
191390501002097,2
191390501002098,2
191390501002099,2
191390501002100,2
191390501002101,2
191390501002102,2
191390501002103,2
191390501002107,2
191390501002108,2
191390501002109,2
191390501004001,2
191390501004011,2
191390501004012,2
191390501004013,2
191390501004021,2
191390501004022,2
191390501002017,2
191390501002087,2
191390501002088,2
191390501002089,2
191390501002104,2
191390501002105,2
191390501002106,2
191390501004000,2
191390501004002,2
191390501004003,2
191390501004004,2
191390501004005,2
191390501004006,2
191390501004007,2
191390501004008,2
191390501004009,2
191390501004010,2
191390501004014,2
191390501004015,2
191390501004016,2
191390501004017,2
191390501004018,2
191390501004019,2
191390501004020,2
191390501004023,2
191390501004024,2
191390501004025,2
191390501004026,2
191390501004027,2
191390501004028,2
191390501004029,2
191390501004032,2
191390501004033,2
191390501004034,2
191390501004035,2
191390501004036,2
191390501004037,2
191390501004038,2
191390501004039,2
191390501004040,2
191390501004041,2
191390501004042,2
191390501004043,2
191390501004044,2
191390501004045,2
191390501004046,2
191390501004047,2
191390501004048,2
191390501004049,2
191390501004050,2
191390501004051,2
191390501004052,2
191390501004053,2
191390501004054,2
191390501003036,2
191390501003037,2
191390506001013,2
191390506001014,2
191390506001016,2
191390506001017,2
191390506001018,2
191390506002000,2
191390506002001,2
191390507001000,2
191390507001001,2
191390507001002,2
191390507001003,2
191390507001004,2
191390507001005,2
191390507001008,2
191390507001009,2
191390507001010,2
191390507001011,2
191390507001012,2
191390507001013,2
191390507001014,2
191390507001015,2
191390507001016,2
191390507001017,2
191390507001018,2
191390507001019,2
191390507001022,2
191390507001023,2
191390507001024,2
191390507001025,2
191390507001026,2
191390507001027,2
191390507001028,2
191390507001030,2
191390507001032,2
191390507001033,2
191390507001034,2
191390507001035,2
191390507001036,2
191390507001037,2
191390507001038,2
191390507001039,2
191390507001040,2
191390507001041,2
191390507001042,2
191390507002007,2
191390507002011,2
191390507002012,2
191390507002013,2
191390507002014,2
191390507002015,2
191390507002016,2
191390507002017,2
191390507002018,2
191390507002019,2
191390507002020,2
191390507002021,2
191390507002022,2
191390507002023,2
191390507003001,2
191390507004001,2
191390507004003,2
191390507004004,2
191390507004005,2
191390507004006,2
191390507004007,2
191390507004008,2
191390507004009,2
191390507004010,2
191390507004011,2
191390507004012,2
191390507004013,2
191390507004014,2
191390507004015,2
191390507004016,2
191390507004017,2
191390507004018,2
191390507004019,2
191390507004020,2
191390507004021,2
191390507004022,2
191390507004023,2
191390507004024,2
191390507004025,2
191390507004026,2
191390507004027,2
191390507004028,2
191390507004029,2
191390507004030,2
191390507004031,2
191390507004032,2
191390507004033,2
191390508001000,2
191390508001001,2
191390502001000,2
191390502001001,2
191390502001002,2
191390502001019,2
191390502001020,2
191390502001021,2
191390502001029,2
191390502001030,2
191390502001031,2
191390502001032,2
191390502001033,2
191390502001034,2
191390502001035,2
191390502001036,2
191390502001037,2
191390502001038,2
191390502001039,2
191390502001040,2
191390502001050,2
191390502001051,2
191390502001052,2
191390502001053,2
191390502001054,2
191390502001055,2
191390502001056,2
191390502001057,2
191390502001058,2
191390502001083,2
191390502001084,2
191390502001085,2
191390502001086,2
191390502001087,2
191390502001088,2
191390502001089,2
191390502001090,2
191390502001091,2
191390502001092,2
191390502001093,2
191390502001094,2
191390502001099,2
191390502001100,2
191390502001101,2
191390502001104,2
191390502001105,2
191390502001106,2
191390502001107,2
191390502001108,2
191390502001109,2
191390502001110,2
191390502001111,2
191390502001114,2
191390502002002,2
191390502002003,2
191390502002004,2
191390502002005,2
191390502002006,2
191390502002007,2
191390502002008,2
191390502002009,2
191390502002010,2
191390502002011,2
191390502002012,2
191390502002013,2
191390502002014,2
191390502002015,2
191390502002016,2
191390502002017,2
191390502002018,2
191390502002019,2
191390502002020,2
191390502002021,2
191390502002022,2
191390502002023,2
191390502002024,2
191390502002025,2
191390502002026,2
191390502002027,2
191390502002028,2
191390502002029,2
191390502002030,2
191390502002031,2
191390502002032,2
191390502002033,2
191390502002034,2
191390502002035,2
191390502002036,2
191390502002037,2
191390502002038,2
191390502002039,2
191390502002040,2
191390502002041,2
191390502002042,2
191390502002043,2
191390502002044,2
191390502002045,2
191390502002047,2
191390502002048,2
191390502002049,2
191390502002052,2
191390502002053,2
191390502002054,2
191390502002055,2
191390502002056,2
191390502002057,2
191390502002058,2
191390502002062,2
191390502002068,2
191390502002069,2
191390502002070,2
191390502002076,2
191390502002088,2
191390502002089,2
191390502003044,2
191390502005078,2
191390502005079,2
191390502005080,2
191390502005081,2
191390502001003,2
191390502001004,2
191390502001005,2
191390502001006,2
191390502001007,2
191390502001008,2
191390502001009,2
191390502001010,2
191390502001011,2
191390502001012,2
191390502001013,2
191390502001014,2
191390502001015,2
191390502001016,2
191390502001017,2
191390502001018,2
191390502001022,2
191390502001023,2
191390502001024,2
191390502001025,2
191390502001026,2
191390502001027,2
191390502001028,2
191390502001041,2
191390502001042,2
191390502001043,2
191390502001044,2
191390502001045,2
191390502001046,2
191390502001047,2
191390502001048,2
191390502001049,2
191390502001059,2
191390502001060,2
191390502001061,2
191390502001062,2
191390502001063,2
191390502001064,2
191390502001065,2
191390502001066,2
191390502001067,2
191390502001068,2
191390502001069,2
191390502001070,2
191390502001071,2
191390502001072,2
191390502001073,2
191390502001074,2
191390502001075,2
191390502001076,2
191390502001077,2
191390502001078,2
191390502001079,2
191390502001080,2
191390502001081,2
191390502001082,2
191390502001095,2
191390502001096,2
191390502001097,2
191390502001098,2
191390502001102,2
191390502001103,2
191390502001112,2
191390502001113,2
191390502001115,2
191390502001116,2
191390502005006,2
191390502005007,2
191390502005008,2
191390502005009,2
191390502005010,2
191390502005011,2
191390502005012,2
191390502005013,2
191390502005014,2
191390502005039,2
191390502005047,2
191390502005060,2
191390502005061,2
191390502005091,2
191390503002000,2
191390503002036,2
191390503002037,2
191390503002044,2
191390503005000,2
191390503005001,2
191390503005026,2
191390502002000,2
191390502002001,2
191390502002046,2
191390502003000,2
191390502003001,2
191390502003002,2
191390502003003,2
191390502003004,2
191390502003005,2
191390502003006,2
191390502003007,2
191390502003008,2
191390502003009,2
191390502003010,2
191390502003011,2
191390502003012,2
191390502003013,2
191390502003014,2
191390502003015,2
191390502003016,2
191390502003017,2
191390502003018,2
191390502003019,2
191390502003020,2
191390502003021,2
191390502003022,2
191390502003023,2
191390502003024,2
191390502003025,2
191390502003026,2
191390502003027,2
191390502003028,2
191390502003029,2
191390502003030,2
191390502003031,2
191390502003032,2
191390502003033,2
191390502003034,2
191390502003035,2
191390502003036,2
191390502003037,2
191390502003038,2
191390502003039,2
191390502003040,2
191390502003041,2
191390502003042,2
191390502003043,2
191390502003045,2
191390502003046,2
191390502003047,2
191390502003048,2
191390502004002,2
191390502004003,2
191390502004004,2
191390502004005,2
191390502004006,2
191390502004007,2
191390502004008,2
191390502004009,2
191390502004010,2
191390502004011,2
191390502004012,2
191390502004013,2
191390502004016,2
191390502004017,2
191390502004018,2
191390502004019,2
191390502004020,2
191390502004021,2
191390502004022,2
191390502004023,2
191390502004024,2
191390502004025,2
191390502004026,2
191390502004027,2
191390502004028,2
191390502004029,2
191390502004030,2
191390502004031,2
191390502004032,2
191390502004033,2
191390502004034,2
191390502004035,2
191390502004037,2
191390502004038,2
191390502004039,2
191390502004040,2
191390502004041,2
191390502004042,2
191390502004043,2
191390502004044,2
191390502004045,2
191390502004046,2
191390502004047,2
191390502004048,2
191390502004049,2
191390502004050,2
191390502004051,2
191390502004052,2
191390502004053,2
191390502004054,2
191390502004055,2
191390502004056,2
191390502004057,2
191390502004058,2
191390502004060,2
191390502004061,2
191390502002064,2
191390502002065,2
191390502002066,2
191390502002067,2
191390502002071,2
191390502002072,2
191390502002073,2
191390502002074,2
191390502002075,2
191390502002077,2
191390502002078,2
191390502002079,2
191390502002090,2
191390502005000,2
191390502005001,2
191390502005002,2
191390502005075,2
191390502005076,2
191390502005077,2
191390502005082,2
191390502005088,2
191390502005089,2
191390504001032,2
191390504001033,2
191390505002004,2
191390505002005,2
191390505002010,2
191390506001000,2
191390506001001,2
191390506001002,2
191390506001003,2
191390506001004,2
191390506001005,2
191390506001006,2
191390506001007,2
191390506001008,2
191390506001009,2
191390506001010,2
191390506001015,2
191390507001029,2
191390507001031,2
191390502005003,2
191390502005004,2
191390502005005,2
191390502005016,2
191390502005017,2
191390502005021,2
191390502005022,2
191390502005023,2
191390502005024,2
191390502005030,2
191390502005031,2
191390502005034,2
191390502005036,2
191390502005051,2
191390502005052,2
191390502005053,2
191390502005054,2
191390502005055,2
191390502005056,2
191390502005057,2
191390502005058,2
191390502005059,2
191390502005062,2
191390502005063,2
191390502005064,2
191390502005065,2
191390502005066,2
191390502005067,2
191390502005068,2
191390502005069,2
191390502005070,2
191390502005071,2
191390502005072,2
191390502005073,2
191390502005074,2
191390502005090,2
191390504001000,2
191390504001001,2
191390504001002,2
191390504001003,2
191390504001004,2
191390504001005,2
191390504001006,2
191390504001007,2
191390504001008,2
191390504001009,2
191390504001010,2
191390504001011,2
191390504001012,2
191390504001013,2
191390504001016,2
191390504001017,2
191390504001018,2
191390504001019,2
191390504001161,2
191390504001162,2
191390504001163,2
191390504001164,2
191390504001165,2
191390502005015,2
191390503001000,2
191390503001001,2
191390503001002,2
191390503001003,2
191390503001004,2
191390503001005,2
191390503001006,2
191390503001007,2
191390503001008,2
191390503001009,2
191390503001010,2
191390503001011,2
191390503001012,2
191390503001013,2
191390503001014,2
191390503001015,2
191390503001016,2
191390503001017,2
191390503001018,2
191390503001019,2
191390503001020,2
191390503001021,2
191390503001022,2
191390503001023,2
191390503001024,2
191390503001025,2
191390503001026,2
191390503001027,2
191390503001028,2
191390503001029,2
191390503001030,2
191390503001031,2
191390503001032,2
191390503001033,2
191390503001034,2
191390503001035,2
191390503001036,2
191390503001037,2
191390503001038,2
191390503001039,2
191390503001040,2
191390503001041,2
191390503001042,2
191390503001043,2
191390503001044,2
191390503001045,2
191390503001046,2
191390503001047,2
191390503002001,2
191390503002002,2
191390503002003,2
191390503002004,2
191390503002005,2
191390503002006,2
191390503002007,2
191390503002008,2
191390503002009,2
191390503002010,2
191390503002011,2
191390503002012,2
191390503002013,2
191390503002014,2
191390503002015,2
191390503002016,2
191390503002017,2
191390503002018,2
191390503002019,2
191390503002020,2
191390503002021,2
191390503002022,2
191390503002023,2
191390503002024,2
191390503002025,2
191390503002026,2
191390503002027,2
191390503002028,2
191390503002029,2
191390503002030,2
191390503002031,2
191390503002032,2
191390503002033,2
191390503002034,2
191390503002035,2
191390503002038,2
191390503002039,2
191390503002040,2
191390503002041,2
191390503002042,2
191390503002043,2
191390503002045,2
191390503002046,2
191390503002047,2
191390503002048,2
191390503002049,2
191390503002050,2
191390503004000,2
191390503004001,2
191390503004002,2
191390503004003,2
191390503004004,2
191390503004005,2
191390503004006,2
191390503004007,2
191390503004008,2
191390503004009,2
191390503004010,2
191390503004011,2
191390503004012,2
191390503004013,2
191390503004014,2
191390503004015,2
191390503004016,2
191390503004017,2
191390503004018,2
191390503004019,2
191390503004020,2
191390503004021,2
191390503004022,2
191390503004023,2
191390503004024,2
191390503004025,2
191390503004026,2
191390503004027,2
191390503004028,2
191390503004029,2
191390503004030,2
191390503004031,2
191390503004032,2
191390503005002,2
191390503005003,2
191390503005004,2
191390503005005,2
191390503005006,2
191390503005007,2
191390503005008,2
191390503005009,2
191390503005010,2
191390503005011,2
191390503005012,2
191390503005013,2
191390503005014,2
191390503005015,2
191390503005016,2
191390503005017,2
191390503005018,2
191390503005019,2
191390503005020,2
191390503005021,2
191390503005022,2
191390503005023,2
191390503005024,2
191390503005025,2
191390503005027,2
191390503005028,2
191390503005029,2
191390503005030,2
191390503005031,2
191390503005032,2
191390503005033,2
191390503005034,2
191390503005035,2
191390503005036,2
191390503005037,2
191390503005038,2
191390503005039,2
191390503005040,2
191390503005041,2
191390503005042,2
191390502005018,2
191390502005019,2
191390502005020,2
191390502005025,2
191390502005026,2
191390502005027,2
191390502005028,2
191390502005029,2
191390502005032,2
191390502005033,2
191390502005035,2
191390502005037,2
191390502005038,2
191390502005040,2
191390502005041,2
191390502005042,2
191390502005043,2
191390502005044,2
191390502005045,2
191390502005046,2
191390502005048,2
191390502005049,2
191390502005050,2
191390503003000,2
191390503003001,2
191390503003002,2
191390503003003,2
191390503003004,2
191390503003005,2
191390503003006,2
191390503003007,2
191390503003008,2
191390503003009,2
191390503003010,2
191390503003011,2
191390503003012,2
191390503003013,2
191390503003014,2
191390503003015,2
191390503003016,2
191390503003017,2
191390503003018,2
191390503003019,2
191390503003020,2
191390503003021,2
191390503003022,2
191390503003023,2
191390503003024,2
191390503003025,2
191390503003026,2
191390503003027,2
191390503003028,2
191390503003029,2
191390503003030,2
191390503003031,2
191390503003032,2
191390503003033,2
191390503003034,2
191390503003035,2
191390503003036,2
191390503003037,2
191390503003038,2
191390503003039,2
191390503003040,2
191390503003041,2
191390503003042,2
191390503003043,2
191390503003044,2
191390503003045,2
191390503003046,2
191390503003047,2
191390503003048,2
191390503003049,2
191390503003050,2
191390503003051,2
191390503003052,2
191390503003053,2
191390503003054,2
191390503003055,2
191390503003056,2
191390503003057,2
191390503003064,2
191390503003065,2
191390503003066,2
191390503003067,2
191390503003068,2
191390503003069,2
191390503003070,2
191390503003071,2
191390503003072,2
191390503003074,2
191390503003081,2
191390503003082,2
191390503003083,2
191390503003084,2
191390503003085,2
191390503003086,2
191390503003090,2
191390502005083,2
191390502005084,2
191390502005085,2
191390502005086,2
191390502005087,2
191390505002000,2
191390505002002,2
191390505002003,2
191390505002011,2
191390505002012,2
191390505002016,2
191390506001021,2
191390506001022,2
191390506001023,2
191390506001024,2
191390506001025,2
191390506001026,2
191390506001027,2
191390506001028,2
191390506001029,2
191390506003000,2
191390506003001,2
191390506003002,2
191390506003003,2
191390506003004,2
191390506003005,2
191390506003006,2
191390508001007,2
191390508001008,2
191390503003058,2
191390503003059,2
191390503003060,2
191390503003061,2
191390503003062,2
191390503003063,2
191390503003073,2
191390503003075,2
191390503003076,2
191390503003077,2
191390503003078,2
191390503003079,2
191390503003080,2
191390503003087,2
191390503003088,2
191390503003089,2
191390504001066,2
191390504001067,2
191390504001071,2
191390504001073,2
191390504001074,2
191390504001075,2
191390504001076,2
191390504001077,2
191390504001078,2
191390504001079,2
191390504001080,2
191390504001131,2
191390504001132,2
191390504001133,2
191390504001134,2
191390504001135,2
191390504001136,2
191390504001137,2
191390504001138,2
191390504001139,2
191390504001140,2
191390504001141,2
191390504001142,2
191390504001143,2
191390504001144,2
191390504001145,2
191390504001146,2
191390504001147,2
191390504001148,2
191390504001149,2
191390504001150,2
191390504001151,2
191390504001152,2
191390504001153,2
191390504001154,2
191390504001155,2
191390504001156,2
191390504001157,2
191390504001158,2
191390504001014,2
191390504001015,2
191390504001022,2
191390504001023,2
191390504001024,2
191390504001025,2
191390504001048,2
191390504001049,2
191390504001050,2
191390504001051,2
191390504001052,2
191390504001053,2
191390504001086,2
191390504001087,2
191390504001088,2
191390504001094,2
191390504001095,2
191390504001096,2
191390504001097,2
191390504001098,2
191390504001101,2
191390504001102,2
191390504001103,2
191390504001104,2
191390504001105,2
191390504001106,2
191390504001107,2
191390504001108,2
191390504001109,2
191390504001110,2
191390504001111,2
191390504001112,2
191390504001113,2
191390504001114,2
191390504001117,2
191390504001121,2
191390504001122,2
191390504001123,2
191390504001124,2
191390504001125,2
191390504001128,2
191390504001129,2
191390504001159,2
191390504001020,2
191390504001021,2
191390504001026,2
191390504001027,2
191390504001028,2
191390504001029,2
191390504001030,2
191390504001031,2
191390504001034,2
191390504001035,2
191390504001036,2
191390504001037,2
191390504001038,2
191390504001047,2
191390504001118,2
191390504001160,2
191390504002005,2
191390504002006,2
191390504002007,2
191390504002019,2
191390504002020,2
191390504002067,2
191390504001039,2
191390504001040,2
191390504001041,2
191390504001042,2
191390504001043,2
191390504001044,2
191390504001045,2
191390504001046,2
191390504001167,2
191390505002017,2
191390505003012,2
191390505003013,2
191390505003014,2
191390505003015,2
191390505003016,2
191390505003017,2
191390509002050,2
191390509002051,2
191390510001004,2
191390510001005,2
191390510001007,2
191390510001009,2
191390510001010,2
191390510001011,2
191390510001012,2
191390510001013,2
191390510001014,2
191390510001015,2
191390510001016,2
191390510001017,2
191390510001018,2
191390510001019,2
191390510001020,2
191390510001021,2
191390510001022,2
191390510001023,2
191390510001024,2
191390510001025,2
191390510001026,2
191390510001027,2
191390510001028,2
191390510001029,2
191390510001030,2
191390510001032,2
191390510001033,2
191390510001034,2
191390510001035,2
191390510001036,2
191390510001037,2
191390510002017,2
191390504001054,2
191390504001055,2
191390504001056,2
191390504001057,2
191390504001058,2
191390504001059,2
191390504001060,2
191390504001061,2
191390504001062,2
191390504001063,2
191390504001064,2
191390504001065,2
191390504001068,2
191390504001069,2
191390504001070,2
191390504001072,2
191390504001081,2
191390504001082,2
191390504001083,2
191390504001084,2
191390504001085,2
191390504001089,2
191390504001090,2
191390504001091,2
191390504001092,2
191390504001093,2
191390504001099,2
191390504001100,2
191390504001119,2
191390504001120,2
191390504001126,2
191390504001127,2
191390504001130,2
191390504001166,2
191390504001115,2
191390504001116,2
191390504002000,2
191390504002001,2
191390504002002,2
191390504002003,2
191390504002004,2
191390504002008,2
191390504002009,2
191390504002010,2
191390504002011,2
191390504002012,2
191390504002013,2
191390504002014,2
191390504002015,2
191390504002016,2
191390504002017,2
191390504002018,2
191390504002021,2
191390504002022,2
191390504002023,2
191390504002024,2
191390504002025,2
191390504002026,2
191390504002027,2
191390504002028,2
191390504002031,2
191390504002032,2
191390504002033,2
191390504002034,2
191390504002035,2
191390504002038,2
191390504002039,2
191390504002040,2
191390504002041,2
191390504002042,2
191390504002043,2
191390504002044,2
191390504002045,2
191390504002046,2
191390504002047,2
191390504002048,2
191390504002056,2
191390504002070,2
191390504003000,2
191390504003001,2
191390504003002,2
191390504003003,2
191390504003004,2
191390504003008,2
191390510001000,2
191390510001001,2
191390510001002,2
191390510001003,2
191390510001006,2
191390510001008,2
191390510001031,2
191390510001038,2
191390510002000,2
191390510002001,2
191390510002002,2
191390510002003,2
191390510002004,2
191390510002005,2
191390510002006,2
191390510002007,2
191390510002008,2
191390510002009,2
191390510002010,2
191390510002011,2
191390510002012,2
191390510002013,2
191390510002014,2
191390510002015,2
191390510002016,2
191390510002018,2
191390510002019,2
191390510002020,2
191390510002021,2
191390510002022,2
191390510002023,2
191390510002024,2
191390510002025,2
191390510002026,2
191390510002027,2
191390510002028,2
191390510002029,2
191390510002030,2
191390510002031,2
191390510002032,2
191390510002033,2
191390510002034,2
191390510002035,2
191390510002036,2
191390510002037,2
191390510002038,2
191390510002039,2
191390510002040,2
191390510002041,2
191390510002042,2
191390510002043,2
191390510002044,2
191390510002045,2
191390510002046,2
191390510002047,2
191390510002048,2
191390510002049,2
191390510002050,2
191390510002051,2
191390510002052,2
191390510002053,2
191390510002054,2
191390510002055,2
191390504002029,2
191390504002030,2
191390504002036,2
191390504002037,2
191390504002049,2
191390504002050,2
191390504002051,2
191390504002052,2
191390504002053,2
191390504002054,2
191390504002055,2
191390504002057,2
191390504002058,2
191390504002059,2
191390504002060,2
191390504002061,2
191390504002062,2
191390504002063,2
191390504002064,2
191390504002065,2
191390504002066,2
191390504002068,2
191390504002069,2
191390504003005,2
191390504003006,2
191390504003007,2
191390504003009,2
191390504003010,2
191390504003011,2
191390504003012,2
191390504003013,2
191390504003014,2
191390504003015,2
191390504003016,2
191390504003017,2
191390504003018,2
191390504003019,2
191390504003020,2
191390504003021,2
191390504003022,2
191390504003023,2
191390504003024,2
191390504003025,2
191390504003026,2
191390504003027,2
191390504003028,2
191390504003029,2
191390504003030,2
191390504003031,2
191390504003032,2
191390504003033,2
191390504003034,2
191390504003035,2
191390504003036,2
191390504003037,2
191390504003038,2
191390504003039,2
191390505001000,2
191390505001001,2
191390505001002,2
191390505001003,2
191390505001004,2
191390505001005,2
191390505001006,2
191390505001007,2
191390505001008,2
191390505001009,2
191390505001010,2
191390505001011,2
191390505001012,2
191390505001013,2
191390505001014,2
191390505001015,2
191390505001016,2
191390505003000,2
191390505003001,2
191390505003003,2
191390505003004,2
191390505003005,2
191390505003006,2
191390505003011,2
191390508001014,2
191390508001015,2
191390508003020,2
191390508003021,2
191390508003028,2
191390508003029,2
191390509001013,2
191390509001014,2
191390509001015,2
191390509001019,2
191390509001020,2
191390509001021,2
191390509001022,2
191390509001023,2
191390509003000,2
191390509003001,2
191390509003002,2
191390509003003,2
191390509003004,2
191390509003006,2
191390509003007,2
191390509003008,2
191390509003009,2
191390505002001,2
191390505002006,2
191390505002007,2
191390505002008,2
191390505002009,2
191390505002013,2
191390505002014,2
191390505002015,2
191390505002018,2
191390505002019,2
191390505002020,2
191390505003002,2
191390505003007,2
191390505003008,2
191390505003009,2
191390505003010,2
191390506001011,2
191390506001012,2
191390506001019,2
191390506001020,2
191390506002002,2
191390506002003,2
191390506002004,2
191390506002005,2
191390506002006,2
191390506002007,2
191390506002008,2
191390506002009,2
191390506002010,2
191390506002011,2
191390506002012,2
191390506002013,2
191390506002014,2
191390506002015,2
191390506002016,2
191390506002017,2
191390506002018,2
191390506002019,2
191390506002020,2
191390506002021,2
191390508001002,2
191390508001003,2
191390508001004,2
191390508002004,2
191390507002001,2
191390507002002,2
191390507002003,2
191390507002004,2
191390507002005,2
191390507002006,2
191390507002008,2
191390507002009,2
191390507002010,2
191390507002024,2
191390507002025,2
191390507002026,2
191390507002027,2
191390507002028,2
191390507002029,2
191390507002030,2
191390507002031,2
191390507002032,2
191390507002033,2
191390507002034,2
191390507003004,2
191390507003005,2
191390507003006,2
191390507003007,2
191390507003008,2
191390507003009,2
191390507003010,2
191390507003011,2
191390507003012,2
191390507003013,2
191390507003014,2
191390507003015,2
191390507003016,2
191390507003017,2
191390507003019,2
191390507003020,2
191390507003021,2
191390507003022,2
191390507003023,2
191390507003024,2
191390507003025,2
191390507003026,2
191390507003027,2
191390507003028,2
191390507003029,2
191390507003030,2
191390507003031,2
191390507003032,2
191390507003033,2
191390507003034,2
191390508001005,2
191390508001006,2
191390508001009,2
191390508001010,2
191390508001011,2
191390508001012,2
191390508001013,2
191390508002000,2
191390508002001,2
191390508002002,2
191390508002003,2
191390508002005,2
191390508002006,2
191390508002007,2
191390508002008,2
191390508002009,2
191390508002010,2
191390508002011,2
191390508002012,2
191390508002013,2
191390508002014,2
191390508002015,2
191390508002016,2
191390508002017,2
191390508003000,2
191390508003001,2
191390508003002,2
191390508003003,2
191390508003004,2
191390508003005,2
191390508003006,2
191390508003007,2
191390508003008,2
191390508003009,2
191390508003010,2
191390508003011,2
191390508003012,2
191390508003013,2
191390508003014,2
191390508003015,2
191390508003016,2
191390508003017,2
191390508003018,2
191390508003019,2
191390508003025,2
191390508003026,2
191390509001000,2
191390509001001,2
191390509001002,2
191390509001003,2
191390509001004,2
191390509001005,2
191390509001006,2
191390509002000,2
191390509002003,2
191390509002004,2
191390509002005,2
191390509002006,2
191390509002007,2
191390509002041,2
191390508003022,2
191390508003023,2
191390508003024,2
191390508003027,2
191390508003030,2
191390508003031,2
191390508003032,2
191390508003033,2
191390509001007,2
191390509001008,2
191390509001009,2
191390509001010,2
191390509001011,2
191390509001012,2
191390509001016,2
191390509001017,2
191390509001018,2
191390509001024,2
191390509001025,2
191390509001026,2
191390509001027,2
191390509001028,2
191390509001029,2
191390509001030,2
191390509002001,2
191390509002002,2
191390509002008,2
191390509002009,2
191390509002010,2
191390509002011,2
191390509002012,2
191390509002013,2
191390509002014,2
191390509002015,2
191390509002016,2
191390509002017,2
191390509002018,2
191390509002019,2
191390509002020,2
191390509002021,2
191390509002022,2
191390509002023,2
191390509002024,2
191390509002025,2
191390509002026,2
191390509002027,2
191390509002028,2
191390509002029,2
191390509002030,2
191390509002031,2
191390509002032,2
191390509002033,2
191390509002034,2
191390509002035,2
191390509002036,2
191390509002037,2
191390509002038,2
191390509002039,2
191390509002040,2
191390509002042,2
191390509002043,2
191390509002044,2
191390509002045,2
191390509002046,2
191390509002047,2
191390509002048,2
191390509002049,2
191390509003005,2
191390509003010,2
191390509003011,2
191390509003012,2
191390509003013,2
191390509003014,2
191390509003015,2
191390509003016,2
191390509003017,2
191390509003018,2
191390509003019,2
191414901001000,4
191414901001001,4
191414901001033,4
191414901001034,4
191414901002000,4
191414901002001,4
191414901002002,4
191414901002003,4
191414901002004,4
191414901002009,4
191414901002012,4
191414901003000,4
191414901003001,4
191414901003002,4
191414901003003,4
191414901003004,4
191414901003005,4
191414901003006,4
191414901003038,4
191414901003039,4
191414901003040,4
191414901003041,4
191414901003042,4
191414901003043,4
191414901003044,4
191414901003045,4
191414901003046,4
191414901003047,4
191414901003048,4
191414901003049,4
191414901003050,4
191414901003051,4
191414901003052,4
191414901003053,4
191414901003054,4
191414901003055,4
191414901003056,4
191414901003057,4
191414901003058,4
191414901003059,4
191414901003060,4
191414901003076,4
191414901003077,4
191414901003078,4
191414901001002,4
191414901001003,4
191414901001004,4
191414901001005,4
191414901001006,4
191414901001007,4
191414901001008,4
191414901001009,4
191414901001010,4
191414901001011,4
191414901001012,4
191414901001013,4
191414901001014,4
191414901001015,4
191414901001016,4
191414901001017,4
191414901001018,4
191414901001019,4
191414901001020,4
191414901001021,4
191414901001022,4
191414901001023,4
191414901001024,4
191414901001025,4
191414901001026,4
191414901001027,4
191414901001028,4
191414901001029,4
191414901001030,4
191414901001031,4
191414901001032,4
191414901001035,4
191414901001036,4
191414901001037,4
191414901001038,4
191414901001039,4
191414901001040,4
191414901001041,4
191414901001042,4
191414901001043,4
191414901001044,4
191414901001045,4
191414901001046,4
191414901001047,4
191414901001048,4
191414901001049,4
191414901001050,4
191414901001051,4
191414901001052,4
191414901001055,4
191414901002010,4
191414901002011,4
191414901002013,4
191414901002014,4
191414901002015,4
191414901002016,4
191414901002017,4
191414901002018,4
191414901002019,4
191414901002020,4
191414901002021,4
191414901002022,4
191414901002023,4
191414901002024,4
191414901002025,4
191414901002026,4
191414901002027,4
191414901002028,4
191414901002029,4
191414901002030,4
191414901002031,4
191414901002032,4
191414901002033,4
191414901002034,4
191414901002035,4
191414901002036,4
191414901002037,4
191414901002038,4
191414901002039,4
191414901002040,4
191414901002041,4
191414901002042,4
191414901002043,4
191414901002044,4
191414901002045,4
191414901002046,4
191414901002047,4
191414901002048,4
191414901002049,4
191414901002050,4
191414901002051,4
191414901002052,4
191414901002053,4
191414901002058,4
191414901001053,4
191414901001054,4
191414901002055,4
191414901002056,4
191414901002057,4
191414901003079,4
191414901003080,4
191414901003081,4
191414901003082,4
191414901003083,4
191414901003084,4
191414901003085,4
191414901003086,4
191414901003120,4
191414901003121,4
191414901003122,4
191414901003123,4
191414901003124,4
191414901003125,4
191414901003126,4
191414901003127,4
191414901003128,4
191414901003129,4
191414901003130,4
191414901003131,4
191414901003132,4
191414901003133,4
191414901003134,4
191414901003135,4
191414901003136,4
191414901003137,4
191414901003138,4
191414901003139,4
191414901003140,4
191414901003141,4
191414901003142,4
191414901003143,4
191414901003144,4
191414901003145,4
191414901003146,4
191414901003147,4
191414901003148,4
191414901003149,4
191414901003150,4
191414901003151,4
191414901003152,4
191414901003153,4
191414901003154,4
191414901003155,4
191414901003156,4
191414901003157,4
191414901003216,4
191414901003217,4
191414901003218,4
191414901003219,4
191414901003220,4
191414901003223,4
191414901003225,4
191414901003226,4
191414901003227,4
191414901003228,4
191414901003229,4
191414901003230,4
191414901003231,4
191414901003234,4
191414901003237,4
191414901003329,4
191414901003330,4
191414901003331,4
191414901003332,4
191414901002005,4
191414901002006,4
191414901002007,4
191414901002008,4
191414901003007,4
191414901003008,4
191414901003009,4
191414901003010,4
191414901003011,4
191414901003012,4
191414901003013,4
191414901003014,4
191414901003017,4
191414901003018,4
191414901003019,4
191414901003020,4
191414901003021,4
191414901003022,4
191414901003023,4
191414901003024,4
191414901003025,4
191414901003026,4
191414901003028,4
191414901003029,4
191414901003030,4
191414901003031,4
191414901003032,4
191414901003033,4
191414901003034,4
191414901003035,4
191414901003036,4
191414901003037,4
191414901003061,4
191414901003062,4
191414901003063,4
191414901003064,4
191414901003065,4
191414901003066,4
191414901003067,4
191414901003068,4
191414901003069,4
191414901003070,4
191414901003071,4
191414901003072,4
191414901003073,4
191414901003074,4
191414901003075,4
191414901003087,4
191414901003088,4
191414901003089,4
191414901003090,4
191414901003091,4
191414901003092,4
191414901003093,4
191414901003094,4
191414901003095,4
191414901003096,4
191414901003097,4
191414901003098,4
191414901003109,4
191414901003110,4
191414901003111,4
191414901003172,4
191414901002054,4
191414901003099,4
191414901003100,4
191414901003101,4
191414901003102,4
191414901003103,4
191414901003104,4
191414901003105,4
191414901003106,4
191414901003107,4
191414901003108,4
191414901003112,4
191414901003113,4
191414901003114,4
191414901003115,4
191414901003116,4
191414901003117,4
191414901003118,4
191414901003119,4
191414901003158,4
191414901003159,4
191414901003160,4
191414901003161,4
191414901003162,4
191414901003163,4
191414901003164,4
191414901003165,4
191414901003166,4
191414901003167,4
191414901003168,4
191414901003169,4
191414901003170,4
191414901003171,4
191414901003173,4
191414901003174,4
191414901003175,4
191414901003176,4
191414901003177,4
191414901003178,4
191414901003179,4
191414901003180,4
191414901003181,4
191414901003182,4
191414901003183,4
191414901003184,4
191414901003185,4
191414901003186,4
191414901003187,4
191414901003188,4
191414901003189,4
191414901003190,4
191414901003192,4
191414901003193,4
191414901003194,4
191414901003195,4
191414901003197,4
191414901003198,4
191414901003336,4
191414902005000,4
191414901003015,4
191414901003016,4
191414901003027,4
191414902002000,4
191414902002001,4
191414902002002,4
191414902002003,4
191414902002004,4
191414902002005,4
191414902002006,4
191414902002029,4
191414902002030,4
191414902002031,4
191414902002032,4
191414902002033,4
191414902002034,4
191414902002035,4
191414902002036,4
191414902002039,4
191414902002040,4
191414902002041,4
191414902002042,4
191414902002043,4
191414902002044,4
191414902002052,4
191414902002053,4
191414902002054,4
191414902002055,4
191414902002056,4
191414902002057,4
191414902002058,4
191414902002059,4
191414902002060,4
191414902002061,4
191414902002062,4
191414902002063,4
191414902002064,4
191414902002065,4
191414902002066,4
191414902002067,4
191414902002079,4
191414902002080,4
191414902002081,4
191414902002082,4
191414902002083,4
191414902002114,4
191414902002115,4
191414902003000,4
191414902003004,4
191414902003048,4
191414902003055,4
191414902003065,4
191414902004000,4
191414902004001,4
191414902004002,4
191414902004003,4
191414902004004,4
191414902004005,4
191414902004006,4
191414901003191,4
191414901003196,4
191414901003199,4
191414901003200,4
191414901003201,4
191414901003202,4
191414901003203,4
191414901003204,4
191414901003205,4
191414901003206,4
191414901003207,4
191414901003208,4
191414901003209,4
191414901003210,4
191414901003211,4
191414901003212,4
191414901003213,4
191414901003280,4
191414901003281,4
191414901003282,4
191414901003283,4
191414901003284,4
191414901003285,4
191414901003286,4
191414901003287,4
191414901003288,4
191414901003289,4
191414901003290,4
191414901003291,4
191414901003292,4
191414901003293,4
191414901003294,4
191414901003295,4
191414901003296,4
191414901003297,4
191414901003298,4
191414901003299,4
191414901003300,4
191414901003301,4
191414901003302,4
191414901003303,4
191414901003304,4
191414901003305,4
191414901003306,4
191414901003307,4
191414901003308,4
191414901003309,4
191414901003310,4
191414901003311,4
191414901003312,4
191414901003313,4
191414901003314,4
191414901003315,4
191414901003316,4
191414901003317,4
191414901003318,4
191414901003319,4
191414901003322,4
191414902005089,4
191414901003214,4
191414901003215,4
191414901003221,4
191414901003222,4
191414901003224,4
191414901003232,4
191414901003233,4
191414901003235,4
191414901003236,4
191414901003238,4
191414901003239,4
191414901003240,4
191414901003241,4
191414901003242,4
191414901003243,4
191414901003244,4
191414901003245,4
191414901003246,4
191414901003247,4
191414901003248,4
191414901003249,4
191414901003250,4
191414901003251,4
191414901003252,4
191414901003253,4
191414901003254,4
191414901003255,4
191414901003256,4
191414901003257,4
191414901003258,4
191414901003259,4
191414901003260,4
191414901003261,4
191414901003262,4
191414901003263,4
191414901003264,4
191414901003265,4
191414901003266,4
191414901003267,4
191414901003268,4
191414901003269,4
191414901003270,4
191414901003271,4
191414901003272,4
191414901003273,4
191414901003274,4
191414901003275,4
191414901003276,4
191414901003277,4
191414901003278,4
191414901003279,4
191414901003320,4
191414901003321,4
191414901003323,4
191414901003324,4
191414901003327,4
191414901003328,4
191414901003333,4
191414901003334,4
191414901003335,4
191414904001006,4
191414901003325,4
191414901003326,4
191414904001000,4
191414904001001,4
191414904001002,4
191414904001003,4
191414904001004,4
191414904001005,4
191414904001007,4
191414904001008,4
191414904001009,4
191414904001010,4
191414904001011,4
191414904001012,4
191414904001013,4
191414904001015,4
191414904001016,4
191414904001017,4
191414904001018,4
191414904001019,4
191414904001022,4
191414904001023,4
191414904001025,4
191414904001026,4
191414904001192,4
191414904001193,4
191414904001195,4
191414904001196,4
191414904001197,4
191414904001198,4
191414904001199,4
191414904001200,4
191414904001201,4
191414904001202,4
191414904001203,4
191414904001204,4
191414904001205,4
191414904001206,4
191414904001207,4
191414904001209,4
191414904001210,4
191414904001211,4
191414904001212,4
191414904002000,4
191414904002044,4
191414902001000,4
191414902001001,4
191414902001002,4
191414902001003,4
191414902001004,4
191414902001005,4
191414902001006,4
191414902001007,4
191414902001008,4
191414902001009,4
191414902001045,4
191414902001046,4
191414902001047,4
191414902001064,4
191414902001065,4
191414902001066,4
191414902001067,4
191414902001068,4
191414902001069,4
191414902001070,4
191414902001071,4
191414902001072,4
191414902001073,4
191414902001074,4
191414902001075,4
191414902001076,4
191414902001077,4
191414902001078,4
191414902001079,4
191414902001084,4
191414902001085,4
191414902001086,4
191414902002111,4
191414902002112,4
191414902002113,4
191414902002116,4
191414902002127,4
191414902002128,4
191414902002129,4
191414902002130,4
191414902002133,4
191414902002134,4
191414902002136,4
191414902002137,4
191414902002138,4
191414902002139,4
191414902002140,4
191414902002141,4
191414902002142,4
191414902002143,4
191414902002144,4
191414902002145,4
191414902002151,4
191414902003056,4
191414902003057,4
191414902003072,4
191414902005001,4
191414902005002,4
191414902001010,4
191414902001015,4
191414902001016,4
191414902001017,4
191414902001018,4
191414902001019,4
191414902001020,4
191414902001021,4
191414902001022,4
191414902001023,4
191414902001030,4
191414902001031,4
191414902001032,4
191414902001033,4
191414902001034,4
191414902001035,4
191414902001043,4
191414902001044,4
191414902001182,4
191414902002084,4
191414902002085,4
191414902002100,4
191414902002101,4
191414902002102,4
191414902002103,4
191414902002107,4
191414902002108,4
191414902002109,4
191414902002117,4
191414902002118,4
191414902002119,4
191414902002120,4
191414902002121,4
191414902002122,4
191414902002123,4
191414902002124,4
191414902002125,4
191414902002126,4
191414902002135,4
191414902002146,4
191414902002150,4
191414903001036,4
191414903001038,4
191414903001039,4
191414903002057,4
191414903002058,4
191414903002061,4
191414903002062,4
191414903002063,4
191414902001011,4
191414902001012,4
191414902001013,4
191414902001014,4
191414902001024,4
191414902001025,4
191414902001026,4
191414902001027,4
191414902001028,4
191414902001029,4
191414902001048,4
191414902001049,4
191414902001050,4
191414902001051,4
191414902001052,4
191414902001053,4
191414902001054,4
191414902001036,4
191414902001037,4
191414902001038,4
191414902001039,4
191414902001040,4
191414902001041,4
191414902001042,4
191414902001055,4
191414902001056,4
191414902001057,4
191414902001058,4
191414902001059,4
191414902001060,4
191414902001061,4
191414902001122,4
191414902001123,4
191414902001124,4
191414902001125,4
191414902001126,4
191414902001127,4
191414902001128,4
191414902001129,4
191414902001130,4
191414902001131,4
191414902001132,4
191414902001133,4
191414902001134,4
191414902001135,4
191414902001136,4
191414902001137,4
191414902001138,4
191414902001139,4
191414902001140,4
191414902001141,4
191414902001142,4
191414902001143,4
191414902001144,4
191414902001145,4
191414902001146,4
191414902001147,4
191414902001148,4
191414902001149,4
191414902001150,4
191414902001151,4
191414902001156,4
191414902001157,4
191414902001158,4
191414902001174,4
191414902001175,4
191414902001062,4
191414902001063,4
191414902001080,4
191414902001081,4
191414902001082,4
191414902001083,4
191414902001087,4
191414902001088,4
191414902001089,4
191414902001090,4
191414902001091,4
191414902001092,4
191414902001093,4
191414902001094,4
191414902001095,4
191414902001096,4
191414902001097,4
191414902001098,4
191414902001099,4
191414902001100,4
191414902001101,4
191414902001102,4
191414902001103,4
191414902001104,4
191414902001105,4
191414902001106,4
191414902001107,4
191414902001108,4
191414902001109,4
191414902001110,4
191414902001111,4
191414902001112,4
191414902001113,4
191414902001114,4
191414902001115,4
191414902001116,4
191414902001117,4
191414902001118,4
191414902001119,4
191414902001120,4
191414902001121,4
191414902001152,4
191414902001153,4
191414902001154,4
191414902001155,4
191414902001159,4
191414902001160,4
191414902001161,4
191414902001162,4
191414902001163,4
191414902001164,4
191414902001165,4
191414902001166,4
191414902001176,4
191414902001177,4
191414902001178,4
191414902001179,4
191414902001180,4
191414902001181,4
191414902001183,4
191414902001184,4
191414902005006,4
191414904003000,4
191414904003001,4
191414904003002,4
191414904003006,4
191414904003007,4
191414902001167,4
191414902001185,4
191414902001186,4
191414904001038,4
191414904001039,4
191414904001041,4
191414904001057,4
191414904001058,4
191414904001059,4
191414904001060,4
191414904001061,4
191414904001062,4
191414904001063,4
191414904001064,4
191414904001065,4
191414904001066,4
191414904001100,4
191414904001101,4
191414904001112,4
191414904001113,4
191414904001114,4
191414904001115,4
191414904001116,4
191414904001117,4
191414904001118,4
191414904001121,4
191414904001122,4
191414904001123,4
191414904001124,4
191414904001125,4
191414904001126,4
191414904001127,4
191414904001128,4
191414904001129,4
191414904001130,4
191414904001131,4
191414904001132,4
191414904001133,4
191414904001134,4
191414904001135,4
191414904001136,4
191414904001137,4
191414904001138,4
191414904001139,4
191414904001157,4
191414904001179,4
191414904001180,4
191414904001181,4
191414904001182,4
191414904001183,4
191414904001184,4
191414904001187,4
191414904001188,4
191414904001189,4
191414904003003,4
191414904003004,4
191414904003005,4
191414904003008,4
191414904003009,4
191414904003010,4
191414904003011,4
191414904003012,4
191414904003013,4
191414904003014,4
191414904003015,4
191414904003016,4
191414904003017,4
191414904003018,4
191414904003019,4
191414904003020,4
191414904003021,4
191414904003022,4
191414904003023,4
191414904003024,4
191414904003025,4
191414904003026,4
191414904003027,4
191414904003028,4
191414904003029,4
191414904003030,4
191414904003031,4
191414904003032,4
191414904003033,4
191414904003034,4
191414904003035,4
191414904003036,4
191414904003037,4
191414904003038,4
191414904003039,4
191414904003040,4
191414904003041,4
191414904003042,4
191414904003043,4
191414904003044,4
191414904003045,4
191414904003046,4
191414904003047,4
191414904003048,4
191414904003049,4
191414904003050,4
191414904003051,4
191414904003052,4
191414904003053,4
191414904003054,4
191414904003055,4
191414904003056,4
191414904003057,4
191414904003058,4
191414904003059,4
191414904003060,4
191414904003061,4
191414904003062,4
191414904003063,4
191414904003064,4
191414904003065,4
191414904003066,4
191414904003067,4
191414904003068,4
191414904003069,4
191414904003070,4
191414904003071,4
191414904003072,4
191414904003073,4
191414904003074,4
191414904003075,4
191414904003076,4
191414904003077,4
191414904003078,4
191414904003079,4
191414904003080,4
191414904003081,4
191414904003082,4
191414904003083,4
191414904003084,4
191414904003085,4
191414904003086,4
191414904003087,4
191414904003088,4
191414904003089,4
191414904003090,4
191414904003091,4
191414904003092,4
191414904003093,4
191414904003094,4
191414904003095,4
191414904003096,4
191414904003097,4
191414904003098,4
191414904003099,4
191414904003100,4
191414904003101,4
191414904003102,4
191414904003103,4
191414904003104,4
191414904003105,4
191414904003106,4
191414902001168,4
191414902001169,4
191414902001170,4
191414902001171,4
191414902001172,4
191414902001173,4
191414904001067,4
191414904001068,4
191414904001069,4
191414904001070,4
191414904001071,4
191414904001072,4
191414904001073,4
191414904001074,4
191414904001075,4
191414904001076,4
191414904001077,4
191414904001078,4
191414904001079,4
191414904001080,4
191414904001081,4
191414904001082,4
191414904001083,4
191414904001084,4
191414904001085,4
191414904001086,4
191414904001087,4
191414904001088,4
191414904001089,4
191414904001090,4
191414904001091,4
191414904001092,4
191414904001093,4
191414904001094,4
191414904001095,4
191414904001096,4
191414904001097,4
191414904001098,4
191414904001099,4
191414904001102,4
191414904001103,4
191414904001104,4
191414904001105,4
191414904001106,4
191414904001107,4
191414904001108,4
191414904001109,4
191414904001110,4
191414904001111,4
191414904001119,4
191414904001120,4
191414902002007,4
191414902002008,4
191414902002009,4
191414902002010,4
191414902002011,4
191414902002012,4
191414902002013,4
191414902002014,4
191414902002015,4
191414902002016,4
191414902002017,4
191414902002018,4
191414902002019,4
191414902002020,4
191414902002021,4
191414902002022,4
191414902002023,4
191414902002024,4
191414902002025,4
191414902002026,4
191414902002027,4
191414902002028,4
191414902002037,4
191414902002038,4
191414902002045,4
191414902002046,4
191414902002047,4
191414902002048,4
191414902002049,4
191414902002050,4
191414902002051,4
191414902002068,4
191414902002069,4
191414902002070,4
191414902002071,4
191414902002072,4
191414902002073,4
191414902002074,4
191414902002075,4
191414902002076,4
191414902002077,4
191414902002078,4
191414902002086,4
191414902002087,4
191414902002092,4
191414902002093,4
191414902002095,4
191414902002104,4
191414902002110,4
191414902002131,4
191414902002147,4
191414902002148,4
191414902002149,4
191414903001000,4
191414903001001,4
191414903001002,4
191414903001003,4
191414903001035,4
191414903002000,4
191414903002001,4
191414903002002,4
191414903002003,4
191414903002004,4
191414903002005,4
191414902002088,4
191414902002089,4
191414902002090,4
191414902002091,4
191414902002094,4
191414902002096,4
191414902002097,4
191414902002098,4
191414902002099,4
191414902002105,4
191414902002106,4
191414902002132,4
191414903001004,4
191414903001005,4
191414903001006,4
191414903001007,4
191414903001008,4
191414903001009,4
191414903001010,4
191414903001011,4
191414903001012,4
191414903001013,4
191414903001014,4
191414903001015,4
191414903001016,4
191414903001017,4
191414903001018,4
191414903001019,4
191414903001020,4
191414903001021,4
191414903001022,4
191414903001023,4
191414903001024,4
191414903001025,4
191414903001026,4
191414903001027,4
191414903001028,4
191414903001029,4
191414903001030,4
191414903001031,4
191414903001032,4
191414903001033,4
191414903001034,4
191414903001037,4
191414903001040,4
191414903001041,4
191414903001042,4
191414903001043,4
191414903001044,4
191414903002006,4
191414903002007,4
191414903002008,4
191414903002009,4
191414903002010,4
191414903002011,4
191414903002012,4
191414903002013,4
191414903002014,4
191414903002015,4
191414903002016,4
191414903002017,4
191414903002018,4
191414903002019,4
191414903002020,4
191414903002021,4
191414903002022,4
191414903002023,4
191414903002024,4
191414903002025,4
191414903002026,4
191414903002027,4
191414903002028,4
191414903002029,4
191414903002030,4
191414903002031,4
191414903002032,4
191414903002033,4
191414903002034,4
191414903002035,4
191414903002036,4
191414903002037,4
191414903002038,4
191414903002039,4
191414903002040,4
191414903002041,4
191414903002042,4
191414903002043,4
191414903002044,4
191414903002045,4
191414903002046,4
191414903002047,4
191414903002048,4
191414903002049,4
191414903002050,4
191414903002051,4
191414903002052,4
191414903002053,4
191414903002054,4
191414903002055,4
191414903002056,4
191414903002059,4
191414903002060,4
191414903002064,4
191414903002065,4
191414903003000,4
191414903003001,4
191414903003002,4
191414903003003,4
191414903003004,4
191414903003005,4
191414903003006,4
191414903003007,4
191414903003008,4
191414903003009,4
191414903003010,4
191414903003011,4
191414903003012,4
191414903003013,4
191414903003014,4
191414903003015,4
191414903003016,4
191414903003017,4
191414903003018,4
191414903003019,4
191414903003020,4
191414903003021,4
191414903003022,4
191414903003023,4
191414903003024,4
191414903003025,4
191414903003026,4
191414903003027,4
191414903003028,4
191414903003029,4
191414903003030,4
191414903003031,4
191414903003032,4
191414903004000,4
191414903004001,4
191414903004002,4
191414903004003,4
191414903004004,4
191414903004005,4
191414903004006,4
191414903004007,4
191414903004008,4
191414903004009,4
191414903004010,4
191414903004011,4
191414903004012,4
191414903004013,4
191414903004014,4
191414903004015,4
191414903004016,4
191414903004017,4
191414903004018,4
191414903004019,4
191414903004020,4
191414903004021,4
191414903004022,4
191414903004023,4
191414903004024,4
191414903004025,4
191414903004026,4
191414903004027,4
191414903004028,4
191414903004029,4
191414903004030,4
191414903004031,4
191414903004032,4
191414903004033,4
191414903004034,4
191414903004035,4
191414903004036,4
191414903004037,4
191414903004038,4
191414903004039,4
191414903004040,4
191414903004041,4
191414903004042,4
191414902003001,4
191414902003002,4
191414902003003,4
191414902003005,4
191414902003006,4
191414902003007,4
191414902003008,4
191414902003009,4
191414902003010,4
191414902003011,4
191414902003012,4
191414902003013,4
191414902003014,4
191414902003015,4
191414902003016,4
191414902003017,4
191414902003018,4
191414902003019,4
191414902003020,4
191414902003021,4
191414902003022,4
191414902003023,4
191414902003024,4
191414902003025,4
191414902003026,4
191414902003027,4
191414902003028,4
191414902003029,4
191414902003030,4
191414902003031,4
191414902003032,4
191414902003033,4
191414902003034,4
191414902003035,4
191414902003036,4
191414902003037,4
191414902003038,4
191414902003039,4
191414902003040,4
191414902003041,4
191414902003042,4
191414902003043,4
191414902003044,4
191414902003045,4
191414902003046,4
191414902003047,4
191414902003049,4
191414902003050,4
191414902003051,4
191414902003052,4
191414902003053,4
191414902003054,4
191414902003058,4
191414902003059,4
191414902003060,4
191414902003061,4
191414902003062,4
191414902003063,4
191414902003064,4
191414902003066,4
191414902003067,4
191414902003068,4
191414902003069,4
191414902003070,4
191414902003071,4
191414902004007,4
191414902004008,4
191414902004009,4
191414902004010,4
191414902004011,4
191414902004012,4
191414902004013,4
191414902004014,4
191414902004015,4
191414902004016,4
191414902004017,4
191414902004018,4
191414902004019,4
191414902004020,4
191414902004021,4
191414902004022,4
191414902004023,4
191414902004024,4
191414902004025,4
191414902004026,4
191414902004027,4
191414902004028,4
191414902004029,4
191414902004030,4
191414902004031,4
191414902004032,4
191414902004033,4
191414902004034,4
191414902004035,4
191414902004036,4
191414902004037,4
191414902004038,4
191414902004039,4
191414902004040,4
191414902004041,4
191414902004042,4
191414902004043,4
191414902004044,4
191414902004045,4
191414902004046,4
191414902004047,4
191414902005003,4
191414902005004,4
191414902005005,4
191414902005007,4
191414902005008,4
191414902005009,4
191414902005010,4
191414902005011,4
191414902005012,4
191414902005013,4
191414902005014,4
191414902005015,4
191414902005016,4
191414902005017,4
191414902005018,4
191414902005019,4
191414902005020,4
191414902005021,4
191414902005022,4
191414902005023,4
191414902005024,4
191414902005025,4
191414902005026,4
191414902005027,4
191414902005028,4
191414902005029,4
191414902005030,4
191414902005031,4
191414902005032,4
191414902005033,4
191414902005034,4
191414902005035,4
191414902005036,4
191414902005037,4
191414902005038,4
191414902005039,4
191414902005040,4
191414902005041,4
191414902005042,4
191414902005043,4
191414902005044,4
191414902005045,4
191414902005046,4
191414902005047,4
191414902005048,4
191414902005049,4
191414902005050,4
191414902005051,4
191414902005052,4
191414902005053,4
191414902005054,4
191414902005055,4
191414902005056,4
191414902005057,4
191414902005058,4
191414902005059,4
191414902005060,4
191414902005061,4
191414902005062,4
191414902005063,4
191414902005064,4
191414902005065,4
191414902005066,4
191414902005067,4
191414902005068,4
191414902005069,4
191414902005070,4
191414902005071,4
191414902005072,4
191414902005073,4
191414902005074,4
191414902005075,4
191414902005076,4
191414902005077,4
191414902005078,4
191414902005079,4
191414902005080,4
191414902005081,4
191414902005082,4
191414902005083,4
191414902005084,4
191414902005085,4
191414902005086,4
191414902005087,4
191414902005088,4
191414902005090,4
191414902005091,4
191414902005092,4
191414902005093,4
191414902005094,4
191414902005095,4
191414902005096,4
191414902005097,4
191414904001014,4
191414904001020,4
191414904001021,4
191414904001024,4
191414904002003,4
191414904002004,4
191414904002005,4
191414904002006,4
191414904002007,4
191414904002008,4
191414904002009,4
191414904002010,4
191414904002011,4
191414904002012,4
191414904002013,4
191414904002014,4
191414904002015,4
191414904002016,4
191414904002017,4
191414904002018,4
191414904002019,4
191414904002020,4
191414904002021,4
191414904002022,4
191414904002023,4
191414904002024,4
191414904002025,4
191414904002026,4
191414904002027,4
191414904002028,4
191414904002029,4
191414904002030,4
191414904002031,4
191414904002032,4
191414904002033,4
191414904002034,4
191414904002035,4
191414904002036,4
191414904002037,4
191414904002038,4
191414904002039,4
191414904002040,4
191414904002041,4
191414904002042,4
191414904002045,4
191414904002046,4
191414904001027,4
191414904001028,4
191414904001029,4
191414904001030,4
191414904001031,4
191414904001032,4
191414904001033,4
191414904001034,4
191414904001035,4
191414904001036,4
191414904001037,4
191414904001040,4
191414904001042,4
191414904001043,4
191414904001044,4
191414904001045,4
191414904001046,4
191414904001047,4
191414904001048,4
191414904001049,4
191414904001050,4
191414904001051,4
191414904001052,4
191414904001053,4
191414904001054,4
191414904001055,4
191414904001056,4
191414904001140,4
191414904001141,4
191414904001142,4
191414904001143,4
191414904001144,4
191414904001145,4
191414904001146,4
191414904001147,4
191414904001148,4
191414904001149,4
191414904001150,4
191414904001151,4
191414904001152,4
191414904001153,4
191414904001154,4
191414904001155,4
191414904001156,4
191414904001158,4
191414904001159,4
191414904001160,4
191414904001161,4
191414904001162,4
191414904001163,4
191414904001164,4
191414904001165,4
191414904001166,4
191414904001167,4
191414904001168,4
191414904001169,4
191414904001170,4
191414904001171,4
191414904001172,4
191414904001173,4
191414904001174,4
191414904001175,4
191414904001176,4
191414904001177,4
191414904001178,4
191414904001185,4
191414904001186,4
191414904001190,4
191414904001191,4
191414904001194,4
191414904001208,4
191414904002001,4
191414904002002,4
191414904002043,4
191434601001000,4
191434601003000,4
191434601003007,4
191434601003009,4
191434601003010,4
191434601003073,4
191434601003074,4
191434601003078,4
191434601003079,4
191434601003080,4
191434601004064,4
191434601004065,4
191434601004066,4
191434601004067,4
191434601004068,4
191434601004069,4
191434601004070,4
191434601004071,4
191434601004087,4
191434601004106,4
191434601004107,4
191434601004122,4
191434601004123,4
191434601004124,4
191434601004125,4
191434601004126,4
191434601004127,4
191434601004128,4
191434601004136,4
191434601004137,4
191434601004138,4
191434601004139,4
191434601004140,4
191434601004141,4
191434601004142,4
191434601004143,4
191434601004144,4
191434601004145,4
191434601004146,4
191434601004147,4
191434601004148,4
191434601004149,4
191434601004150,4
191434601004151,4
191434601004152,4
191434601004153,4
191434601004154,4
191434601004155,4
191434601004156,4
191434601004157,4
191434601004159,4
191434601004160,4
191434601004161,4
191434602004013,4
191434602004014,4
191434602004015,4
191434602004073,4
191434602004074,4
191434602004092,4
191434602004107,4
191434602004108,4
191434601001001,4
191434601001003,4
191434601001004,4
191434601001005,4
191434601001006,4
191434601001007,4
191434601001008,4
191434601001009,4
191434601001010,4
191434601001011,4
191434601001012,4
191434601001013,4
191434601001014,4
191434601001015,4
191434601001016,4
191434601001017,4
191434601001018,4
191434601001019,4
191434601001020,4
191434601001021,4
191434601001022,4
191434601001023,4
191434601001024,4
191434601001025,4
191434601001026,4
191434601001027,4
191434601001028,4
191434601001029,4
191434601001030,4
191434601001031,4
191434601001032,4
191434601001033,4
191434601001034,4
191434601001035,4
191434601001036,4
191434601001037,4
191434601001038,4
191434601001039,4
191434601001040,4
191434601001041,4
191434601001042,4
191434601001043,4
191434601001044,4
191434601001045,4
191434601001046,4
191434601001047,4
191434601001048,4
191434601001049,4
191434601001050,4
191434601001051,4
191434601001052,4
191434601001053,4
191434601001054,4
191434601001055,4
191434601002001,4
191434601002002,4
191434601002003,4
191434601002007,4
191434601002008,4
191434601002009,4
191434601002010,4
191434601002011,4
191434601002012,4
191434601002013,4
191434601002014,4
191434601002015,4
191434601002016,4
191434601002017,4
191434601002018,4
191434601002019,4
191434601002020,4
191434601002021,4
191434601002022,4
191434601002023,4
191434601002024,4
191434601002025,4
191434601002026,4
191434601002027,4
191434601002028,4
191434601002029,4
191434601002030,4
191434601002031,4
191434601002032,4
191434601002033,4
191434601002034,4
191434601002035,4
191434601002036,4
191434601002037,4
191434601002038,4
191434601002039,4
191434601002040,4
191434601002041,4
191434601002042,4
191434601002043,4
191434601002044,4
191434601002045,4
191434601002046,4
191434601002047,4
191434601002048,4
191434601002049,4
191434601002050,4
191434601002051,4
191434601002052,4
191434601002053,4
191434601002054,4
191434601002055,4
191434601002056,4
191434601002057,4
191434601002058,4
191434601002059,4
191434601002060,4
191434601002061,4
191434601002062,4
191434601002063,4
191434601002064,4
191434601002065,4
191434601002066,4
191434601002067,4
191434601002068,4
191434601003001,4
191434601003002,4
191434601003003,4
191434601003004,4
191434601003005,4
191434601003006,4
191434601003008,4
191434601003011,4
191434601003012,4
191434601003013,4
191434601003014,4
191434601003015,4
191434601003016,4
191434601003017,4
191434601003018,4
191434601003019,4
191434601003020,4
191434601003021,4
191434601003022,4
191434601003023,4
191434601003024,4
191434601003025,4
191434601003026,4
191434601003027,4
191434601003028,4
191434601003029,4
191434601003030,4
191434601003031,4
191434601003032,4
191434601003033,4
191434601003034,4
191434601003035,4
191434601003036,4
191434601003037,4
191434601003038,4
191434601003039,4
191434601003040,4
191434601003041,4
191434601003042,4
191434601003043,4
191434601003044,4
191434601003045,4
191434601003046,4
191434601003047,4
191434601003048,4
191434601003049,4
191434601003050,4
191434601003051,4
191434601003052,4
191434601003053,4
191434601003054,4
191434601003055,4
191434601003056,4
191434601003057,4
191434601003058,4
191434601003059,4
191434601003060,4
191434601003061,4
191434601003062,4
191434601003063,4
191434601003064,4
191434601003065,4
191434601003066,4
191434601003067,4
191434601003068,4
191434601003069,4
191434601003070,4
191434601003071,4
191434601003072,4
191434601003077,4
191434601001002,4
191434601002000,4
191434601002004,4
191434601002005,4
191434601002006,4
191434601002069,4
191434601002070,4
191434601002071,4
191434601003075,4
191434601003076,4
191434601003081,4
191434601003082,4
191434601003083,4
191434601003084,4
191434601003085,4
191434601004082,4
191434601004083,4
191434601004085,4
191434601004086,4
191434601004088,4
191434601004089,4
191434601004090,4
191434601004091,4
191434601004092,4
191434601004093,4
191434601004094,4
191434601004095,4
191434601004096,4
191434601004097,4
191434601004098,4
191434601004099,4
191434601004100,4
191434601004101,4
191434601004102,4
191434601004103,4
191434601004104,4
191434601004105,4
191434601004108,4
191434601004109,4
191434601004110,4
191434601004111,4
191434601004112,4
191434601004113,4
191434601004114,4
191434601004115,4
191434601004116,4
191434601004117,4
191434601004118,4
191434601004119,4
191434601004120,4
191434601004121,4
191434601004129,4
191434601004130,4
191434601004131,4
191434601004132,4
191434601004133,4
191434601004134,4
191434601004135,4
191434601004158,4
191434601004162,4
191434601004000,4
191434601004001,4
191434601004002,4
191434601004003,4
191434601004004,4
191434601004005,4
191434601004006,4
191434601004007,4
191434601004008,4
191434601004009,4
191434601004010,4
191434601004011,4
191434601004012,4
191434601004013,4
191434601004014,4
191434601004015,4
191434601004016,4
191434601004039,4
191434601004040,4
191434601004041,4
191434601004042,4
191434601004043,4
191434601004044,4
191434601004045,4
191434601004056,4
191434601004057,4
191434601004058,4
191434601004059,4
191434601004060,4
191434601004061,4
191434601004062,4
191434601004063,4
191434601004072,4
191434601004073,4
191434601004074,4
191434602002014,4
191434602002015,4
191434602002016,4
191434602002017,4
191434602002041,4
191434602002042,4
191434602002043,4
191434601004017,4
191434601004018,4
191434601004019,4
191434601004020,4
191434601004021,4
191434601004022,4
191434601004023,4
191434601004024,4
191434601004025,4
191434601004026,4
191434601004027,4
191434601004028,4
191434601004029,4
191434601004030,4
191434601004031,4
191434601004032,4
191434601004033,4
191434601004034,4
191434601004035,4
191434601004036,4
191434601004037,4
191434601004038,4
191434601004046,4
191434601004047,4
191434601004048,4
191434601004049,4
191434601004050,4
191434601004051,4
191434601004052,4
191434601004053,4
191434601004054,4
191434601004055,4
191434601004075,4
191434601004076,4
191434601004077,4
191434601004078,4
191434601004079,4
191434601004080,4
191434601004081,4
191434601004084,4
191434602001000,4
191434602001001,4
191434602001002,4
191434602001003,4
191434602001004,4
191434602001005,4
191434602001006,4
191434602001007,4
191434602001008,4
191434602001009,4
191434602001039,4
191434602001040,4
191434602001041,4
191434602001042,4
191434602001043,4
191434602001044,4
191434602001045,4
191434602001046,4
191434602001047,4
191434602001048,4
191434602001049,4
191434602001050,4
191434602001051,4
191434602001052,4
191434602001053,4
191434602001054,4
191434602001055,4
191434602001056,4
191434602001057,4
191434602001058,4
191434602001059,4
191434602001060,4
191434602001061,4
191434602001062,4
191434602001063,4
191434602001064,4
191434602001065,4
191434602001066,4
191434602001067,4
191434602001068,4
191434602001069,4
191434602001070,4
191434602001071,4
191434602001072,4
191434602001073,4
191434602001074,4
191434602001075,4
191434602001076,4
191434602001121,4
191434602001127,4
191434602001128,4
191434602001129,4
191434602001130,4
191434602001131,4
191434602001132,4
191434602001133,4
191434602001134,4
191434602001135,4
191434602001136,4
191434602001137,4
191434602001138,4
191434602001139,4
191434602001140,4
191434602001141,4
191434602001142,4
191434602001010,4
191434602001011,4
191434602001012,4
191434602001013,4
191434602001014,4
191434602001015,4
191434602001016,4
191434602001019,4
191434602001020,4
191434602001023,4
191434602001024,4
191434602001025,4
191434602001026,4
191434602001027,4
191434602001028,4
191434602001029,4
191434602001030,4
191434602001031,4
191434602001032,4
191434602001033,4
191434602001034,4
191434602001035,4
191434602001036,4
191434602001037,4
191434602001038,4
191434602001077,4
191434602001078,4
191434602001079,4
191434602001080,4
191434602001081,4
191434602001082,4
191434602001083,4
191434602001084,4
191434602001085,4
191434602001086,4
191434602001087,4
191434602001088,4
191434602001089,4
191434602001090,4
191434602001091,4
191434602001092,4
191434602001093,4
191434602001094,4
191434602001095,4
191434602001096,4
191434602001097,4
191434602001098,4
191434602001099,4
191434602001100,4
191434602001101,4
191434602001102,4
191434602001103,4
191434602001104,4
191434602001105,4
191434602001106,4
191434602001107,4
191434602001108,4
191434602001109,4
191434602001113,4
191434602001114,4
191434602001115,4
191434602001116,4
191434602001117,4
191434602001118,4
191434602001119,4
191434602001120,4
191434602001122,4
191434602001123,4
191434602001124,4
191434602001125,4
191434602001126,4
191434602001143,4
191434602001144,4
191434602001145,4
191434602001146,4
191434602001147,4
191434602001148,4
191434602001149,4
191434602001151,4
191434602001152,4
191434602001153,4
191434602001154,4
191434602001017,4
191434602001018,4
191434602001021,4
191434602001022,4
191434602001110,4
191434602001111,4
191434602001112,4
191434602001150,4
191434602003000,4
191434602003001,4
191434602003002,4
191434602003003,4
191434602003027,4
191434602003028,4
191434602003029,4
191434602003030,4
191434602003031,4
191434602003032,4
191434602003033,4
191434602003034,4
191434602003035,4
191434602003036,4
191434602003037,4
191434602003040,4
191434602003041,4
191434602003042,4
191434602003043,4
191434602003044,4
191434602003045,4
191434602003046,4
191434602003047,4
191434602003048,4
191434602003059,4
191434602003060,4
191434602003061,4
191434602003127,4
191434602003128,4
191434602003129,4
191434602003130,4
191434602003131,4
191434602003132,4
191434602003134,4
191434602002000,4
191434602002001,4
191434602002002,4
191434602002003,4
191434602002004,4
191434602002005,4
191434602002006,4
191434602002007,4
191434602002024,4
191434602002025,4
191434602002026,4
191434602002027,4
191434602002028,4
191434602002029,4
191434602002030,4
191434602002031,4
191434602002032,4
191434602002055,4
191434602002056,4
191434602002057,4
191434602002058,4
191434602002059,4
191434602002060,4
191434602002061,4
191434602002062,4
191434602002063,4
191434602002064,4
191434602002065,4
191434602002066,4
191434602002067,4
191434602002068,4
191434602002069,4
191434602002070,4
191434602002071,4
191434602002072,4
191434602002073,4
191434602002074,4
191434602002075,4
191434602002076,4
191434602002077,4
191434602002078,4
191434602002079,4
191434602002080,4
191434602002081,4
191434602002082,4
191434602002083,4
191434602002084,4
191434602002085,4
191434602002086,4
191434602002087,4
191434602002088,4
191434602002089,4
191434602002090,4
191434602002091,4
191434602002092,4
191434602002093,4
191434602002094,4
191434602002095,4
191434602002096,4
191434602002097,4
191434602002101,4
191434602002105,4
191434602002125,4
191434602002126,4
191434602002127,4
191434602002176,4
191434602002177,4
191434602002178,4
191434602002179,4
191434602002180,4
191434602002181,4
191434602002008,4
191434602002009,4
191434602002010,4
191434602002011,4
191434602002012,4
191434602002013,4
191434602002018,4
191434602002019,4
191434602002020,4
191434602002021,4
191434602002022,4
191434602002023,4
191434602002033,4
191434602002034,4
191434602002035,4
191434602002036,4
191434602002037,4
191434602002038,4
191434602002039,4
191434602002040,4
191434602002044,4
191434602002045,4
191434602002046,4
191434602002047,4
191434602002048,4
191434602002049,4
191434602002050,4
191434602002051,4
191434602002052,4
191434602002053,4
191434602002054,4
191434602002128,4
191434602002129,4
191434602002130,4
191434602002098,4
191434602002099,4
191434602002100,4
191434602002102,4
191434602002103,4
191434602002104,4
191434602002106,4
191434602002107,4
191434602002108,4
191434602002109,4
191434602002110,4
191434602002111,4
191434602002112,4
191434602002113,4
191434602002114,4
191434602002115,4
191434602002116,4
191434602002117,4
191434602002118,4
191434602002119,4
191434602002120,4
191434602002121,4
191434602002122,4
191434602002123,4
191434602002124,4
191434602002131,4
191434602002132,4
191434602002133,4
191434602002134,4
191434602002135,4
191434602002136,4
191434602002137,4
191434602002138,4
191434602002139,4
191434602002140,4
191434602002141,4
191434602002142,4
191434602002143,4
191434602002144,4
191434602002145,4
191434602002146,4
191434602002147,4
191434602002148,4
191434602002149,4
191434602002150,4
191434602002151,4
191434602002152,4
191434602002153,4
191434602002154,4
191434602002155,4
191434602002156,4
191434602002157,4
191434602002158,4
191434602002159,4
191434602002160,4
191434602002161,4
191434602002162,4
191434602002163,4
191434602002164,4
191434602002165,4
191434602002166,4
191434602002167,4
191434602002168,4
191434602002169,4
191434602002170,4
191434602002171,4
191434602002172,4
191434602002173,4
191434602002174,4
191434602002175,4
191434602003004,4
191434602003005,4
191434602003006,4
191434602003007,4
191434602003008,4
191434602003009,4
191434602003010,4
191434602003011,4
191434602003012,4
191434602003013,4
191434602003014,4
191434602003015,4
191434602003016,4
191434602003017,4
191434602003018,4
191434602003019,4
191434602003020,4
191434602003021,4
191434602003022,4
191434602003023,4
191434602003024,4
191434602003025,4
191434602003026,4
191434602003038,4
191434602003039,4
191434602003049,4
191434602003050,4
191434602003051,4
191434602003052,4
191434602003053,4
191434602003054,4
191434602003055,4
191434602003056,4
191434602003057,4
191434602003058,4
191434602003062,4
191434602003063,4
191434602003064,4
191434602003065,4
191434602003066,4
191434602003067,4
191434602003068,4
191434602003069,4
191434602003070,4
191434602003071,4
191434602003072,4
191434602003073,4
191434602003074,4
191434602003075,4
191434602003076,4
191434602003077,4
191434602003078,4
191434602003079,4
191434602003080,4
191434602003081,4
191434602003082,4
191434602003083,4
191434602003084,4
191434602003085,4
191434602003086,4
191434602003087,4
191434602003088,4
191434602003089,4
191434602003090,4
191434602003091,4
191434602003092,4
191434602003093,4
191434602003094,4
191434602003095,4
191434602003096,4
191434602003097,4
191434602003098,4
191434602003099,4
191434602003100,4
191434602003101,4
191434602003102,4
191434602003103,4
191434602003104,4
191434602003105,4
191434602003106,4
191434602003107,4
191434602003108,4
191434602003109,4
191434602003110,4
191434602003111,4
191434602003112,4
191434602003113,4
191434602003114,4
191434602003115,4
191434602003116,4
191434602003117,4
191434602003118,4
191434602003119,4
191434602003120,4
191434602003121,4
191434602003122,4
191434602003123,4
191434602003124,4
191434602003125,4
191434602003126,4
191434602003133,4
191434602004000,4
191434602004001,4
191434602004002,4
191434602004008,4
191434602004009,4
191434602004010,4
191434602004011,4
191434602004012,4
191434602004016,4
191434602004017,4
191434602004018,4
191434602004019,4
191434602004030,4
191434602004056,4
191434602004057,4
191434602004058,4
191434602004059,4
191434602004070,4
191434602004071,4
191434602004072,4
191434602004075,4
191434602004076,4
191434602004077,4
191434602004078,4
191434602004079,4
191434602004080,4
191434602004081,4
191434602004082,4
191434602004083,4
191434602004084,4
191434602004085,4
191434602004086,4
191434602004087,4
191434602004088,4
191434602004089,4
191434602004090,4
191434602004091,4
191434602004093,4
191434602004094,4
191434602004095,4
191434602004096,4
191434602004097,4
191434602004098,4
191434602004099,4
191434602004100,4
191434602004101,4
191434602004102,4
191434602004103,4
191434602004104,4
191434602004105,4
191434602004106,4
191434602004109,4
191434602004110,4
191434602004111,4
191434602004112,4
191434602004125,4
191434602004003,4
191434602004004,4
191434602004005,4
191434602004006,4
191434602004007,4
191434602004020,4
191434602004021,4
191434602004022,4
191434602004023,4
191434602004024,4
191434602004025,4
191434602004026,4
191434602004027,4
191434602004028,4
191434602004029,4
191434602004031,4
191434602004032,4
191434602004033,4
191434602004034,4
191434602004035,4
191434602004036,4
191434602004037,4
191434602004038,4
191434602004039,4
191434602004040,4
191434602004041,4
191434602004042,4
191434602004043,4
191434602004044,4
191434602004045,4
191434602004046,4
191434602004047,4
191434602004048,4
191434602004049,4
191434602004050,4
191434602004051,4
191434602004052,4
191434602004053,4
191434602004054,4
191434602004055,4
191434602004060,4
191434602004061,4
191434602004062,4
191434602004063,4
191434602004064,4
191434602004065,4
191434602004066,4
191434602004067,4
191434602004068,4
191434602004069,4
191434602004113,4
191434602004114,4
191434602004115,4
191434602004116,4
191434602004117,4
191434602004118,4
191434602004119,4
191434602004120,4
191434602004121,4
191434602004122,4
191434602004123,4
191434602004124,4
191434602004126,4
191434602004127,4
191434602004128,4
191434602004129,4
191454901001000,3
191454901001001,3
191454901001002,3
191454901001003,3
191454901001004,3
191454901001005,3
191454901001006,3
191454901001016,3
191454901001017,3
191454901001018,3
191454901001023,3
191454901001024,3
191454901001025,3
191454901001026,3
191454901001027,3
191454901001028,3
191454901001029,3
191454901001030,3
191454901001031,3
191454901001032,3
191454901001033,3
191454901001034,3
191454901001035,3
191454901001036,3
191454901001037,3
191454901001038,3
191454901001039,3
191454901001040,3
191454901001041,3
191454901001042,3
191454901001043,3
191454901001044,3
191454901001045,3
191454901001046,3
191454901001047,3
191454901001048,3
191454901001049,3
191454901001050,3
191454901001051,3
191454901001052,3
191454901001053,3
191454901001054,3
191454901001055,3
191454901001056,3
191454901001057,3
191454901001058,3
191454901001059,3
191454901001060,3
191454901001061,3
191454901001062,3
191454901001063,3
191454901001076,3
191454901001077,3
191454901001082,3
191454901001083,3
191454901001084,3
191454901001085,3
191454901001086,3
191454901001087,3
191454901001088,3
191454901001089,3
191454901001090,3
191454901001091,3
191454901001092,3
191454901001093,3
191454901001100,3
191454901001101,3
191454901001159,3
191454901001160,3
191454901001162,3
191454901001163,3
191454901001007,3
191454901001008,3
191454901001009,3
191454901001010,3
191454901001011,3
191454901001012,3
191454901001013,3
191454901001014,3
191454901001015,3
191454901001019,3
191454901001020,3
191454901001021,3
191454901001022,3
191454901001064,3
191454901001065,3
191454901001066,3
191454901001067,3
191454901001068,3
191454901001069,3
191454901001070,3
191454901001071,3
191454901001072,3
191454901001073,3
191454901001074,3
191454901001075,3
191454901001123,3
191454901001124,3
191454901001125,3
191454901002000,3
191454901002001,3
191454901002002,3
191454901002003,3
191454901002021,3
191454901002022,3
191454901002023,3
191454901002024,3
191454901002025,3
191454901002026,3
191454901002027,3
191454901002028,3
191454901002029,3
191454901002030,3
191454901002031,3
191454901002032,3
191454901002033,3
191454901002034,3
191454901002035,3
191454901002036,3
191454901002037,3
191454901002038,3
191454901002039,3
191454901002040,3
191454901002041,3
191454901002045,3
191454901002046,3
191454901002047,3
191454901002048,3
191454901002049,3
191454901002050,3
191454901002064,3
191454901002065,3
191454901002080,3
191454901002081,3
191454901002082,3
191454901002083,3
191454901002084,3
191454901002085,3
191454901002086,3
191454901002087,3
191454901002088,3
191454901002089,3
191454901002090,3
191454901002161,3
191454901001078,3
191454901001079,3
191454901001080,3
191454901001081,3
191454901001113,3
191454901001114,3
191454901001115,3
191454901001116,3
191454901001117,3
191454901001118,3
191454901001119,3
191454901001120,3
191454901001121,3
191454901001122,3
191454901001126,3
191454901001127,3
191454901001128,3
191454901001129,3
191454901001130,3
191454901001131,3
191454901001133,3
191454901001134,3
191454901001135,3
191454901001142,3
191454901001143,3
191454901001144,3
191454901001145,3
191454901001146,3
191454901001149,3
191454901001150,3
191454901001151,3
191454901001152,3
191454901001153,3
191454901001154,3
191454901001155,3
191454901001156,3
191454901001158,3
191454901001161,3
191454901002100,3
191454901002101,3
191454901002102,3
191454901002103,3
191454901002104,3
191454901002105,3
191454901002106,3
191454901002107,3
191454901002108,3
191454901002109,3
191454901002110,3
191454901002111,3
191454901002114,3
191454901002115,3
191454901002116,3
191454901002117,3
191454901002118,3
191454901002119,3
191454901002131,3
191454901002132,3
191454901002133,3
191454901002134,3
191454901002135,3
191454901002156,3
191454901002157,3
191454901002158,3
191454901002159,3
191454901002160,3
191454904001000,3
191454904001001,3
191454904001002,3
191454904001003,3
191454904001004,3
191454904001005,3
191454904001006,3
191454904001007,3
191454904001014,3
191454904001089,3
191454904002000,3
191454904002001,3
191454904002002,3
191454904002003,3
191454904002004,3
191454904002005,3
191454904002006,3
191454904002007,3
191454904002008,3
191454904002009,3
191454904002010,3
191454904002011,3
191454904002024,3
191454905002010,3
191454905002013,3
191454906001008,3
191454906001009,3
191454906001010,3
191454906001011,3
191454906001028,3
191454906001029,3
191454906001030,3
191454906001031,3
191454906001033,3
191454906001034,3
191454906002000,3
191454906002008,3
191454906002010,3
191454906002011,3
191454901001094,3
191454901001095,3
191454901001096,3
191454901001097,3
191454901001098,3
191454901001099,3
191454901001102,3
191454901001103,3
191454901001104,3
191454901001105,3
191454901001106,3
191454901001107,3
191454901001108,3
191454901001109,3
191454901001110,3
191454901001111,3
191454901001112,3
191454901001136,3
191454901001137,3
191454901001138,3
191454901001139,3
191454901001140,3
191454901001141,3
191454901001147,3
191454901001148,3
191454901001157,3
191454901001132,3
191454904001008,3
191454904001009,3
191454904001010,3
191454904001011,3
191454904001012,3
191454904001013,3
191454904001015,3
191454904001016,3
191454904001017,3
191454904001018,3
191454904001019,3
191454904001020,3
191454904001021,3
191454904001022,3
191454904001023,3
191454904001024,3
191454904001025,3
191454904001026,3
191454904001027,3
191454904001028,3
191454904001029,3
191454904001030,3
191454904001031,3
191454904001032,3
191454904001033,3
191454904001034,3
191454904001035,3
191454904001036,3
191454904001037,3
191454904001038,3
191454904001039,3
191454904001040,3
191454904001041,3
191454904001042,3
191454904001043,3
191454904001044,3
191454904001045,3
191454904001046,3
191454904001047,3
191454904001048,3
191454904001049,3
191454904001050,3
191454904001051,3
191454904001052,3
191454904001053,3
191454904001054,3
191454904001055,3
191454904001056,3
191454904001057,3
191454904001058,3
191454904001059,3
191454904001060,3
191454904001061,3
191454904001062,3
191454904001063,3
191454904001064,3
191454904001065,3
191454904001066,3
191454904001067,3
191454904001068,3
191454904001069,3
191454904001070,3
191454904001071,3
191454904001072,3
191454904001073,3
191454904001074,3
191454904001075,3
191454904001076,3
191454904001077,3
191454904001078,3
191454904001079,3
191454904001080,3
191454904001081,3
191454904001082,3
191454904001083,3
191454904001084,3
191454904001085,3
191454904001086,3
191454904001087,3
191454904001088,3
191454904002012,3
191454904002013,3
191454904002014,3
191454904002015,3
191454904002016,3
191454904002017,3
191454904002018,3
191454904002019,3
191454904002020,3
191454904002021,3
191454904002022,3
191454904002023,3
191454904002025,3
191454904002026,3
191454904002027,3
191454904002028,3
191454904002029,3
191454904002030,3
191454904002031,3
191454904002032,3
191454904002033,3
191454904002034,3
191454904002035,3
191454904002036,3
191454904002037,3
191454904002038,3
191454904003000,3
191454904003001,3
191454904003002,3
191454904003003,3
191454905001000,3
191454905001001,3
191454905001002,3
191454905001003,3
191454905001004,3
191454905001005,3
191454905001006,3
191454905001007,3
191454905001008,3
191454905001009,3
191454905001010,3
191454905001011,3
191454905001012,3
191454905001013,3
191454905001014,3
191454905001015,3
191454905001016,3
191454905001017,3
191454905001018,3
191454905001019,3
191454905001020,3
191454905001021,3
191454905001022,3
191454905001023,3
191454905001024,3
191454905001025,3
191454905001026,3
191454905001027,3
191454905001028,3
191454905001029,3
191454905001030,3
191454905001031,3
191454905001032,3
191454905001033,3
191454905001034,3
191454905001035,3
191454905001036,3
191454905001037,3
191454905001038,3
191454905001039,3
191454905001040,3
191454905001041,3
191454905001042,3
191454905001043,3
191454905001044,3
191454905001045,3
191454905001046,3
191454905001047,3
191454905001048,3
191454905001049,3
191454905001050,3
191454905001051,3
191454905001052,3
191454905001053,3
191454905001054,3
191454905001055,3
191454905001056,3
191454905001057,3
191454905001058,3
191454905001060,3
191454905001064,3
191454905002000,3
191454905002001,3
191454905002002,3
191454905002003,3
191454905002004,3
191454905002005,3
191454905002006,3
191454905002007,3
191454905002008,3
191454905002009,3
191454905002011,3
191454905002012,3
191454905002016,3
191454905002017,3
191454905002018,3
191454905002019,3
191454905002020,3
191454905002021,3
191454905002022,3
191454905002023,3
191454905002024,3
191454905002025,3
191454905002026,3
191454905002027,3
191454905002028,3
191454905002029,3
191454905002030,3
191454905002031,3
191454905002032,3
191454905002033,3
191454905002034,3
191454905002035,3
191454905002036,3
191454905002037,3
191454905003000,3
191454905003001,3
191454905003002,3
191454905003003,3
191454905003004,3
191454905003005,3
191454905003006,3
191454905003007,3
191454905003008,3
191454905003009,3
191454905003010,3
191454905003011,3
191454905003012,3
191454905003013,3
191454905003014,3
191454905003015,3
191454905003016,3
191454905003017,3
191454905003018,3
191454905003019,3
191454905003020,3
191454905003021,3
191454905003022,3
191454905003023,3
191454905003024,3
191454905003025,3
191454905003026,3
191454905003027,3
191454905003028,3
191454905003029,3
191454905003030,3
191454905003031,3
191454905003032,3
191454905003033,3
191454905003034,3
191454905003035,3
191454905003036,3
191454905003037,3
191454905003038,3
191454905003039,3
191454905003040,3
191454905003041,3
191454905003042,3
191454905003043,3
191454905003044,3
191454905003045,3
191454905003046,3
191454905003047,3
191454905003048,3
191454905003049,3
191454901002004,3
191454901002005,3
191454901002006,3
191454901002007,3
191454901002008,3
191454901002009,3
191454901002010,3
191454901002011,3
191454901002012,3
191454901002013,3
191454901002014,3
191454901002015,3
191454901002016,3
191454901002017,3
191454901002018,3
191454901002019,3
191454901002020,3
191454901002042,3
191454901002043,3
191454901002044,3
191454901002051,3
191454901002052,3
191454901002053,3
191454901002054,3
191454901002055,3
191454901002056,3
191454901002057,3
191454901002058,3
191454901002059,3
191454901002060,3
191454901002061,3
191454901002062,3
191454901002063,3
191454901002066,3
191454901002067,3
191454901002068,3
191454901002069,3
191454901002070,3
191454901002071,3
191454901002072,3
191454901002073,3
191454901002074,3
191454901002075,3
191454901002076,3
191454901002077,3
191454901002078,3
191454901002079,3
191454901003000,3
191454901003001,3
191454901003002,3
191454901003024,3
191454901003025,3
191454901003026,3
191454901003027,3
191454901003028,3
191454901003029,3
191454901003030,3
191454901003031,3
191454901003032,3
191454901003034,3
191454901003035,3
191454901003069,3
191454901003070,3
191454901003071,3
191454901003072,3
191454901003073,3
191454901002091,3
191454901002092,3
191454901002093,3
191454901002094,3
191454901002095,3
191454901002096,3
191454901002097,3
191454901002098,3
191454901002099,3
191454901002112,3
191454901002113,3
191454901002120,3
191454901002121,3
191454901002122,3
191454901002123,3
191454901002124,3
191454901002125,3
191454901002126,3
191454901002127,3
191454901002128,3
191454901002129,3
191454901002130,3
191454901002136,3
191454901002137,3
191454901002138,3
191454901002139,3
191454901002140,3
191454901002141,3
191454901002142,3
191454901002143,3
191454901002144,3
191454901002145,3
191454901002146,3
191454901002147,3
191454901002148,3
191454901002149,3
191454901002150,3
191454901002151,3
191454901002152,3
191454901002153,3
191454901002154,3
191454901002155,3
191454901003074,3
191454901003075,3
191454901003076,3
191454901003077,3
191454901003078,3
191454901003110,3
191454901003111,3
191454901003112,3
191454901003113,3
191454901003114,3
191454901003115,3
191454901003116,3
191454906002001,3
191454906002003,3
191454906002004,3
191454906002005,3
191454906002006,3
191454906002007,3
191454906002017,3
191454906002018,3
191454906002019,3
191454906002020,3
191454901003003,3
191454901003004,3
191454901003005,3
191454901003006,3
191454901003007,3
191454901003008,3
191454901003009,3
191454901003010,3
191454901003011,3
191454901003012,3
191454901003013,3
191454901003014,3
191454901003015,3
191454901003016,3
191454901003017,3
191454901003018,3
191454901003019,3
191454901003020,3
191454901003021,3
191454901003022,3
191454901003023,3
191454901003033,3
191454901003036,3
191454901003037,3
191454901003038,3
191454901003039,3
191454901003040,3
191454901003041,3
191454901003042,3
191454901003043,3
191454901003044,3
191454901003045,3
191454901003046,3
191454901003047,3
191454901003048,3
191454901003049,3
191454901003050,3
191454901003051,3
191454901003052,3
191454901003053,3
191454901003054,3
191454901003055,3
191454901003056,3
191454901003057,3
191454901003058,3
191454901003059,3
191454901003060,3
191454901003061,3
191454901003062,3
191454901003063,3
191454901003064,3
191454901003065,3
191454901003066,3
191454901003067,3
191454901003068,3
191454901003091,3
191454901003092,3
191454901003093,3
191454901003094,3
191454901003095,3
191454901003096,3
191454901003097,3
191454901003134,3
191454901003135,3
191454901003136,3
191454901003137,3
191454901003140,3
191454901003141,3
191454901004000,3
191454901004001,3
191454901004002,3
191454901004003,3
191454901004004,3
191454901004005,3
191454901004006,3
191454901004007,3
191454901004008,3
191454901004009,3
191454901004010,3
191454901004011,3
191454901004012,3
191454901004013,3
191454901004014,3
191454901004015,3
191454901004016,3
191454901004017,3
191454901004018,3
191454901004019,3
191454901004020,3
191454901004021,3
191454901004022,3
191454901004023,3
191454901004024,3
191454901004025,3
191454901004026,3
191454901004027,3
191454901004028,3
191454901004029,3
191454901004030,3
191454901004031,3
191454901004032,3
191454901004033,3
191454901004034,3
191454901004035,3
191454901004036,3
191454901004037,3
191454901004038,3
191454901004039,3
191454901004040,3
191454901004041,3
191454901004042,3
191454901004043,3
191454901004044,3
191454901004045,3
191454901004046,3
191454901004047,3
191454901004048,3
191454901004049,3
191454901004050,3
191454901004051,3
191454901004052,3
191454901004053,3
191454901004054,3
191454901004055,3
191454901004056,3
191454901004057,3
191454901004058,3
191454901004059,3
191454901004060,3
191454901004061,3
191454901004062,3
191454901004063,3
191454901004064,3
191454901004065,3
191454901004066,3
191454901004067,3
191454901004068,3
191454901004069,3
191454901004070,3
191454901004071,3
191454901004072,3
191454901004073,3
191454901004074,3
191454901004075,3
191454901004076,3
191454901004077,3
191454901003079,3
191454901003080,3
191454901003081,3
191454901003082,3
191454901003083,3
191454901003084,3
191454901003085,3
191454901003086,3
191454901003087,3
191454901003088,3
191454901003089,3
191454901003090,3
191454901003098,3
191454901003099,3
191454901003100,3
191454901003101,3
191454901003102,3
191454901003103,3
191454901003104,3
191454901003105,3
191454901003106,3
191454901003107,3
191454901003108,3
191454901003109,3
191454901003117,3
191454901003118,3
191454901003119,3
191454901003120,3
191454901003121,3
191454901003122,3
191454901003123,3
191454901003124,3
191454901003125,3
191454901003126,3
191454901003127,3
191454901003128,3
191454901003129,3
191454901003130,3
191454901003131,3
191454901003132,3
191454901003133,3
191454901003138,3
191454901003139,3
191454901003142,3
191454902001000,3
191454902001004,3
191454902001013,3
191454902001024,3
191454902001026,3
191454902003000,3
191454902003001,3
191454902003002,3
191454902003003,3
191454903003018,3
191454903003026,3
191454903003027,3
191454903003028,3
191454901003143,3
191454901003144,3
191454906002042,3
191454906002043,3
191454906002044,3
191454906002045,3
191454906002046,3
191454906002047,3
191454906002048,3
191454906002049,3
191454906002050,3
191454906002051,3
191454906002052,3
191454906002053,3
191454906002054,3
191454906002055,3
191454906002056,3
191454906002057,3
191454906002058,3
191454906002059,3
191454906002060,3
191454906002061,3
191454906002062,3
191454906002063,3
191454906002064,3
191454906002065,3
191454906002066,3
191454906002067,3
191454906002068,3
191454906002069,3
191454906002070,3
191454906002071,3
191454906002072,3
191454906002073,3
191454906002074,3
191454906002075,3
191454906002076,3
191454906002077,3
191454906002078,3
191454906002079,3
191454906002084,3
191454906002085,3
191454906002086,3
191454906002087,3
191454906002088,3
191454906002118,3
191454906002270,3
191454902001001,3
191454902001002,3
191454902001003,3
191454902001005,3
191454902001006,3
191454902001007,3
191454902001008,3
191454902001009,3
191454902001010,3
191454902001011,3
191454902001012,3
191454902001014,3
191454902001015,3
191454902001016,3
191454902001017,3
191454902001018,3
191454902001019,3
191454902001020,3
191454902001021,3
191454902001022,3
191454902001023,3
191454902001025,3
191454902001027,3
191454902002000,3
191454902002001,3
191454902002002,3
191454902002003,3
191454902002004,3
191454902002005,3
191454902002006,3
191454902002007,3
191454902002008,3
191454902002009,3
191454902002010,3
191454902002011,3
191454902002012,3
191454902002013,3
191454902002014,3
191454902002015,3
191454902002016,3
191454902002017,3
191454902002018,3
191454902002019,3
191454902002020,3
191454902002021,3
191454902002022,3
191454902002023,3
191454902002024,3
191454902002025,3
191454902002026,3
191454902002027,3
191454902002028,3
191454902002029,3
191454902002030,3
191454902002031,3
191454902002032,3
191454902002033,3
191454902003004,3
191454902003005,3
191454902003006,3
191454902003007,3
191454902003008,3
191454902003009,3
191454902003010,3
191454902003011,3
191454902003012,3
191454902003013,3
191454902003014,3
191454902003015,3
191454902003016,3
191454902003017,3
191454902003018,3
191454902003019,3
191454902003020,3
191454902003021,3
191454902003022,3
191454902003023,3
191454902003024,3
191454902003025,3
191454902003026,3
191454902003027,3
191454902003028,3
191454902003029,3
191454902003030,3
191454902003031,3
191454902003032,3
191454902003033,3
191454902003034,3
191454902003035,3
191454902003036,3
191454902003037,3
191454902003038,3
191454902003039,3
191454902003040,3
191454902003041,3
191454902003042,3
191454902003043,3
191454902003044,3
191454902003045,3
191454902003046,3
191454902003047,3
191454902003048,3
191454902003049,3
191454902003050,3
191454902003051,3
191454902003052,3
191454902003053,3
191454902003054,3
191454902003055,3
191454902003056,3
191454902003057,3
191454902003058,3
191454902003059,3
191454902003060,3
191454902003061,3
191454902003062,3
191454902003063,3
191454902003064,3
191454902003065,3
191454902003066,3
191454902003067,3
191454903001000,3
191454903001001,3
191454903001002,3
191454903001003,3
191454903001004,3
191454903001005,3
191454903001006,3
191454903001007,3
191454903001008,3
191454903001009,3
191454903001010,3
191454903001011,3
191454903001012,3
191454903001013,3
191454903001014,3
191454903001015,3
191454903001016,3
191454903001017,3
191454903001018,3
191454903001019,3
191454903001020,3
191454903001021,3
191454903001022,3
191454903001023,3
191454903001024,3
191454903001025,3
191454903001026,3
191454903001027,3
191454903001028,3
191454903001029,3
191454903001030,3
191454903001031,3
191454903001032,3
191454903001033,3
191454903001034,3
191454903001035,3
191454903001036,3
191454903001037,3
191454903001038,3
191454903001039,3
191454903001040,3
191454903001041,3
191454903001042,3
191454903001043,3
191454903001044,3
191454903001045,3
191454903001046,3
191454903001047,3
191454903001048,3
191454903001049,3
191454903001050,3
191454903001051,3
191454903001052,3
191454903001053,3
191454903001054,3
191454903001055,3
191454903001056,3
191454903001057,3
191454903001058,3
191454903001059,3
191454903001060,3
191454903001061,3
191454903001062,3
191454903001063,3
191454903001064,3
191454903001065,3
191454903001066,3
191454903001067,3
191454903001068,3
191454903001069,3
191454903001070,3
191454903001071,3
191454903001072,3
191454903001073,3
191454903001074,3
191454903001075,3
191454903001076,3
191454903001077,3
191454903001078,3
191454903001079,3
191454903001080,3
191454903002000,3
191454903002001,3
191454903002002,3
191454903002003,3
191454903002004,3
191454903002005,3
191454903002006,3
191454903002007,3
191454903002008,3
191454903002009,3
191454903002010,3
191454903002011,3
191454903002012,3
191454903002013,3
191454903002014,3
191454903002015,3
191454903002016,3
191454903002017,3
191454903002018,3
191454903002019,3
191454903002020,3
191454903002021,3
191454903002022,3
191454903002023,3
191454903002024,3
191454903002025,3
191454903002026,3
191454903002027,3
191454903002028,3
191454903002029,3
191454903002030,3
191454903002031,3
191454903002032,3
191454903002033,3
191454903002034,3
191454903002035,3
191454903002036,3
191454903002037,3
191454903002038,3
191454903002039,3
191454903002040,3
191454903003000,3
191454903003001,3
191454903003002,3
191454903003003,3
191454903003004,3
191454903003005,3
191454903003006,3
191454903003007,3
191454903003008,3
191454903003009,3
191454903003010,3
191454903003011,3
191454903003012,3
191454903003013,3
191454903003014,3
191454903003015,3
191454903003016,3
191454903003017,3
191454903003019,3
191454903003020,3
191454903003021,3
191454903003022,3
191454903003023,3
191454903003024,3
191454903003025,3
191454903003029,3
191454903003030,3
191454903003031,3
191454903003032,3
191454903003033,3
191454903003034,3
191454903003035,3
191454903003036,3
191454905001059,3
191454905001062,3
191454905001063,3
191454905002014,3
191454905002015,3
191454906001018,3
191454906001020,3
191454906001021,3
191454906001022,3
191454906001023,3
191454906001024,3
191454906001025,3
191454906001026,3
191454906001027,3
191454906001032,3
191454906001035,3
191454906001036,3
191454906001037,3
191454906001038,3
191454906001039,3
191454906001040,3
191454906001041,3
191454906001042,3
191454906001043,3
191454906001044,3
191454906001045,3
191454906001046,3
191454906001047,3
191454906001048,3
191454906001049,3
191454906001050,3
191454906001051,3
191454906001052,3
191454906001053,3
191454906001054,3
191454906001055,3
191454906001056,3
191454906001057,3
191454906001061,3
191454906001062,3
191454906001071,3
191454906001132,3
191454906001133,3
191454906001134,3
191454906001135,3
191454906001136,3
191454906001137,3
191454906001139,3
191454906001140,3
191454906002015,3
191454906002016,3
191454906002022,3
191454906002023,3
191454906002024,3
191454906002197,3
191454906002201,3
191454906002202,3
191454905001061,3
191454905001065,3
191454906001000,3
191454906001001,3
191454906001002,3
191454906001003,3
191454906001004,3
191454906001005,3
191454906001006,3
191454906001007,3
191454906001012,3
191454906001013,3
191454906001014,3
191454906001015,3
191454906001016,3
191454906001017,3
191454906001019,3
191454906001063,3
191454906001064,3
191454906001065,3
191454906001066,3
191454906001067,3
191454906001068,3
191454906001072,3
191454906001073,3
191454906001097,3
191454906001098,3
191454906001102,3
191454906001103,3
191454906001104,3
191454906001105,3
191454906001106,3
191454906001107,3
191454906001108,3
191454906001109,3
191454906001110,3
191454906001111,3
191454906001112,3
191454906001113,3
191454906001114,3
191454906001115,3
191454906001116,3
191454906001138,3
191454906001142,3
191454906001058,3
191454906001059,3
191454906001060,3
191454906001069,3
191454906001070,3
191454906001074,3
191454906001075,3
191454906001076,3
191454906001077,3
191454906001078,3
191454906001079,3
191454906001080,3
191454906001081,3
191454906001082,3
191454906001083,3
191454906001084,3
191454906001085,3
191454906001086,3
191454906001087,3
191454906001088,3
191454906001089,3
191454906001090,3
191454906001091,3
191454906001092,3
191454906001093,3
191454906002208,3
191454906002209,3
191454906003012,3
191454906003013,3
191454906003014,3
191454906003015,3
191454906003016,3
191454906003017,3
191454906003018,3
191454906003019,3
191454906003020,3
191454906003021,3
191454906003022,3
191454906003023,3
191454906003024,3
191454906003025,3
191454906003026,3
191454906003027,3
191454906003028,3
191454906003029,3
191454906003030,3
191454906003031,3
191454906003032,3
191454906003033,3
191454906003034,3
191454906003039,3
191454906003040,3
191454906003041,3
191454906003042,3
191454906003043,3
191454906003044,3
191454906003045,3
191454906003046,3
191454906003047,3
191454906003048,3
191454906003049,3
191454906003050,3
191454906003051,3
191454906003052,3
191454906003053,3
191454906003054,3
191454906003055,3
191454906003056,3
191454906003057,3
191454906003058,3
191454906003059,3
191454906003060,3
191454906003061,3
191454906003062,3
191454906003063,3
191454906003064,3
191454906003065,3
191454906003066,3
191454906003067,3
191454906003068,3
191454906003069,3
191454906003070,3
191454906003071,3
191454906003072,3
191454906003073,3
191454906003074,3
191454906003075,3
191454906003076,3
191454906003077,3
191454906003078,3
191454906003079,3
191454906003080,3
191454906003081,3
191454906003117,3
191454906003118,3
191454906003119,3
191454906003120,3
191454906003123,3
191454906003124,3
191454906003125,3
191454906001094,3
191454906001095,3
191454906001096,3
191454906001099,3
191454906001100,3
191454906001101,3
191454906001117,3
191454906001118,3
191454906001119,3
191454906001120,3
191454906001121,3
191454906001122,3
191454906001123,3
191454906001124,3
191454906001125,3
191454906001126,3
191454906001127,3
191454906001128,3
191454906001129,3
191454906001130,3
191454906001131,3
191454906001141,3
191454906003000,3
191454906003001,3
191454906003002,3
191454906003003,3
191454906003004,3
191454906003005,3
191454906003006,3
191454906003007,3
191454906003008,3
191454906003009,3
191454906003010,3
191454906003011,3
191454906003099,3
191454906003100,3
191454906003101,3
191454906003102,3
191454906003103,3
191454906003104,3
191454906003105,3
191454906003106,3
191454906003107,3
191454906003108,3
191454906003109,3
191454906003110,3
191454906003111,3
191454906003112,3
191454906002002,3
191454906002009,3
191454906002275,3
191454906002276,3
191454906002277,3
191454906002278,3
191454906002279,3
191454906002280,3
191454906002281,3
191454906002282,3
191454906002283,3
191454906002012,3
191454906002013,3
191454906002014,3
191454906002021,3
191454906002025,3
191454906002026,3
191454906002027,3
191454906002028,3
191454906002029,3
191454906002030,3
191454906002031,3
191454906002032,3
191454906002033,3
191454906002034,3
191454906002035,3
191454906002036,3
191454906002037,3
191454906002038,3
191454906002039,3
191454906002040,3
191454906002041,3
191454906002089,3
191454906002090,3
191454906002093,3
191454906002094,3
191454906002095,3
191454906002096,3
191454906002097,3
191454906002098,3
191454906002099,3
191454906002100,3
191454906002101,3
191454906002102,3
191454906002103,3
191454906002104,3
191454906002105,3
191454906002106,3
191454906002107,3
191454906002192,3
191454906002193,3
191454906002194,3
191454906002195,3
191454906002196,3
191454906002198,3
191454906002199,3
191454906002200,3
191454906002203,3
191454906002211,3
191454906002271,3
191454906002272,3
191454906002080,3
191454906002081,3
191454906002082,3
191454906002083,3
191454906002091,3
191454906002092,3
191454906002117,3
191454906002142,3
191454906002143,3
191454906002144,3
191454906002145,3
191454906002146,3
191454906002147,3
191454906002148,3
191454906002149,3
191454906002150,3
191454906002151,3
191454906002152,3
191454906002153,3
191454906002154,3
191454906002155,3
191454906002156,3
191454906002157,3
191454906002158,3
191454906002159,3
191454906002160,3
191454906002161,3
191454906002162,3
191454906002163,3
191454906002164,3
191454906002165,3
191454906002166,3
191454906002167,3
191454906002168,3
191454906002169,3
191454906002170,3
191454906002171,3
191454906002172,3
191454906002173,3
191454906002174,3
191454906002175,3
191454906002176,3
191454906002177,3
191454906002178,3
191454906002179,3
191454906002180,3
191454906002181,3
191454906002182,3
191454906002183,3
191454906002184,3
191454906002185,3
191454906002186,3
191454906002232,3
191454906002233,3
191454906002234,3
191454906002235,3
191454906002236,3
191454906002237,3
191454906002238,3
191454906002255,3
191454906002259,3
191454906002260,3
191454906002261,3
191454906002262,3
191454906002263,3
191454906002267,3
191454906002268,3
191454906002269,3
191454906002284,3
191454906002285,3
191454906002286,3
191454906002108,3
191454906002109,3
191454906002110,3
191454906002111,3
191454906002112,3
191454906002113,3
191454906002114,3
191454906002115,3
191454906002121,3
191454906002122,3
191454906002123,3
191454906002124,3
191454906002125,3
191454906002126,3
191454906002127,3
191454906002128,3
191454906002129,3
191454906002130,3
191454906002131,3
191454906002132,3
191454906002133,3
191454906002134,3
191454906002135,3
191454906002136,3
191454906002137,3
191454906002138,3
191454906002139,3
191454906002140,3
191454906002141,3
191454906002116,3
191454906002119,3
191454906002120,3
191454906002187,3
191454906002188,3
191454906002189,3
191454906002190,3
191454906002191,3
191454906002204,3
191454906002205,3
191454906002206,3
191454906002207,3
191454906002210,3
191454906002212,3
191454906002213,3
191454906002214,3
191454906002215,3
191454906002216,3
191454906002217,3
191454906002218,3
191454906002219,3
191454906002220,3
191454906002221,3
191454906002222,3
191454906002223,3
191454906002224,3
191454906002225,3
191454906002226,3
191454906002227,3
191454906002228,3
191454906002229,3
191454906002230,3
191454906002231,3
191454906002239,3
191454906002240,3
191454906002241,3
191454906002242,3
191454906002243,3
191454906002244,3
191454906002245,3
191454906002246,3
191454906002247,3
191454906002248,3
191454906002249,3
191454906002250,3
191454906002251,3
191454906002252,3
191454906002253,3
191454906002254,3
191454906002256,3
191454906002257,3
191454906002258,3
191454906002264,3
191454906002265,3
191454906002266,3
191454906002273,3
191454906002274,3
191454906003035,3
191454906003036,3
191454906003037,3
191454906003038,3
191454906003121,3
191454906003122,3
191454906003082,3
191454906003083,3
191454906003084,3
191454906003085,3
191454906003086,3
191454906003087,3
191454906003088,3
191454906003089,3
191454906003090,3
191454906003091,3
191454906003092,3
191454906003093,3
191454906003094,3
191454906003095,3
191454906003096,3
191454906003097,3
191454906003098,3
191454906003113,3
191454906003114,3
191454906003115,3
191454906003116,3
191479601001000,4
191479601001001,4
191479601001002,4
191479601001003,4
191479601001046,4
191479601001047,4
191479601001048,4
191479601001049,4
191479601002322,4
191479601002323,4
191479601002324,4
191479601002328,4
191479601002329,4
191479601002330,4
191479601002334,4
191479601002335,4
191479601002336,4
191479601002337,4
191479601002338,4
191479601002339,4
191479601002340,4
191479601002341,4
191479601002342,4
191479601002363,4
191479601002364,4
191479601002365,4
191479601002366,4
191479601002367,4
191479601002368,4
191479601002369,4
191479601002370,4
191479601002371,4
191479601002372,4
191479601002373,4
191479601002374,4
191479601002375,4
191479601002376,4
191479601002377,4
191479601002378,4
191479601002383,4
191479601002384,4
191479601002385,4
191479601002386,4
191479601002387,4
191479601002388,4
191479601002389,4
191479601002390,4
191479601002391,4
191479601002392,4
191479601002393,4
191479601002394,4
191479601002395,4
191479601002396,4
191479601002397,4
191479601002398,4
191479601002414,4
191479601002415,4
191479601002418,4
191479601002419,4
191479601002420,4
191479601002421,4
191479601002427,4
191479601002438,4
191479601001004,4
191479601001005,4
191479601001006,4
191479601001007,4
191479601001008,4
191479601001009,4
191479601001010,4
191479601001011,4
191479601001012,4
191479601001013,4
191479601001014,4
191479601001015,4
191479601001016,4
191479601001017,4
191479601001018,4
191479601001019,4
191479601001020,4
191479601001021,4
191479601001022,4
191479601001023,4
191479601001024,4
191479601001025,4
191479601001026,4
191479601001027,4
191479601001028,4
191479601001029,4
191479601001030,4
191479601001031,4
191479601001032,4
191479601001033,4
191479601001034,4
191479601001035,4
191479601001036,4
191479601001037,4
191479601001038,4
191479601001039,4
191479601001040,4
191479601001041,4
191479601001042,4
191479601001043,4
191479601001044,4
191479601001045,4
191479601001050,4
191479601001051,4
191479601001052,4
191479601001053,4
191479601001054,4
191479601001055,4
191479601001056,4
191479601001057,4
191479601001058,4
191479601001059,4
191479601001060,4
191479601001061,4
191479601001062,4
191479601001063,4
191479601001064,4
191479601002000,4
191479601002001,4
191479601002002,4
191479601002003,4
191479601002004,4
191479601002005,4
191479601002006,4
191479601002027,4
191479601002028,4
191479601002029,4
191479601002030,4
191479601002031,4
191479601002032,4
191479601002033,4
191479601002034,4
191479601002035,4
191479601002036,4
191479601002037,4
191479601002038,4
191479601002039,4
191479601002040,4
191479601002041,4
191479601002042,4
191479601002043,4
191479601002044,4
191479601002045,4
191479601002046,4
191479601002047,4
191479601002048,4
191479601002049,4
191479601002050,4
191479601002051,4
191479601002052,4
191479601002053,4
191479601002054,4
191479601002055,4
191479601002056,4
191479601002057,4
191479601002058,4
191479601002059,4
191479601002060,4
191479601002063,4
191479601002064,4
191479601002065,4
191479601002066,4
191479601002067,4
191479601002068,4
191479601002069,4
191479601002070,4
191479601002118,4
191479601002119,4
191479601002120,4
191479601002121,4
191479601002122,4
191479601002007,4
191479601002008,4
191479601002009,4
191479601002010,4
191479601002011,4
191479601002012,4
191479601002013,4
191479601002014,4
191479601002015,4
191479601002016,4
191479601002017,4
191479601002018,4
191479601002019,4
191479601002020,4
191479601002021,4
191479601002022,4
191479601002023,4
191479601002024,4
191479601002025,4
191479601002026,4
191479601002061,4
191479601002062,4
191479601002071,4
191479601002072,4
191479601002073,4
191479601002074,4
191479601002075,4
191479601002076,4
191479601002077,4
191479601002078,4
191479601002079,4
191479601002080,4
191479601002081,4
191479601002082,4
191479601002083,4
191479601002084,4
191479601002085,4
191479601002086,4
191479601002087,4
191479601002088,4
191479601002089,4
191479601002090,4
191479601002091,4
191479601002092,4
191479601002095,4
191479601002096,4
191479601002097,4
191479601002098,4
191479601002439,4
191479603001000,4
191479603001001,4
191479603001009,4
191479601002093,4
191479601002094,4
191479601002099,4
191479601002100,4
191479601002101,4
191479601002102,4
191479601002103,4
191479601002104,4
191479601002105,4
191479601002106,4
191479601002107,4
191479601002108,4
191479601002109,4
191479601002110,4
191479601002140,4
191479601002141,4
191479601002142,4
191479601002143,4
191479601002144,4
191479601002145,4
191479601002146,4
191479601002147,4
191479601002148,4
191479601002149,4
191479601002159,4
191479601002160,4
191479601002161,4
191479601002162,4
191479601002163,4
191479601002164,4
191479601002165,4
191479601002166,4
191479601002167,4
191479601002168,4
191479601002196,4
191479601002197,4
191479601002198,4
191479601002201,4
191479601002206,4
191479601002207,4
191479601002208,4
191479601002209,4
191479601002428,4
191479603001006,4
191479603001007,4
191479603001008,4
191479603001012,4
191479603001013,4
191479603004000,4
191479603004104,4
191479603004105,4
191479603004106,4
191479601002111,4
191479601002112,4
191479601002113,4
191479601002114,4
191479601002115,4
191479601002116,4
191479601002117,4
191479601002123,4
191479601002124,4
191479601002125,4
191479601002126,4
191479601002127,4
191479601002128,4
191479601002129,4
191479601002130,4
191479601002131,4
191479601002132,4
191479601002133,4
191479601002134,4
191479601002135,4
191479601002136,4
191479601002137,4
191479601002138,4
191479601002139,4
191479601002150,4
191479601002151,4
191479601002152,4
191479601002153,4
191479601002154,4
191479601002155,4
191479601002156,4
191479601002157,4
191479601002158,4
191479601002169,4
191479601002170,4
191479601002171,4
191479601002172,4
191479601002173,4
191479601002174,4
191479601002175,4
191479601002176,4
191479601002177,4
191479601002178,4
191479601002179,4
191479601002180,4
191479601002181,4
191479601002182,4
191479601002183,4
191479601002184,4
191479601002185,4
191479601002193,4
191479601002194,4
191479601002195,4
191479601002429,4
191479601002430,4
191479601002431,4
191479601002432,4
191479601002433,4
191479601002434,4
191479601002435,4
191479601002186,4
191479601002187,4
191479601002188,4
191479601002189,4
191479601002190,4
191479601002191,4
191479601002192,4
191479601002232,4
191479601002236,4
191479601002237,4
191479601002238,4
191479601002239,4
191479601002240,4
191479601002241,4
191479601002242,4
191479601002243,4
191479601002244,4
191479601002245,4
191479601002246,4
191479601002247,4
191479601002248,4
191479601002249,4
191479601002250,4
191479601002251,4
191479601002252,4
191479601002253,4
191479601002254,4
191479601002255,4
191479601002256,4
191479601002257,4
191479601002258,4
191479601002259,4
191479601002260,4
191479601002261,4
191479601002262,4
191479601002263,4
191479601002264,4
191479601002265,4
191479601002266,4
191479601002267,4
191479601002268,4
191479601002269,4
191479601002270,4
191479601002271,4
191479601002272,4
191479601002273,4
191479601002274,4
191479601002275,4
191479601002276,4
191479601002277,4
191479601002278,4
191479601002279,4
191479601002280,4
191479601002281,4
191479601002282,4
191479601002283,4
191479601002284,4
191479601002285,4
191479601002286,4
191479601002287,4
191479601002288,4
191479601002289,4
191479601002290,4
191479601002311,4
191479601002312,4
191479601002325,4
191479601002326,4
191479601002327,4
191479601002331,4
191479601002332,4
191479601002333,4
191479601002425,4
191479601002436,4
191479601002199,4
191479601002200,4
191479601002202,4
191479601002203,4
191479601002204,4
191479601002205,4
191479601002210,4
191479601002211,4
191479601002212,4
191479601002213,4
191479601002214,4
191479601002215,4
191479601002216,4
191479601002217,4
191479601002218,4
191479601002219,4
191479601002220,4
191479601002221,4
191479601002222,4
191479601002223,4
191479601002224,4
191479601002225,4
191479601002226,4
191479601002227,4
191479601002228,4
191479601002229,4
191479601002230,4
191479601002231,4
191479601002233,4
191479601002234,4
191479601002235,4
191479601002291,4
191479601002292,4
191479601002293,4
191479601002294,4
191479601002295,4
191479601002296,4
191479601002297,4
191479601002298,4
191479601002299,4
191479601002300,4
191479601002301,4
191479601002302,4
191479601002303,4
191479601002304,4
191479601002305,4
191479601002306,4
191479601002307,4
191479601002308,4
191479601002309,4
191479601002310,4
191479601002313,4
191479601002314,4
191479601002315,4
191479601002316,4
191479601002317,4
191479601002318,4
191479601002426,4
191479601002437,4
191479601002319,4
191479601002320,4
191479601002321,4
191479601002343,4
191479601002344,4
191479601002345,4
191479601002346,4
191479601002347,4
191479601002348,4
191479601002349,4
191479601002350,4
191479601002351,4
191479601002352,4
191479601002353,4
191479601002355,4
191479601002356,4
191479601002357,4
191479601002358,4
191479601002359,4
191479601002360,4
191479601002361,4
191479601002362,4
191479601002379,4
191479601002380,4
191479601002381,4
191479601002382,4
191479601002399,4
191479601002400,4
191479601002401,4
191479601002402,4
191479601002405,4
191479601002406,4
191479601002407,4
191479601002408,4
191479601002409,4
191479601002410,4
191479601002411,4
191479601002412,4
191479601002413,4
191479601002416,4
191479601002417,4
191479601002422,4
191479601002423,4
191479601002424,4
191479601002354,4
191479601002403,4
191479601002404,4
191479602002204,4
191479602002205,4
191479602002206,4
191479602002207,4
191479602002208,4
191479602002209,4
191479602002210,4
191479602002212,4
191479602002213,4
191479602002214,4
191479602002215,4
191479602002216,4
191479602002217,4
191479602002218,4
191479602002219,4
191479602002220,4
191479602002221,4
191479602002222,4
191479602002223,4
191479602002224,4
191479602002225,4
191479602002226,4
191479602002227,4
191479602002228,4
191479602002229,4
191479602002230,4
191479602002231,4
191479602002232,4
191479602002233,4
191479602002234,4
191479602002235,4
191479602002236,4
191479602002237,4
191479602002238,4
191479602002239,4
191479602002240,4
191479602002241,4
191479602002242,4
191479602002243,4
191479602002244,4
191479602002245,4
191479602002246,4
191479602002247,4
191479602001000,4
191479602001001,4
191479602001002,4
191479602001003,4
191479602001004,4
191479602001005,4
191479602001006,4
191479602001007,4
191479602001008,4
191479602001009,4
191479602001010,4
191479602001011,4
191479602001012,4
191479602001013,4
191479602001014,4
191479602001015,4
191479602001016,4
191479602001017,4
191479602001018,4
191479602001019,4
191479602001020,4
191479602001021,4
191479602001022,4
191479602001023,4
191479602001024,4
191479602001025,4
191479602001026,4
191479602001027,4
191479602001028,4
191479602001029,4
191479602001030,4
191479602001031,4
191479602001032,4
191479602001033,4
191479602001034,4
191479602001035,4
191479602001036,4
191479602001037,4
191479602001038,4
191479602001039,4
191479602001040,4
191479602001041,4
191479602001042,4
191479602001043,4
191479602001044,4
191479602001045,4
191479602001046,4
191479602001047,4
191479602001048,4
191479602001049,4
191479602001050,4
191479602001051,4
191479602001052,4
191479602001053,4
191479602001054,4
191479602001055,4
191479602001056,4
191479602001057,4
191479602001058,4
191479602001059,4
191479602001060,4
191479602001061,4
191479602001062,4
191479602001063,4
191479602001064,4
191479602001065,4
191479602001066,4
191479602001067,4
191479602001068,4
191479602001069,4
191479602001070,4
191479602001071,4
191479602001072,4
191479602001073,4
191479602001074,4
191479602001075,4
191479602001076,4
191479602001077,4
191479602001078,4
191479602001079,4
191479602001080,4
191479602001081,4
191479602001082,4
191479602001083,4
191479602001084,4
191479602001085,4
191479602002000,4
191479602002001,4
191479602002002,4
191479602002003,4
191479602002004,4
191479602002005,4
191479602002006,4
191479602002007,4
191479602002008,4
191479602002009,4
191479602002010,4
191479602002011,4
191479602002012,4
191479602002013,4
191479602002014,4
191479602002015,4
191479602002016,4
191479602002017,4
191479602002018,4
191479602002019,4
191479602002020,4
191479602002021,4
191479602002022,4
191479602002023,4
191479602002024,4
191479602002025,4
191479602002026,4
191479602002027,4
191479602002028,4
191479602002029,4
191479602002030,4
191479602002031,4
191479602002032,4
191479602002033,4
191479602002034,4
191479602002035,4
191479602002036,4
191479602002037,4
191479602002038,4
191479602002039,4
191479602002040,4
191479602002041,4
191479602002042,4
191479602002043,4
191479602002044,4
191479602002045,4
191479602002046,4
191479602002050,4
191479602002051,4
191479602002052,4
191479602002053,4
191479602002057,4
191479602002058,4
191479602002064,4
191479602002065,4
191479602002097,4
191479602002098,4
191479603001002,4
191479603001003,4
191479604002000,4
191479604002001,4
191479604002017,4
191479604002018,4
191479602002047,4
191479602002048,4
191479602002049,4
191479602002054,4
191479602002055,4
191479602002056,4
191479602002059,4
191479602002060,4
191479602002061,4
191479602002062,4
191479602002063,4
191479602002066,4
191479602002067,4
191479602002068,4
191479602002069,4
191479602002070,4
191479602002071,4
191479602002073,4
191479602002074,4
191479602002075,4
191479602002076,4
191479602002077,4
191479602002078,4
191479602002079,4
191479602002080,4
191479602002081,4
191479602002082,4
191479602002083,4
191479602002084,4
191479602002085,4
191479602002086,4
191479602002087,4
191479602002088,4
191479602002089,4
191479602002090,4
191479602002091,4
191479602002092,4
191479602002093,4
191479602002094,4
191479602002095,4
191479602002096,4
191479602002099,4
191479602002100,4
191479602002101,4
191479602002102,4
191479602002103,4
191479602002104,4
191479602002107,4
191479602002108,4
191479602002109,4
191479602002110,4
191479602002113,4
191479602002124,4
191479602002125,4
191479602002126,4
191479603001004,4
191479603001005,4
191479603001026,4
191479603001027,4
191479603001047,4
191479603001048,4
191479603003077,4
191479603003078,4
191479603003079,4
191479603003080,4
191479602002072,4
191479603001010,4
191479603001011,4
191479603001014,4
191479603001015,4
191479603001016,4
191479603001017,4
191479603001018,4
191479603001019,4
191479603001020,4
191479603001021,4
191479603001022,4
191479603001023,4
191479603001024,4
191479603001025,4
191479603001028,4
191479603001029,4
191479603001030,4
191479603001031,4
191479603001032,4
191479603001033,4
191479603001034,4
191479603001035,4
191479603001036,4
191479603001037,4
191479603001038,4
191479603001039,4
191479603001040,4
191479603001041,4
191479603001042,4
191479603001043,4
191479603001044,4
191479603001045,4
191479603001046,4
191479603001049,4
191479603001050,4
191479603001051,4
191479603001052,4
191479603001053,4
191479603001054,4
191479603001055,4
191479603001056,4
191479603001057,4
191479603001058,4
191479603001059,4
191479603001060,4
191479603001061,4
191479603001062,4
191479603001063,4
191479603001064,4
191479603001065,4
191479603001066,4
191479603001067,4
191479603001068,4
191479603002000,4
191479603002001,4
191479603002002,4
191479603002003,4
191479603002004,4
191479603002005,4
191479603002006,4
191479603002007,4
191479603002008,4
191479603002009,4
191479603002010,4
191479603002011,4
191479603002012,4
191479603002013,4
191479603002014,4
191479603002015,4
191479603002016,4
191479603002017,4
191479603002018,4
191479603002019,4
191479603002020,4
191479603002021,4
191479603002022,4
191479603002023,4
191479603002024,4
191479603002025,4
191479603002026,4
191479603002027,4
191479603002028,4
191479603002029,4
191479603002030,4
191479603002031,4
191479603002032,4
191479603002033,4
191479603002034,4
191479603002035,4
191479603002036,4
191479603002037,4
191479603002038,4
191479603002039,4
191479603002040,4
191479603002041,4
191479603002042,4
191479603002043,4
191479603002044,4
191479603002045,4
191479603002046,4
191479603002047,4
191479603002048,4
191479603002049,4
191479603003000,4
191479603003001,4
191479603003002,4
191479603003003,4
191479603003004,4
191479603003005,4
191479603003006,4
191479603003007,4
191479603003008,4
191479603003009,4
191479603003010,4
191479603003011,4
191479603003012,4
191479603003013,4
191479603003014,4
191479603003015,4
191479603003016,4
191479603003017,4
191479603003018,4
191479603003019,4
191479603003020,4
191479603003021,4
191479603003022,4
191479603003023,4
191479603003024,4
191479603003025,4
191479603003026,4
191479603003027,4
191479603003028,4
191479603003029,4
191479603003030,4
191479603003031,4
191479603003032,4
191479603003033,4
191479603003034,4
191479603003035,4
191479603003036,4
191479603003037,4
191479603003038,4
191479603003039,4
191479603003040,4
191479603003041,4
191479603003042,4
191479603003043,4
191479603003044,4
191479603003045,4
191479603003046,4
191479603003047,4
191479603003048,4
191479603003049,4
191479603003050,4
191479603003051,4
191479603003052,4
191479603003053,4
191479603003054,4
191479603003055,4
191479603003056,4
191479603003057,4
191479603003058,4
191479603003059,4
191479603003060,4
191479603003061,4
191479603003062,4
191479603003063,4
191479603003064,4
191479603003065,4
191479603003066,4
191479603003067,4
191479603003068,4
191479603003069,4
191479603003070,4
191479603003071,4
191479603003072,4
191479603003073,4
191479603003074,4
191479603003075,4
191479603003076,4
191479603003081,4
191479603003082,4
191479603004001,4
191479603004002,4
191479603004003,4
191479603004004,4
191479603004005,4
191479603004006,4
191479603004007,4
191479603004008,4
191479603004009,4
191479603004010,4
191479603004011,4
191479603004012,4
191479603004013,4
191479603004014,4
191479603004015,4
191479603004016,4
191479603004017,4
191479603004018,4
191479603004019,4
191479603004020,4
191479603004021,4
191479603004022,4
191479603004023,4
191479603004024,4
191479603004025,4
191479603004026,4
191479603004027,4
191479603004028,4
191479603004029,4
191479603004030,4
191479603004031,4
191479603004032,4
191479603004033,4
191479603004034,4
191479603004035,4
191479603004036,4
191479603004037,4
191479603004038,4
191479603004039,4
191479603004040,4
191479603004041,4
191479603004042,4
191479603004043,4
191479603004044,4
191479603004045,4
191479603004046,4
191479603004047,4
191479603004048,4
191479603004049,4
191479603004050,4
191479603004051,4
191479603004052,4
191479603004053,4
191479603004054,4
191479603004055,4
191479603004056,4
191479603004057,4
191479603004058,4
191479603004059,4
191479603004060,4
191479603004061,4
191479603004062,4
191479603004063,4
191479603004064,4
191479603004065,4
191479603004066,4
191479603004067,4
191479603004068,4
191479603004069,4
191479603004070,4
191479603004071,4
191479603004072,4
191479603004073,4
191479603004074,4
191479603004075,4
191479603004076,4
191479603004077,4
191479603004078,4
191479603004079,4
191479603004080,4
191479603004081,4
191479603004082,4
191479603004083,4
191479603004084,4
191479603004085,4
191479603004086,4
191479603004087,4
191479603004088,4
191479603004089,4
191479603004090,4
191479603004091,4
191479603004092,4
191479603004093,4
191479603004094,4
191479603004095,4
191479603004096,4
191479603004097,4
191479603004098,4
191479603004099,4
191479603004100,4
191479603004101,4
191479603004102,4
191479603004103,4
191479603004107,4
191479603004108,4
191479603004109,4
191479603004110,4
191479603004111,4
191479603004112,4
191479603004113,4
191479603004114,4
191479602002105,4
191479602002106,4
191479602002111,4
191479602002112,4
191479602002114,4
191479602002115,4
191479602002116,4
191479602002117,4
191479602002118,4
191479602002119,4
191479602002120,4
191479602002121,4
191479602002122,4
191479602002123,4
191479602002127,4
191479602002128,4
191479602002129,4
191479602002130,4
191479602002131,4
191479602002132,4
191479602002133,4
191479602002134,4
191479602002135,4
191479602002136,4
191479602002137,4
191479602002138,4
191479602002139,4
191479602002140,4
191479602002141,4
191479602002142,4
191479602002143,4
191479602002144,4
191479602002145,4
191479602002146,4
191479602002147,4
191479602002148,4
191479602002149,4
191479602002150,4
191479602002151,4
191479602002152,4
191479602002153,4
191479602002154,4
191479602002155,4
191479602002156,4
191479602002157,4
191479602002158,4
191479602002159,4
191479602002160,4
191479602002161,4
191479602002162,4
191479602002163,4
191479602002164,4
191479602002165,4
191479602002166,4
191479602002167,4
191479602002168,4
191479602002169,4
191479602002170,4
191479602002171,4
191479602002172,4
191479602002173,4
191479602002174,4
191479602002175,4
191479602002176,4
191479602002177,4
191479602002178,4
191479602002179,4
191479602002180,4
191479602002181,4
191479602002182,4
191479602002183,4
191479602002184,4
191479602002185,4
191479602002186,4
191479602002187,4
191479602002188,4
191479602002189,4
191479602002190,4
191479602002191,4
191479602002192,4
191479602002193,4
191479602002194,4
191479602002195,4
191479602002196,4
191479602002197,4
191479602002198,4
191479602002199,4
191479602002200,4
191479602002201,4
191479602002202,4
191479602002203,4
191479602002211,4
191479602002248,4
191479602002249,4
191479602002250,4
191479602002251,4
191479602002252,4
191479602002253,4
191479602002254,4
191479602002255,4
191479602002256,4
191479602002257,4
191479602002258,4
191479602002259,4
191479602002260,4
191479602002261,4
191479604001000,4
191479604001001,4
191479604001002,4
191479604001003,4
191479604001004,4
191479604001005,4
191479604001006,4
191479604001007,4
191479604001008,4
191479604001009,4
191479604001010,4
191479604001011,4
191479604001012,4
191479604001013,4
191479604001014,4
191479604001015,4
191479604001016,4
191479604001017,4
191479604001018,4
191479604001019,4
191479604001020,4
191479604001021,4
191479604001022,4
191479604001023,4
191479604001024,4
191479604001025,4
191479604001026,4
191479604001027,4
191479604001028,4
191479604001029,4
191479604001030,4
191479604001031,4
191479604001032,4
191479604001033,4
191479604001034,4
191479604001035,4
191479604001036,4
191479604001037,4
191479604001038,4
191479604001039,4
191479604001040,4
191479604001041,4
191479604001042,4
191479604001043,4
191479604001044,4
191479604001045,4
191479604001046,4
191479604001047,4
191479604001048,4
191479604001049,4
191479604001050,4
191479604001051,4
191479604001052,4
191479604001053,4
191479604001054,4
191479604001055,4
191479604001056,4
191479604001057,4
191479604001058,4
191479604001059,4
191479604001060,4
191479604001061,4
191479604001062,4
191479604001063,4
191479604001064,4
191479604001065,4
191479604001066,4
191479604001067,4
191479604001068,4
191479604001069,4
191479604001070,4
191479604001071,4
191479604001072,4
191479604001073,4
191479604001074,4
191479604001075,4
191479604001076,4
191479604001077,4
191479604002059,4
191479604002060,4
191479604002064,4
191479604002065,4
191479604002071,4
191479604002073,4
191479604002074,4
191479604002075,4
191479604002076,4
191479604002077,4
191479604002079,4
191479604002080,4
191479604002081,4
191479604002082,4
191479604002083,4
191479604002085,4
191479604002086,4
191479604002087,4
191479604002088,4
191479604002089,4
191479604002090,4
191479604002091,4
191479604002092,4
191479604002093,4
191479604002094,4
191479604002095,4
191479604002096,4
191479604002097,4
191479604002098,4
191479604002099,4
191479604002100,4
191479604002101,4
191479604002102,4
191479604002103,4
191479604002104,4
191479604002105,4
191479604002111,4
191479604002112,4
191479604002241,4
191479604002242,4
191479604002244,4
191479604002002,4
191479604002003,4
191479604002004,4
191479604002005,4
191479604002006,4
191479604002007,4
191479604002008,4
191479604002009,4
191479604002010,4
191479604002011,4
191479604002012,4
191479604002013,4
191479604002014,4
191479604002015,4
191479604002016,4
191479604002019,4
191479604002020,4
191479604002021,4
191479604002022,4
191479604002023,4
191479604002024,4
191479604002025,4
191479604002026,4
191479604002027,4
191479604002028,4
191479604002029,4
191479604002030,4
191479604002031,4
191479604002032,4
191479604002033,4
191479604002034,4
191479604002035,4
191479604002036,4
191479604002037,4
191479604002038,4
191479604002039,4
191479604002040,4
191479604002041,4
191479604002042,4
191479604002043,4
191479604002044,4
191479604002045,4
191479604002046,4
191479604002047,4
191479604002048,4
191479604002049,4
191479604002050,4
191479604002051,4
191479604002052,4
191479604002053,4
191479604002054,4
191479604002055,4
191479604002056,4
191479604002057,4
191479604002058,4
191479604002061,4
191479604002062,4
191479604002063,4
191479604002066,4
191479604002067,4
191479604002068,4
191479604002069,4
191479604002070,4
191479604002072,4
191479604002078,4
191479604002084,4
191479604002106,4
191479604002107,4
191479604002108,4
191479604002109,4
191479604002110,4
191479604002113,4
191479604002114,4
191479604002115,4
191479604002116,4
191479604002117,4
191479604002118,4
191479604002119,4
191479604002120,4
191479604002121,4
191479604002122,4
191479604002123,4
191479604002124,4
191479604002125,4
191479604002126,4
191479604002127,4
191479604002128,4
191479604002129,4
191479604002130,4
191479604002131,4
191479604002132,4
191479604002133,4
191479604002134,4
191479604002135,4
191479604002136,4
191479604002137,4
191479604002138,4
191479604002139,4
191479604002140,4
191479604002141,4
191479604002142,4
191479604002143,4
191479604002144,4
191479604002145,4
191479604002146,4
191479604002147,4
191479604002148,4
191479604002149,4
191479604002150,4
191479604002151,4
191479604002152,4
191479604002153,4
191479604002154,4
191479604002155,4
191479604002156,4
191479604002157,4
191479604002158,4
191479604002159,4
191479604002160,4
191479604002161,4
191479604002162,4
191479604002163,4
191479604002164,4
191479604002165,4
191479604002166,4
191479604002167,4
191479604002168,4
191479604002169,4
191479604002170,4
191479604002171,4
191479604002172,4
191479604002173,4
191479604002174,4
191479604002175,4
191479604002176,4
191479604002177,4
191479604002178,4
191479604002179,4
191479604002180,4
191479604002181,4
191479604002182,4
191479604002183,4
191479604002184,4
191479604002185,4
191479604002191,4
191479604002203,4
191479604002237,4
191479604002238,4
191479604002239,4
191479604002240,4
191479604002186,4
191479604002187,4
191479604002188,4
191479604002189,4
191479604002190,4
191479604002192,4
191479604002193,4
191479604002194,4
191479604002195,4
191479604002196,4
191479604002197,4
191479604002198,4
191479604002199,4
191479604002200,4
191479604002201,4
191479604002202,4
191479604002204,4
191479604002205,4
191479604002206,4
191479604002207,4
191479604002208,4
191479604002209,4
191479604002210,4
191479604002211,4
191479604002212,4
191479604002213,4
191479604002214,4
191479604002215,4
191479604002216,4
191479604002217,4
191479604002218,4
191479604002219,4
191479604002220,4
191479604002221,4
191479604002222,4
191479604002223,4
191479604002224,4
191479604002225,4
191479604002226,4
191479604002227,4
191479604002228,4
191479604002229,4
191479604002230,4
191479604002231,4
191479604002232,4
191479604002233,4
191479604002234,4
191479604002235,4
191479604002236,4
191479604002243,4
191479604002245,4
191499701001000,4
191499701001027,4
191499701001040,4
191499701002003,4
191499701002004,4
191499701002005,4
191499701002009,4
191499701002011,4
191499701002013,4
191499701002014,4
191499701002015,4
191499701004039,4
191499702001041,4
191499702001042,4
191499702001043,4
191499702001046,4
191499702001048,4
191499702002000,4
191499702002011,4
191499702002036,4
191499702002037,4
191499702002038,4
191499702002039,4
191499702003000,4
191499702003008,4
191499704002018,4
191499704002019,4
191499704002061,4
191499704003154,4
191499704003155,4
191499704003156,4
191499704003157,4
191499704003158,4
191499704003159,4
191499704003160,4
191499704003161,4
191499704003162,4
191499704003163,4
191499704003165,4
191499704003166,4
191499704003167,4
191499704003200,4
191499704003201,4
191499704003202,4
191499704003205,4
191499704003206,4
191499704003210,4
191499705003029,4
191499705003030,4
191499705003031,4
191499705003032,4
191499705003033,4
191499705003035,4
191499705003036,4
191499705003037,4
191499705003055,4
191499705003056,4
191499705003057,4
191499705003058,4
191499705003079,4
191499706004000,4
191499706004001,4
191499706004002,4
191499706004006,4
191499706004013,4
191499701001001,4
191499701001002,4
191499701001003,4
191499701001004,4
191499701001005,4
191499701001006,4
191499701001007,4
191499701001008,4
191499701001009,4
191499701001010,4
191499701001011,4
191499701001012,4
191499701001013,4
191499701001014,4
191499701001015,4
191499701001016,4
191499701001017,4
191499701001018,4
191499701001019,4
191499701001020,4
191499701001021,4
191499701001022,4
191499701001023,4
191499701001024,4
191499701001025,4
191499701001026,4
191499701001028,4
191499701001029,4
191499701001030,4
191499701001031,4
191499701001032,4
191499701001033,4
191499701001034,4
191499701001035,4
191499701001036,4
191499701001037,4
191499701001038,4
191499701001039,4
191499701002006,4
191499701002007,4
191499701002008,4
191499701002010,4
191499701002012,4
191499701002016,4
191499701002017,4
191499701002018,4
191499701002019,4
191499701002020,4
191499701002021,4
191499701002022,4
191499701002023,4
191499701002024,4
191499701002025,4
191499701002026,4
191499701002027,4
191499701002028,4
191499701002029,4
191499701002030,4
191499701002031,4
191499701002032,4
191499701002033,4
191499701002034,4
191499701002035,4
191499701002036,4
191499701002037,4
191499701002038,4
191499701002039,4
191499701002040,4
191499701002041,4
191499701002042,4
191499701002043,4
191499701002044,4
191499701002045,4
191499701002046,4
191499701002047,4
191499701002048,4
191499701002049,4
191499701002050,4
191499701002051,4
191499701002052,4
191499701002053,4
191499701002054,4
191499701002055,4
191499701002056,4
191499701003000,4
191499701003001,4
191499701003002,4
191499701003003,4
191499701003004,4
191499701003005,4
191499701003006,4
191499701003007,4
191499701003008,4
191499701003009,4
191499701003010,4
191499701003011,4
191499701003012,4
191499701003013,4
191499701003014,4
191499701003015,4
191499701003016,4
191499701003017,4
191499701003018,4
191499701004000,4
191499701004001,4
191499701004002,4
191499701004003,4
191499701004004,4
191499701004005,4
191499701004006,4
191499701004007,4
191499701004008,4
191499701004009,4
191499701004010,4
191499701004011,4
191499701004012,4
191499701004013,4
191499701004014,4
191499701004015,4
191499701004016,4
191499701004017,4
191499701004018,4
191499701004019,4
191499701004020,4
191499701004021,4
191499701004022,4
191499701004023,4
191499701004024,4
191499701004025,4
191499701004026,4
191499701004027,4
191499701004028,4
191499701004029,4
191499701004030,4
191499701004031,4
191499701004032,4
191499701004033,4
191499701004034,4
191499701004035,4
191499701004036,4
191499701004037,4
191499701004038,4
191499701004040,4
191499701004041,4
191499701004042,4
191499701004043,4
191499701004044,4
191499701004045,4
191499702001000,4
191499702001001,4
191499702001002,4
191499702001003,4
191499702001004,4
191499702001005,4
191499702001006,4
191499702001007,4
191499702001008,4
191499702001009,4
191499702001010,4
191499702001011,4
191499702001012,4
191499702001013,4
191499702001014,4
191499702001015,4
191499702001016,4
191499702001017,4
191499702001018,4
191499702001019,4
191499702001020,4
191499702001021,4
191499702001022,4
191499702001023,4
191499702001024,4
191499702001025,4
191499702001026,4
191499702001027,4
191499702001028,4
191499702001029,4
191499702001030,4
191499702001031,4
191499702001032,4
191499702001033,4
191499702001034,4
191499702001035,4
191499702001036,4
191499702001037,4
191499702001038,4
191499702001039,4
191499702001040,4
191499702001044,4
191499702001045,4
191499702001047,4
191499702001049,4
191499702001050,4
191499702001051,4
191499702001052,4
191499702001053,4
191499702002001,4
191499702002002,4
191499702002003,4
191499702002004,4
191499702002005,4
191499702002006,4
191499702002007,4
191499702002008,4
191499702002009,4
191499702002010,4
191499702002012,4
191499702002013,4
191499702002014,4
191499702002015,4
191499702002016,4
191499702002017,4
191499702002018,4
191499702002019,4
191499702002020,4
191499702002021,4
191499702002022,4
191499702002023,4
191499702002024,4
191499702002025,4
191499702002026,4
191499702002027,4
191499702002028,4
191499702002029,4
191499702002030,4
191499702002031,4
191499702002032,4
191499702002033,4
191499702002034,4
191499702002035,4
191499702002042,4
191499702002043,4
191499702002044,4
191499702002045,4
191499702002046,4
191499702002047,4
191499702002048,4
191499702002049,4
191499702002050,4
191499702002051,4
191499702002052,4
191499702002053,4
191499702002054,4
191499702002055,4
191499702002056,4
191499702002057,4
191499702002058,4
191499702003001,4
191499702003002,4
191499702003003,4
191499702003004,4
191499702003005,4
191499702003006,4
191499702003007,4
191499702003009,4
191499702003010,4
191499702003011,4
191499702003012,4
191499702003013,4
191499702003014,4
191499702003015,4
191499702003016,4
191499702003017,4
191499702003018,4
191499702003019,4
191499702003020,4
191499702003021,4
191499702003022,4
191499702003023,4
191499702003024,4
191499702003025,4
191499702003026,4
191499702003027,4
191499702003028,4
191499702003029,4
191499702003030,4
191499702003031,4
191499702003032,4
191499702003033,4
191499702003034,4
191499702003035,4
191499702004000,4
191499702004001,4
191499702004002,4
191499702004003,4
191499702004004,4
191499702004005,4
191499702004006,4
191499702004007,4
191499702004008,4
191499702004009,4
191499702004010,4
191499702004011,4
191499702004012,4
191499702004013,4
191499702004014,4
191499702004015,4
191499702004016,4
191499702004017,4
191499702004018,4
191499702004019,4
191499702004020,4
191499702004021,4
191499702004022,4
191499702004023,4
191499702004024,4
191499702004025,4
191499702004026,4
191499702004027,4
191499702004028,4
191499702004029,4
191499702004030,4
191499702004031,4
191499702004032,4
191499702004033,4
191499702004034,4
191499702004035,4
191499702004036,4
191499702004037,4
191499702004038,4
191499702004039,4
191499702004040,4
191499702004041,4
191499702004042,4
191499702004043,4
191499702004044,4
191499705003034,4
191499701002000,4
191499701002001,4
191499701002002,4
191499704003070,4
191499704003071,4
191499704003072,4
191499704003073,4
191499704003075,4
191499704003076,4
191499704003077,4
191499704003082,4
191499704003083,4
191499704003084,4
191499704003085,4
191499704003086,4
191499704003087,4
191499704003088,4
191499704003089,4
191499704003093,4
191499704003094,4
191499704003095,4
191499704003096,4
191499704003097,4
191499704003098,4
191499704003099,4
191499704003100,4
191499704003101,4
191499704003102,4
191499704003103,4
191499704003104,4
191499704003105,4
191499704003106,4
191499704003107,4
191499704003108,4
191499704003109,4
191499704003110,4
191499704003111,4
191499704003112,4
191499704003113,4
191499704003114,4
191499704003115,4
191499704003116,4
191499704003117,4
191499704003118,4
191499704003119,4
191499704003121,4
191499704003122,4
191499704003123,4
191499704003124,4
191499704003125,4
191499704003126,4
191499704003127,4
191499704003128,4
191499704003129,4
191499704003130,4
191499704003131,4
191499704003132,4
191499704003133,4
191499704003134,4
191499704003135,4
191499704003136,4
191499704003137,4
191499704003138,4
191499704003139,4
191499704003140,4
191499704003141,4
191499704003142,4
191499704003143,4
191499704003144,4
191499704003145,4
191499704003146,4
191499704003147,4
191499704003148,4
191499704003149,4
191499704003150,4
191499704003151,4
191499704003152,4
191499704003153,4
191499704003164,4
191499704003169,4
191499704003170,4
191499704003171,4
191499704003172,4
191499704003173,4
191499704003195,4
191499704003196,4
191499704003198,4
191499704003199,4
191499704003203,4
191499702002040,4
191499702002041,4
191499703004004,4
191499703004005,4
191499703004006,4
191499703004007,4
191499703004008,4
191499703004009,4
191499703004010,4
191499703004011,4
191499703004025,4
191499703004026,4
191499703004027,4
191499703004028,4
191499703004029,4
191499703004030,4
191499703004031,4
191499703004032,4
191499703004033,4
191499703004034,4
191499703004035,4
191499703004036,4
191499703004037,4
191499703004038,4
191499703004039,4
191499703004040,4
191499703004041,4
191499703004042,4
191499703004043,4
191499703004044,4
191499703004045,4
191499703004046,4
191499703004047,4
191499703004048,4
191499703004049,4
191499703004050,4
191499703004051,4
191499703004052,4
191499703004053,4
191499703004054,4
191499703004055,4
191499703004061,4
191499703004062,4
191499703004063,4
191499703004064,4
191499703004065,4
191499703004066,4
191499703004067,4
191499703004068,4
191499703004069,4
191499703004070,4
191499703004071,4
191499703004072,4
191499703004073,4
191499703004074,4
191499703004075,4
191499703004076,4
191499703004077,4
191499703004078,4
191499703004079,4
191499703004080,4
191499703004119,4
191499703004120,4
191499703004121,4
191499703004122,4
191499703004123,4
191499703004124,4
191499703004125,4
191499703004126,4
191499703004128,4
191499704003168,4
191499706004003,4
191499706004004,4
191499706004005,4
191499706004012,4
191499706004014,4
191499706004015,4
191499706004016,4
191499706004017,4
191499706004018,4
191499706004019,4
191499703001000,4
191499703001001,4
191499703001002,4
191499703001003,4
191499703001004,4
191499703001005,4
191499703001006,4
191499703001007,4
191499703001008,4
191499703001009,4
191499703001010,4
191499703001011,4
191499703001012,4
191499703001013,4
191499703001014,4
191499703001015,4
191499703001016,4
191499703001017,4
191499703001018,4
191499703001019,4
191499703001020,4
191499703001021,4
191499703001022,4
191499703001023,4
191499703001024,4
191499703001025,4
191499703001026,4
191499703001027,4
191499703001028,4
191499703001029,4
191499703001030,4
191499703001031,4
191499703001032,4
191499703001033,4
191499703001034,4
191499703001035,4
191499703001036,4
191499703001037,4
191499703001038,4
191499703001039,4
191499703001040,4
191499703001041,4
191499703001042,4
191499703001043,4
191499703001044,4
191499703001045,4
191499703001046,4
191499703001047,4
191499703001048,4
191499703001049,4
191499703001050,4
191499703001051,4
191499703001052,4
191499703001053,4
191499703001054,4
191499703001055,4
191499703001056,4
191499703001057,4
191499703001058,4
191499703001059,4
191499703001060,4
191499703001061,4
191499703001062,4
191499703001063,4
191499703001064,4
191499703001065,4
191499703001066,4
191499703001067,4
191499703001068,4
191499703001069,4
191499703001070,4
191499703001071,4
191499703001072,4
191499703001073,4
191499703001074,4
191499703001075,4
191499703001076,4
191499703001077,4
191499703001078,4
191499703001079,4
191499703001080,4
191499703001081,4
191499703001082,4
191499703002005,4
191499703002006,4
191499703002007,4
191499703002008,4
191499703002009,4
191499703002010,4
191499703002011,4
191499703002012,4
191499703002013,4
191499703002014,4
191499703002015,4
191499703002016,4
191499703002017,4
191499703002018,4
191499703002019,4
191499703002020,4
191499703002021,4
191499703002022,4
191499703002023,4
191499703002024,4
191499703002025,4
191499703002026,4
191499703002027,4
191499703002028,4
191499703002029,4
191499703002030,4
191499703002031,4
191499703002032,4
191499703002033,4
191499703002034,4
191499703002035,4
191499703002036,4
191499703002037,4
191499703002038,4
191499703002039,4
191499703002040,4
191499703002041,4
191499703002042,4
191499703002043,4
191499703002044,4
191499703002045,4
191499703002046,4
191499703002047,4
191499703002048,4
191499703002049,4
191499703002050,4
191499703002051,4
191499703002052,4
191499703002053,4
191499703002054,4
191499703002085,4
191499703002086,4
191499703002087,4
191499703002088,4
191499703002089,4
191499703002090,4
191499703002091,4
191499703002092,4
191499703002093,4
191499703002094,4
191499703002000,4
191499703002001,4
191499703002002,4
191499703002003,4
191499703002004,4
191499703002055,4
191499703002056,4
191499703002057,4
191499703002058,4
191499703002059,4
191499703002060,4
191499703002061,4
191499703002062,4
191499703002063,4
191499703002064,4
191499703002065,4
191499703002066,4
191499703002067,4
191499703002068,4
191499703002069,4
191499703002070,4
191499703002071,4
191499703002072,4
191499703002073,4
191499703002074,4
191499703002075,4
191499703002076,4
191499703002077,4
191499703002078,4
191499703002079,4
191499703002080,4
191499703002081,4
191499703002082,4
191499703002083,4
191499703002084,4
191499703002095,4
191499703002096,4
191499703002097,4
191499706001002,4
191499706001003,4
191499706001004,4
191499706001005,4
191499706001006,4
191499706001007,4
191499706001008,4
191499706001009,4
191499706001010,4
191499706001011,4
191499706001012,4
191499706001013,4
191499706001014,4
191499706001015,4
191499706001016,4
191499706001017,4
191499706001018,4
191499706001019,4
191499706001020,4
191499706001021,4
191499706001022,4
191499706001023,4
191499706001024,4
191499706001025,4
191499706001026,4
191499706001027,4
191499706001028,4
191499706001029,4
191499706001030,4
191499706001031,4
191499706001032,4
191499706001044,4
191499703003000,4
191499703003001,4
191499703003002,4
191499703003003,4
191499703003004,4
191499703003005,4
191499703003006,4
191499703003007,4
191499703003042,4
191499703003043,4
191499703003044,4
191499703003045,4
191499703003046,4
191499703003047,4
191499703003048,4
191499703003049,4
191499703003050,4
191499703003051,4
191499703003052,4
191499703003053,4
191499703003054,4
191499703003055,4
191499703003056,4
191499703003057,4
191499703003058,4
191499703003059,4
191499703003060,4
191499703003061,4
191499703003077,4
191499703003078,4
191499703003079,4
191499703003080,4
191499703003094,4
191499703003095,4
191499703003096,4
191499703003097,4
191499703003098,4
191499703003099,4
191499703003100,4
191499703003101,4
191499703003102,4
191499703003103,4
191499703003106,4
191499703003107,4
191499703003108,4
191499703003109,4
191499703003110,4
191499703003111,4
191499703003112,4
191499703003113,4
191499703003114,4
191499703003115,4
191499703003116,4
191499703003117,4
191499703003118,4
191499703004000,4
191499703004001,4
191499703004002,4
191499703004003,4
191499703003008,4
191499703003009,4
191499703003010,4
191499703003011,4
191499703003012,4
191499703003013,4
191499703003014,4
191499703003015,4
191499703003016,4
191499703003017,4
191499703003018,4
191499703003019,4
191499703003020,4
191499703003021,4
191499703003022,4
191499703003023,4
191499703003024,4
191499703003025,4
191499703003026,4
191499703003027,4
191499703003028,4
191499703003029,4
191499703003030,4
191499703003031,4
191499703003032,4
191499703003033,4
191499703003034,4
191499703003035,4
191499703003036,4
191499703003037,4
191499703003038,4
191499703003039,4
191499703003040,4
191499703003041,4
191499703003062,4
191499703003063,4
191499703003064,4
191499703003065,4
191499703003066,4
191499703003067,4
191499703003068,4
191499703003069,4
191499703003070,4
191499703003071,4
191499703003072,4
191499703003073,4
191499703003074,4
191499703003075,4
191499703003076,4
191499703003081,4
191499703003082,4
191499703003083,4
191499703003084,4
191499703003085,4
191499703003086,4
191499703003087,4
191499703003088,4
191499703003089,4
191499703003090,4
191499703003091,4
191499703003092,4
191499703003093,4
191499703003104,4
191499703003105,4
191499703003119,4
191499703004012,4
191499703004013,4
191499703004014,4
191499703004015,4
191499703004016,4
191499703004017,4
191499703004018,4
191499703004019,4
191499703004020,4
191499703004021,4
191499703004022,4
191499703004023,4
191499703004024,4
191499703004056,4
191499703004057,4
191499703004058,4
191499703004059,4
191499703004060,4
191499703004081,4
191499703004082,4
191499703004083,4
191499703004084,4
191499703004085,4
191499703004086,4
191499703004087,4
191499703004088,4
191499703004089,4
191499703004090,4
191499703004091,4
191499703004092,4
191499703004093,4
191499703004094,4
191499703004095,4
191499703004096,4
191499703004097,4
191499703004098,4
191499703004099,4
191499703004100,4
191499703004101,4
191499703004102,4
191499703004103,4
191499703004104,4
191499703004105,4
191499703004106,4
191499703004107,4
191499703004108,4
191499703004109,4
191499703004110,4
191499703004111,4
191499703004112,4
191499703004113,4
191499703004114,4
191499703004115,4
191499703004116,4
191499703004117,4
191499703004118,4
191499703004127,4
191499706001000,4
191499706001001,4
191499706002000,4
191499706002001,4
191499706002002,4
191499706002003,4
191499704001000,4
191499704001001,4
191499704001002,4
191499704001003,4
191499704001004,4
191499704001005,4
191499704001006,4
191499704001008,4
191499704001009,4
191499704001010,4
191499704001011,4
191499704001012,4
191499704001013,4
191499704001014,4
191499704001015,4
191499704001016,4
191499704001017,4
191499704001018,4
191499704001021,4
191499704001038,4
191499704001042,4
191499704001043,4
191499704001044,4
191499704001045,4
191499704001046,4
191499704001047,4
191499704001048,4
191499704001049,4
191499704001050,4
191499704001051,4
191499704001052,4
191499704001053,4
191499704001054,4
191499704001055,4
191499704001056,4
191499704001057,4
191499704001058,4
191499704001059,4
191499704001060,4
191499705003000,4
191499705003001,4
191499705003002,4
191499705003003,4
191499705003004,4
191499705003005,4
191499705003006,4
191499705003007,4
191499705003020,4
191499705003021,4
191499705003022,4
191499705003023,4
191499705003024,4
191499705003025,4
191499705003048,4
191499705003049,4
191499705003050,4
191499705003051,4
191499705003052,4
191499705003167,4
191499705003168,4
191499705003169,4
191499705003170,4
191499705003171,4
191499705003172,4
191499705003173,4
191499705003174,4
191499705003175,4
191499705003177,4
191499705003178,4
191499704001007,4
191499704001019,4
191499704001020,4
191499704001022,4
191499704001023,4
191499704001024,4
191499704001025,4
191499704001026,4
191499704001027,4
191499704001028,4
191499704001029,4
191499704001030,4
191499704001031,4
191499704001032,4
191499704001033,4
191499704001034,4
191499704001035,4
191499704001036,4
191499704001037,4
191499704001039,4
191499704001040,4
191499704001041,4
191499704002000,4
191499704002001,4
191499704002028,4
191499704002032,4
191499704002033,4
191499704002034,4
191499704002035,4
191499704002036,4
191499704002037,4
191499704002038,4
191499704002039,4
191499704002040,4
191499704002041,4
191499704002042,4
191499704002043,4
191499704002044,4
191499704002045,4
191499704002046,4
191499704002047,4
191499704002048,4
191499704002049,4
191499704002050,4
191499704002051,4
191499704002052,4
191499704002053,4
191499704002054,4
191499704002055,4
191499704002056,4
191499704002057,4
191499704002058,4
191499704002059,4
191499704002060,4
191499704003190,4
191499704003191,4
191499704002002,4
191499704002003,4
191499704002004,4
191499704002005,4
191499704002012,4
191499704002014,4
191499704002015,4
191499704002016,4
191499704002017,4
191499704002020,4
191499704002021,4
191499704002022,4
191499704002023,4
191499704002024,4
191499704002025,4
191499704002026,4
191499704002027,4
191499704002029,4
191499704002030,4
191499704002031,4
191499704002062,4
191499704002063,4
191499704002064,4
191499704002065,4
191499704002066,4
191499704002067,4
191499704002068,4
191499704002069,4
191499704002070,4
191499704002071,4
191499704002072,4
191499704003189,4
191499705003008,4
191499705003009,4
191499705003010,4
191499705003011,4
191499705003012,4
191499705003013,4
191499705003014,4
191499705003015,4
191499705003016,4
191499705003017,4
191499705003018,4
191499705003019,4
191499705003026,4
191499705003027,4
191499705003028,4
191499705003039,4
191499705003040,4
191499705003041,4
191499705003042,4
191499705003043,4
191499705003044,4
191499705003045,4
191499705003046,4
191499705003047,4
191499704002006,4
191499704002007,4
191499704002008,4
191499704002009,4
191499704002010,4
191499704002011,4
191499704002013,4
191499704002073,4
191499704002074,4
191499704002075,4
191499704003000,4
191499704003001,4
191499704003002,4
191499704003003,4
191499704003004,4
191499704003029,4
191499704003030,4
191499704003031,4
191499704003032,4
191499704003033,4
191499704003034,4
191499704003035,4
191499704003036,4
191499704003037,4
191499704003038,4
191499704003039,4
191499704003040,4
191499704003041,4
191499704003042,4
191499704003043,4
191499704003046,4
191499704003047,4
191499704003048,4
191499704003049,4
191499704003050,4
191499704003051,4
191499704003052,4
191499704003053,4
191499704003054,4
191499704003055,4
191499704003056,4
191499704003057,4
191499704003058,4
191499704003059,4
191499704003060,4
191499704003183,4
191499704003184,4
191499704003185,4
191499704003208,4
191499704003209,4
191499704003005,4
191499704003006,4
191499704003007,4
191499704003008,4
191499704003009,4
191499704003010,4
191499704003011,4
191499704003012,4
191499704003013,4
191499704003014,4
191499704003015,4
191499704003016,4
191499704003017,4
191499704003018,4
191499704003019,4
191499704003020,4
191499704003021,4
191499704003022,4
191499704003023,4
191499704003024,4
191499704003025,4
191499704003026,4
191499704003027,4
191499704003028,4
191499704003044,4
191499704003045,4
191499704003061,4
191499704003062,4
191499704003063,4
191499704003064,4
191499704003065,4
191499704003066,4
191499704003067,4
191499704003068,4
191499704003069,4
191499704003074,4
191499704003078,4
191499704003079,4
191499704003080,4
191499704003081,4
191499704003090,4
191499704003091,4
191499704003092,4
191499704003120,4
191499704003174,4
191499704003175,4
191499704003176,4
191499704003177,4
191499704003178,4
191499704003179,4
191499704003180,4
191499704003181,4
191499704003182,4
191499704003186,4
191499704003187,4
191499704003188,4
191499704003192,4
191499704003193,4
191499704003194,4
191499704003197,4
191499704003204,4
191499704003207,4
191499705001000,4
191499705001001,4
191499705001002,4
191499705001006,4
191499705001054,4
191499705002071,4
191499705002072,4
191499705002076,4
191499705002077,4
191499705002078,4
191499705002112,4
191499705002113,4
191499705002114,4
191499705002115,4
191499705002116,4
191499705002117,4
191499705002118,4
191499705002119,4
191499705002120,4
191499705002122,4
191499705002123,4
191499705002124,4
191499705002125,4
191499705002126,4
191499705002128,4
191499705002129,4
191499705002130,4
191499705002131,4
191499705002132,4
191499705002133,4
191499705002134,4
191499705002135,4
191499705002136,4
191499705002137,4
191499705002138,4
191499705002139,4
191499705002140,4
191499705002141,4
191499705002142,4
191499705002143,4
191499705002144,4
191499705002145,4
191499705002146,4
191499705002147,4
191499705002148,4
191499705002149,4
191499705002150,4
191499705002151,4
191499705002152,4
191499705002153,4
191499705002228,4
191499705002229,4
191499705002243,4
191499705002244,4
191499705002245,4
191499705002246,4
191499705002247,4
191499705001003,4
191499705001004,4
191499705001005,4
191499705001007,4
191499705001008,4
191499705001009,4
191499705001010,4
191499705001011,4
191499705001012,4
191499705001013,4
191499705001014,4
191499705001015,4
191499705001016,4
191499705001017,4
191499705001019,4
191499705001021,4
191499705001022,4
191499705001023,4
191499705001024,4
191499705001025,4
191499705001026,4
191499705001027,4
191499705001028,4
191499705001029,4
191499705001030,4
191499705001031,4
191499705001034,4
191499705001035,4
191499705001036,4
191499705001037,4
191499705001038,4
191499705001039,4
191499705001040,4
191499705001041,4
191499705001042,4
191499705001043,4
191499705001044,4
191499705001045,4
191499705001046,4
191499705001047,4
191499705001050,4
191499705001051,4
191499705001052,4
191499705001053,4
191499705001055,4
191499705001018,4
191499705001020,4
191499705001032,4
191499705001033,4
191499705001048,4
191499705001049,4
191499705002079,4
191499705002080,4
191499705002081,4
191499705002082,4
191499705002083,4
191499705002084,4
191499705002085,4
191499705002086,4
191499705002100,4
191499705002101,4
191499705002102,4
191499705002103,4
191499705002104,4
191499705002105,4
191499705002106,4
191499705002107,4
191499705002108,4
191499705002109,4
191499705002110,4
191499705002111,4
191499705002154,4
191499705002155,4
191499705002156,4
191499705002157,4
191499705002158,4
191499705002159,4
191499705002160,4
191499705002161,4
191499705002162,4
191499705002172,4
191499705002173,4
191499705002192,4
191499705002193,4
191499705002194,4
191499705002197,4
191499705002198,4
191499705002199,4
191499705002215,4
191499705002216,4
191499705002217,4
191499705002218,4
191499705002219,4
191499705002220,4
191499705002221,4
191499705002222,4
191499705002223,4
191499705002224,4
191499705002225,4
191499705002226,4
191499705002227,4
191499705002231,4
191499705002232,4
191499705002233,4
191499705002234,4
191499705002235,4
191499705002236,4
191499705002237,4
191499705002238,4
191499705002239,4
191499705002241,4
191499705002242,4
191499705002000,4
191499705002001,4
191499705002002,4
191499705002003,4
191499705002004,4
191499705002005,4
191499705002006,4
191499705002007,4
191499705002008,4
191499705002009,4
191499705002010,4
191499705002011,4
191499705002012,4
191499705002013,4
191499705002014,4
191499705002015,4
191499705002016,4
191499705002017,4
191499705002018,4
191499705002019,4
191499705002020,4
191499705002021,4
191499705002022,4
191499705002023,4
191499705002024,4
191499705002025,4
191499705002026,4
191499705002027,4
191499705002028,4
191499705002029,4
191499705002030,4
191499705002031,4
191499705002032,4
191499705002033,4
191499705002034,4
191499705002035,4
191499705002036,4
191499705002037,4
191499705002038,4
191499705002039,4
191499705002040,4
191499705002041,4
191499705002042,4
191499705002043,4
191499705002044,4
191499705002045,4
191499705002046,4
191499705002047,4
191499705002048,4
191499705002049,4
191499705002050,4
191499705002051,4
191499705002052,4
191499705002053,4
191499705002054,4
191499705002055,4
191499705002056,4
191499705002057,4
191499705002058,4
191499705002059,4
191499705002060,4
191499705002061,4
191499705002062,4
191499705002063,4
191499705002064,4
191499705002065,4
191499705002066,4
191499705002067,4
191499705002068,4
191499705002069,4
191499705002070,4
191499705002073,4
191499705002074,4
191499705002075,4
191499705002121,4
191499705002127,4
191499705002248,4
191499705002087,4
191499705002088,4
191499705002089,4
191499705002090,4
191499705002091,4
191499705002092,4
191499705002093,4
191499705002094,4
191499705002095,4
191499705002096,4
191499705002097,4
191499705002098,4
191499705002099,4
191499705002163,4
191499705002164,4
191499705002165,4
191499705002166,4
191499705002167,4
191499705002168,4
191499705002169,4
191499705002170,4
191499705002171,4
191499705002174,4
191499705002175,4
191499705002176,4
191499705002177,4
191499705002178,4
191499705002179,4
191499705002180,4
191499705002181,4
191499705002182,4
191499705002183,4
191499705002184,4
191499705002185,4
191499705002186,4
191499705002187,4
191499705002188,4
191499705002189,4
191499705002190,4
191499705002191,4
191499705002195,4
191499705002196,4
191499705002200,4
191499705002201,4
191499705002202,4
191499705002203,4
191499705002204,4
191499705002205,4
191499705002206,4
191499705002207,4
191499705002208,4
191499705002209,4
191499705002210,4
191499705002211,4
191499705002212,4
191499705002213,4
191499705002214,4
191499705002230,4
191499705002240,4
191499706003000,4
191499706003001,4
191499706003002,4
191499706003010,4
191499706003011,4
191499706003012,4
191499706003013,4
191499706003014,4
191499706003015,4
191499706003063,4
191499706003064,4
191499706003065,4
191499706003066,4
191499706003067,4
191499706003068,4
191499706003078,4
191499706003079,4
191499706003080,4
191499705003038,4
191499705003054,4
191499705003075,4
191499705003076,4
191499705003077,4
191499705003078,4
191499705003080,4
191499705003081,4
191499705003082,4
191499705003083,4
191499705003093,4
191499705003094,4
191499705003095,4
191499705003096,4
191499705003097,4
191499705003098,4
191499705003099,4
191499705003100,4
191499705003110,4
191499705003111,4
191499705003112,4
191499705003113,4
191499705003114,4
191499705003115,4
191499705003116,4
191499705003117,4
191499705003118,4
191499705003119,4
191499705003120,4
191499705003121,4
191499705003122,4
191499705003123,4
191499705003124,4
191499705003125,4
191499705003126,4
191499705003127,4
191499705003128,4
191499705003129,4
191499705003130,4
191499705003131,4
191499705003132,4
191499705003133,4
191499705003134,4
191499705003135,4
191499705003136,4
191499705003137,4
191499705003138,4
191499705003139,4
191499705003140,4
191499705003141,4
191499705003151,4
191499705003152,4
191499705003153,4
191499705003154,4
191499705003165,4
191499705003176,4
191499706004060,4
191499706004061,4
191499706004062,4
191499706004063,4
191499706004096,4
191499706004106,4
191499706004107,4
191499706004108,4
191499706004109,4
191499706004110,4
191499706004111,4
191499705003053,4
191499705003059,4
191499705003060,4
191499705003061,4
191499705003062,4
191499705003063,4
191499705003064,4
191499705003065,4
191499705003066,4
191499705003067,4
191499705003068,4
191499705003069,4
191499705003070,4
191499705003071,4
191499705003072,4
191499705003073,4
191499705003074,4
191499705003084,4
191499705003085,4
191499705003086,4
191499705003087,4
191499705003088,4
191499705003089,4
191499705003090,4
191499705003091,4
191499705003092,4
191499705003101,4
191499705003102,4
191499705003103,4
191499705003104,4
191499705003105,4
191499705003106,4
191499705003107,4
191499705003108,4
191499705003109,4
191499705003142,4
191499705003143,4
191499705003144,4
191499705003145,4
191499705003146,4
191499705003147,4
191499705003148,4
191499705003149,4
191499705003150,4
191499705003155,4
191499705003156,4
191499705003157,4
191499705003158,4
191499705003159,4
191499705003160,4
191499705003161,4
191499705003162,4
191499705003163,4
191499705003164,4
191499705003166,4
191499705003179,4
191499706001033,4
191499706001034,4
191499706001035,4
191499706001036,4
191499706001040,4
191499706001041,4
191499706001042,4
191499706001043,4
191499706001045,4
191499706001046,4
191499706001047,4
191499706001052,4
191499706001053,4
191499706001056,4
191499706001057,4
191499706001058,4
191499706001059,4
191499706001060,4
191499706001061,4
191499706001062,4
191499706001063,4
191499706001064,4
191499706001068,4
191499706001069,4
191499706001070,4
191499706001071,4
191499706001072,4
191499706001091,4
191499706001092,4
191499706001093,4
191499706001094,4
191499706001095,4
191499706001096,4
191499706001097,4
191499706001100,4
191499706001126,4
191499706001127,4
191499706001037,4
191499706001038,4
191499706001039,4
191499706001048,4
191499706001049,4
191499706001050,4
191499706001051,4
191499706001054,4
191499706001055,4
191499706001065,4
191499706001066,4
191499706001067,4
191499706001075,4
191499706001076,4
191499706001077,4
191499706001081,4
191499706002004,4
191499706002005,4
191499706002006,4
191499706002007,4
191499706002008,4
191499706002009,4
191499706002010,4
191499706002011,4
191499706002012,4
191499706002013,4
191499706002014,4
191499706002015,4
191499706002016,4
191499706002017,4
191499706002018,4
191499706002019,4
191499706002020,4
191499706002021,4
191499706002022,4
191499706002023,4
191499706002024,4
191499706002025,4
191499706002026,4
191499706002031,4
191499706002032,4
191499706002033,4
191499706002034,4
191499706001073,4
191499706001083,4
191499706001084,4
191499706001085,4
191499706001086,4
191499706001087,4
191499706001088,4
191499706001089,4
191499706001090,4
191499706001098,4
191499706001099,4
191499706001101,4
191499706001102,4
191499706001103,4
191499706001104,4
191499706001116,4
191499706001117,4
191499706001118,4
191499706001119,4
191499706001120,4
191499706001125,4
191499706001128,4
191499706001129,4
191499706001130,4
191499706001074,4
191499706001078,4
191499706001079,4
191499706001080,4
191499706001082,4
191499706001105,4
191499706001106,4
191499706001107,4
191499706001108,4
191499706001109,4
191499706001110,4
191499706001111,4
191499706001112,4
191499706001113,4
191499706001114,4
191499706001115,4
191499706001121,4
191499706001122,4
191499706001123,4
191499706001124,4
191499706002027,4
191499706002028,4
191499706002029,4
191499706002030,4
191499706002035,4
191499706002036,4
191499706002037,4
191499706002038,4
191499706002039,4
191499706002040,4
191499706002041,4
191499706002042,4
191499706002043,4
191499706002044,4
191499706002045,4
191499706002046,4
191499706002047,4
191499706002048,4
191499706002049,4
191499706002050,4
191499706002051,4
191499706002052,4
191499706002053,4
191499706002054,4
191499706002055,4
191499706002056,4
191499706002057,4
191499706002058,4
191499706002059,4
191499706002060,4
191499706002061,4
191499706002062,4
191499706002063,4
191499706002064,4
191499706002065,4
191499706002066,4
191499706002076,4
191499706002077,4
191499706002078,4
191499706002079,4
191499706002080,4
191499706002081,4
191499706002082,4
191499706002067,4
191499706002068,4
191499706002069,4
191499706002070,4
191499706002071,4
191499706002074,4
191499706003003,4
191499706003004,4
191499706003005,4
191499706003006,4
191499706003007,4
191499706003008,4
191499706003009,4
191499706003016,4
191499706003017,4
191499706003018,4
191499706003019,4
191499706003020,4
191499706003021,4
191499706003022,4
191499706003023,4
191499706003024,4
191499706003026,4
191499706003027,4
191499706003028,4
191499706003029,4
191499706003030,4
191499706003031,4
191499706003032,4
191499706003033,4
191499706003034,4
191499706003035,4
191499706003036,4
191499706003037,4
191499706003038,4
191499706003039,4
191499706003040,4
191499706003041,4
191499706003042,4
191499706003043,4
191499706003044,4
191499706003045,4
191499706003046,4
191499706003047,4
191499706003048,4
191499706003049,4
191499706003050,4
191499706003051,4
191499706003052,4
191499706003053,4
191499706003054,4
191499706003057,4
191499706003058,4
191499706003059,4
191499706003060,4
191499706003061,4
191499706003062,4
191499706003069,4
191499706003070,4
191499706003071,4
191499706003072,4
191499706003073,4
191499706003074,4
191499706003075,4
191499706003076,4
191499706003077,4
191499706003081,4
191499706003082,4
191499706003083,4
191499706003084,4
191499706003085,4
191499706004088,4
191499706002072,4
191499706002073,4
191499706002075,4
191499706003055,4
191499706003056,4
191499706003025,4
191499706004007,4
191499706004008,4
191499706004009,4
191499706004010,4
191499706004011,4
191499706004020,4
191499706004021,4
191499706004022,4
191499706004023,4
191499706004024,4
191499706004025,4
191499706004026,4
191499706004027,4
191499706004028,4
191499706004029,4
191499706004030,4
191499706004031,4
191499706004032,4
191499706004033,4
191499706004034,4
191499706004035,4
191499706004036,4
191499706004037,4
191499706004038,4
191499706004039,4
191499706004040,4
191499706004041,4
191499706004042,4
191499706004043,4
191499706004044,4
191499706004045,4
191499706004046,4
191499706004047,4
191499706004048,4
191499706004049,4
191499706004050,4
191499706004051,4
191499706004052,4
191499706004053,4
191499706004054,4
191499706004055,4
191499706004056,4
191499706004057,4
191499706004058,4
191499706004059,4
191499706004064,4
191499706004065,4
191499706004066,4
191499706004067,4
191499706004068,4
191499706004069,4
191499706004070,4
191499706004071,4
191499706004072,4
191499706004073,4
191499706004074,4
191499706004075,4
191499706004076,4
191499706004077,4
191499706004078,4
191499706004079,4
191499706004080,4
191499706004081,4
191499706004082,4
191499706004083,4
191499706004084,4
191499706004085,4
191499706004086,4
191499706004087,4
191499706004089,4
191499706004090,4
191499706004091,4
191499706004092,4
191499706004093,4
191499706004094,4
191499706004095,4
191499706004097,4
191499706004098,4
191499706004099,4
191499706004100,4
191499706004101,4
191499706004102,4
191499706004103,4
191499706004104,4
191499706004105,4
191499706004112,4
191499706004113,4
191499706004114,4
191499706004115,4
191517801001000,4
191517801002010,4
191517801002011,4
191517801002012,4
191517801002013,4
191517801002014,4
191517801002015,4
191517801002016,4
191517801002017,4
191517801002018,4
191517801002041,4
191517801002042,4
191517801002043,4
191517801002044,4
191517801002045,4
191517801002046,4
191517801002063,4
191517801002064,4
191517801002065,4
191517801002066,4
191517801002067,4
191517801002068,4
191517801002069,4
191517801002070,4
191517801002071,4
191517801002072,4
191517801002073,4
191517801002074,4
191517801002075,4
191517801002076,4
191517801002077,4
191517801002078,4
191517801002082,4
191517801002083,4
191517801002084,4
191517801002085,4
191517801002086,4
191517801002087,4
191517801002088,4
191517801002089,4
191517801002090,4
191517801002091,4
191517801002092,4
191517801002093,4
191517801002094,4
191517801002095,4
191517801002096,4
191517801002097,4
191517801002098,4
191517801002099,4
191517801002100,4
191517801002101,4
191517801002160,4
191517801002161,4
191517801002162,4
191517801002163,4
191517801002164,4
191517801002165,4
191517801002166,4
191517801002167,4
191517801002168,4
191517801002169,4
191517801002170,4
191517801002171,4
191517801002172,4
191517801002173,4
191517801002174,4
191517801002175,4
191517801002176,4
191517801002177,4
191517801002178,4
191517801002179,4
191517801002180,4
191517801002181,4
191517801002182,4
191517801002183,4
191517801002184,4
191517801002185,4
191517801002186,4
191517801002187,4
191517801002188,4
191517801002189,4
191517801002190,4
191517801002220,4
191517801002221,4
191517801002222,4
191517801002225,4
191517801002226,4
191517801002227,4
191517801002228,4
191517801002229,4
191517801002230,4
191517801002231,4
191517801002232,4
191517801002233,4
191517801002234,4
191517801002235,4
191517801002240,4
191517801002242,4
191517801002243,4
191517801002244,4
191517801002245,4
191517801002246,4
191517801002252,4
191517801002257,4
191517801002258,4
191517801002278,4
191517801002279,4
191517801001001,4
191517801001002,4
191517801001003,4
191517801001004,4
191517801001005,4
191517801001006,4
191517801001007,4
191517801001008,4
191517801001009,4
191517801001010,4
191517801001011,4
191517801001012,4
191517801001013,4
191517801001014,4
191517801001015,4
191517801001016,4
191517801001017,4
191517801001018,4
191517801001019,4
191517801001020,4
191517801001027,4
191517801001028,4
191517801001029,4
191517801001030,4
191517801001031,4
191517801001032,4
191517801001033,4
191517801001034,4
191517801001035,4
191517801001036,4
191517801001037,4
191517801001038,4
191517801001039,4
191517801001040,4
191517801001041,4
191517801001042,4
191517801001043,4
191517801001044,4
191517801001045,4
191517801001046,4
191517801001047,4
191517801001048,4
191517801001049,4
191517801001050,4
191517801001051,4
191517801001052,4
191517801001053,4
191517801001054,4
191517801001055,4
191517801001056,4
191517801001057,4
191517801001058,4
191517801001059,4
191517801001060,4
191517801001061,4
191517801001062,4
191517801001063,4
191517801001064,4
191517801001065,4
191517801001066,4
191517801001067,4
191517801001068,4
191517801001069,4
191517801001070,4
191517801001071,4
191517801001072,4
191517801001073,4
191517801001074,4
191517801001075,4
191517801001076,4
191517801001077,4
191517801001078,4
191517801001079,4
191517801001080,4
191517801001081,4
191517801001082,4
191517801001083,4
191517801001084,4
191517801001085,4
191517801001086,4
191517801001087,4
191517801001088,4
191517801001093,4
191517801001094,4
191517801001097,4
191517801002019,4
191517801002020,4
191517801002021,4
191517801002022,4
191517801002023,4
191517801002024,4
191517801002025,4
191517801002026,4
191517801002027,4
191517801002028,4
191517801002029,4
191517801002030,4
191517801002031,4
191517801002032,4
191517801002033,4
191517801002034,4
191517801002035,4
191517801002036,4
191517801002037,4
191517801002038,4
191517801002039,4
191517801002040,4
191517801002047,4
191517801002048,4
191517801002049,4
191517801002050,4
191517801002051,4
191517801002052,4
191517801002053,4
191517801002054,4
191517801002055,4
191517801002056,4
191517801002057,4
191517801002058,4
191517801002059,4
191517801002060,4
191517801002061,4
191517801002062,4
191517801002191,4
191517801002192,4
191517801002193,4
191517801002194,4
191517801002195,4
191517801002196,4
191517801002197,4
191517801002198,4
191517801002199,4
191517801002200,4
191517801002201,4
191517801002202,4
191517801002203,4
191517801002204,4
191517801002205,4
191517801002206,4
191517801002207,4
191517801002208,4
191517801002209,4
191517801002210,4
191517801002211,4
191517801002212,4
191517801002213,4
191517801002214,4
191517801002215,4
191517801002216,4
191517801002217,4
191517801002218,4
191517801002219,4
191517801002223,4
191517801002224,4
191517801002241,4
191517801001021,4
191517801001022,4
191517801001023,4
191517801001024,4
191517801001025,4
191517801001026,4
191517801001089,4
191517801001090,4
191517801001091,4
191517801001092,4
191517801001095,4
191517801001096,4
191517802001051,4
191517802001052,4
191517802001053,4
191517802001054,4
191517802001055,4
191517802001056,4
191517802001057,4
191517802001058,4
191517802001059,4
191517802001060,4
191517802001061,4
191517802001062,4
191517802001063,4
191517802001064,4
191517802001065,4
191517802001066,4
191517802001067,4
191517802001068,4
191517802001069,4
191517802001070,4
191517802001074,4
191517802001075,4
191517802001076,4
191517802001077,4
191517802001078,4
191517802001079,4
191517802001080,4
191517802001081,4
191517802001082,4
191517802001083,4
191517802001084,4
191517802001085,4
191517802001086,4
191517802001087,4
191517802001088,4
191517802001089,4
191517802001090,4
191517802001091,4
191517802001113,4
191517802001114,4
191517802001115,4
191517802001116,4
191517802001117,4
191517802001118,4
191517802001119,4
191517802001237,4
191517802001238,4
191517802001240,4
191517803001015,4
191517803001016,4
191517803001017,4
191517803001018,4
191517801002000,4
191517801002001,4
191517801002147,4
191517801002148,4
191517801002151,4
191517801002152,4
191517801002153,4
191517801002269,4
191517801002270,4
191517801002271,4
191517801002272,4
191517801002273,4
191517802003000,4
191517802003001,4
191517802003002,4
191517802003003,4
191517802003004,4
191517802003005,4
191517802003006,4
191517802003007,4
191517802003008,4
191517802003009,4
191517802003010,4
191517802003011,4
191517802003012,4
191517802003013,4
191517802003014,4
191517802003015,4
191517802003016,4
191517802003017,4
191517802003018,4
191517802003019,4
191517802003020,4
191517802003021,4
191517802003022,4
191517802003023,4
191517802003024,4
191517802003025,4
191517802003026,4
191517802003027,4
191517802003028,4
191517802003029,4
191517802003030,4
191517802003031,4
191517802003032,4
191517802003033,4
191517802003034,4
191517802003035,4
191517802003036,4
191517802003037,4
191517802003038,4
191517802003039,4
191517802003040,4
191517802003041,4
191517802003042,4
191517802003043,4
191517802003044,4
191517802003045,4
191517802003046,4
191517802003047,4
191517802003055,4
191517802003056,4
191517802003187,4
191517801002002,4
191517801002003,4
191517801002004,4
191517801002005,4
191517801002006,4
191517801002007,4
191517801002008,4
191517801002009,4
191517801002079,4
191517801002080,4
191517801002081,4
191517801002102,4
191517801002103,4
191517801002104,4
191517801002105,4
191517801002106,4
191517801002107,4
191517801002108,4
191517801002109,4
191517801002110,4
191517801002111,4
191517801002112,4
191517801002113,4
191517801002114,4
191517801002115,4
191517801002116,4
191517801002117,4
191517801002118,4
191517801002119,4
191517801002120,4
191517801002121,4
191517801002122,4
191517801002123,4
191517801002124,4
191517801002125,4
191517801002126,4
191517801002127,4
191517801002128,4
191517801002129,4
191517801002130,4
191517801002131,4
191517801002132,4
191517801002133,4
191517801002134,4
191517801002135,4
191517801002136,4
191517801002137,4
191517801002138,4
191517801002139,4
191517801002140,4
191517801002141,4
191517801002142,4
191517801002143,4
191517801002144,4
191517801002145,4
191517801002146,4
191517801002149,4
191517801002150,4
191517801002154,4
191517801002155,4
191517801002156,4
191517801002157,4
191517801002158,4
191517801002159,4
191517801002251,4
191517801002259,4
191517801002260,4
191517801002261,4
191517801002262,4
191517801002263,4
191517801002264,4
191517801002265,4
191517801002266,4
191517801002267,4
191517801002268,4
191517801002274,4
191517801002275,4
191517801002276,4
191517801002277,4
191517801002236,4
191517801002237,4
191517801002238,4
191517801002239,4
191517801002247,4
191517801002248,4
191517801002249,4
191517801002250,4
191517801002253,4
191517801002254,4
191517801002255,4
191517801002256,4
191517802001040,4
191517802001041,4
191517802001042,4
191517802001043,4
191517802001044,4
191517802001045,4
191517802001046,4
191517802001047,4
191517802001048,4
191517802001049,4
191517802001050,4
191517802001071,4
191517802001072,4
191517802001073,4
191517802001092,4
191517802001093,4
191517802001094,4
191517802001095,4
191517802001096,4
191517802001097,4
191517802001098,4
191517802001099,4
191517802001100,4
191517802001101,4
191517802001102,4
191517802001103,4
191517802001104,4
191517802001105,4
191517802001106,4
191517802001107,4
191517802001108,4
191517802001109,4
191517802001110,4
191517802001111,4
191517802001112,4
191517802001120,4
191517802001121,4
191517802001122,4
191517802001123,4
191517802001124,4
191517802001125,4
191517802001126,4
191517802001127,4
191517802001128,4
191517802001129,4
191517802001130,4
191517802001141,4
191517802001204,4
191517802001205,4
191517802001206,4
191517802001207,4
191517802001239,4
191517802001242,4
191517802001000,4
191517802001010,4
191517802001011,4
191517802001027,4
191517802001028,4
191517802001029,4
191517802001030,4
191517802001146,4
191517802001147,4
191517802003051,4
191517802003052,4
191517802003053,4
191517802003054,4
191517802003057,4
191517802003058,4
191517802003059,4
191517802003060,4
191517802003061,4
191517802003062,4
191517802003063,4
191517802003064,4
191517802003065,4
191517802003066,4
191517802003081,4
191517802003082,4
191517802003137,4
191517802003138,4
191517802003139,4
191517802003140,4
191517802003141,4
191517802003142,4
191517802003143,4
191517802003144,4
191517802003145,4
191517802003146,4
191517802003147,4
191517802003148,4
191517802003149,4
191517802003150,4
191517802003151,4
191517802003152,4
191517802003153,4
191517802003154,4
191517802003155,4
191517802003156,4
191517802003157,4
191517802003158,4
191517802003159,4
191517802003160,4
191517802003161,4
191517802003162,4
191517802003163,4
191517802003164,4
191517802003165,4
191517802003166,4
191517802003167,4
191517802003168,4
191517802003169,4
191517802003170,4
191517802003171,4
191517802003172,4
191517802003173,4
191517802003174,4
191517802003177,4
191517802003178,4
191517802003179,4
191517802003180,4
191517802003181,4
191517802003182,4
191517802001001,4
191517802001002,4
191517802001003,4
191517802001004,4
191517802001005,4
191517802001006,4
191517802001007,4
191517802001008,4
191517802001009,4
191517802001012,4
191517802001013,4
191517802001014,4
191517802001015,4
191517802001016,4
191517802001017,4
191517802001018,4
191517802001019,4
191517802001020,4
191517802001021,4
191517802001022,4
191517802001023,4
191517802001024,4
191517802001025,4
191517802001026,4
191517802001031,4
191517802001032,4
191517802001033,4
191517802001034,4
191517802001035,4
191517802001036,4
191517802001037,4
191517802001038,4
191517802001039,4
191517802001131,4
191517802001132,4
191517802001133,4
191517802001134,4
191517802001135,4
191517802001136,4
191517802001137,4
191517802001138,4
191517802001143,4
191517802001144,4
191517802001145,4
191517802001148,4
191517802001149,4
191517802001150,4
191517802001170,4
191517802001202,4
191517802001203,4
191517802001241,4
191517802001139,4
191517802001140,4
191517802001142,4
191517802001151,4
191517802001152,4
191517802001153,4
191517802001154,4
191517802001155,4
191517802001156,4
191517802001157,4
191517802001158,4
191517802001159,4
191517802001160,4
191517802001161,4
191517802001162,4
191517802001163,4
191517802001164,4
191517802001165,4
191517802001166,4
191517802001167,4
191517802001168,4
191517802001169,4
191517802001171,4
191517802001172,4
191517802001173,4
191517802001174,4
191517802001175,4
191517802001177,4
191517802001178,4
191517802001179,4
191517802001180,4
191517802001181,4
191517802001182,4
191517802001183,4
191517802001184,4
191517802001185,4
191517802001186,4
191517802001187,4
191517802001188,4
191517802001189,4
191517802001190,4
191517802001191,4
191517802001192,4
191517802001193,4
191517802001194,4
191517802001197,4
191517802001198,4
191517802001199,4
191517802001200,4
191517802001201,4
191517802001208,4
191517802001209,4
191517802001210,4
191517802001211,4
191517802001212,4
191517802001213,4
191517802001214,4
191517802001215,4
191517802001216,4
191517802001217,4
191517802001218,4
191517802001219,4
191517802001220,4
191517802001221,4
191517802001222,4
191517802001223,4
191517802001224,4
191517802001225,4
191517802001226,4
191517802001227,4
191517802001228,4
191517802001229,4
191517802001230,4
191517802001231,4
191517802001232,4
191517802001234,4
191517802001235,4
191517802001236,4
191517802001243,4
191517802002000,4
191517802002001,4
191517802002002,4
191517802002003,4
191517802002004,4
191517802002005,4
191517802002006,4
191517802002007,4
191517802002008,4
191517802002009,4
191517802002010,4
191517802002011,4
191517802002012,4
191517802002013,4
191517802002014,4
191517802002015,4
191517802002016,4
191517802002017,4
191517802002018,4
191517802002019,4
191517802002020,4
191517802002021,4
191517802002022,4
191517802002023,4
191517802002024,4
191517802002025,4
191517802002026,4
191517802002027,4
191517802002028,4
191517802002029,4
191517802002030,4
191517802002031,4
191517802002032,4
191517802002033,4
191517802002034,4
191517802002035,4
191517802002036,4
191517802002037,4
191517802002038,4
191517802002039,4
191517802002040,4
191517802002041,4
191517802002042,4
191517802002043,4
191517802002044,4
191517802002045,4
191517802002046,4
191517802002047,4
191517802002048,4
191517802002049,4
191517802002050,4
191517802002051,4
191517802002052,4
191517802002053,4
191517802002054,4
191517802002055,4
191517802002056,4
191517802002057,4
191517802002058,4
191517802002059,4
191517802002060,4
191517802002061,4
191517802002062,4
191517802002063,4
191517802002064,4
191517802002065,4
191517802002066,4
191517802002067,4
191517802002068,4
191517802002069,4
191517802002070,4
191517802002071,4
191517802002072,4
191517802002073,4
191517802002074,4
191517802002075,4
191517802002076,4
191517802002077,4
191517802002078,4
191517802002079,4
191517802002080,4
191517802002081,4
191517802002082,4
191517802002083,4
191517802002084,4
191517802002085,4
191517802002086,4
191517802002087,4
191517802002088,4
191517802002089,4
191517802002090,4
191517802002091,4
191517802001176,4
191517802001195,4
191517802001196,4
191517803002019,4
191517803002020,4
191517803002021,4
191517803002022,4
191517803002023,4
191517803002024,4
191517803002025,4
191517803002026,4
191517803002036,4
191517803002037,4
191517803002038,4
191517803002039,4
191517803002040,4
191517803002041,4
191517803002083,4
191517803002084,4
191517803002085,4
191517803002086,4
191517803002087,4
191517803002088,4
191517803002089,4
191517803002090,4
191517803002091,4
191517803002092,4
191517803002093,4
191517803002094,4
191517803002095,4
191517803002096,4
191517803002097,4
191517803002098,4
191517803002099,4
191517803002100,4
191517803002101,4
191517803002102,4
191517803002103,4
191517803002112,4
191517803002113,4
191517803002114,4
191517803002115,4
191517803002116,4
191517803002117,4
191517803002118,4
191517803002119,4
191517803002120,4
191517803002121,4
191517803002122,4
191517803002130,4
191517803002131,4
191517803002205,4
191517802001233,4
191517803001000,4
191517803001001,4
191517803001002,4
191517803001003,4
191517803001004,4
191517803001005,4
191517803001034,4
191517803001035,4
191517803001036,4
191517803001037,4
191517803001038,4
191517803001040,4
191517803001041,4
191517803001042,4
191517803001043,4
191517803001044,4
191517803001045,4
191517803001046,4
191517803001047,4
191517803001048,4
191517803001049,4
191517803001050,4
191517803001051,4
191517803001052,4
191517803001053,4
191517803001054,4
191517803001055,4
191517803001056,4
191517803001057,4
191517803001058,4
191517803001059,4
191517803001104,4
191517803001105,4
191517803001106,4
191517803001107,4
191517803001108,4
191517803001109,4
191517803001110,4
191517803001111,4
191517803001112,4
191517803001113,4
191517803001114,4
191517803001115,4
191517803001118,4
191517803001251,4
191517802003048,4
191517802003049,4
191517802003050,4
191517802003067,4
191517802003068,4
191517802003069,4
191517802003070,4
191517802003071,4
191517802003072,4
191517802003073,4
191517802003074,4
191517802003075,4
191517802003076,4
191517802003077,4
191517802003078,4
191517802003079,4
191517802003080,4
191517802003083,4
191517802003084,4
191517802003085,4
191517802003086,4
191517802003087,4
191517802003088,4
191517802003089,4
191517802003090,4
191517802003091,4
191517802003092,4
191517802003093,4
191517802003094,4
191517802003095,4
191517802003096,4
191517802003097,4
191517802003098,4
191517802003099,4
191517802003100,4
191517802003101,4
191517802003102,4
191517802003103,4
191517802003104,4
191517802003105,4
191517802003106,4
191517802003107,4
191517802003108,4
191517802003109,4
191517802003110,4
191517802003111,4
191517802003112,4
191517802003113,4
191517802003114,4
191517802003115,4
191517802003116,4
191517802003117,4
191517802003118,4
191517802003119,4
191517802003120,4
191517802003121,4
191517802003122,4
191517802003123,4
191517802003124,4
191517802003125,4
191517802003126,4
191517802003127,4
191517802003128,4
191517802003129,4
191517802003130,4
191517802003131,4
191517802003132,4
191517802003133,4
191517802003134,4
191517802003135,4
191517802003136,4
191517802003175,4
191517802003176,4
191517802003183,4
191517802003184,4
191517802003185,4
191517802003186,4
191517802003188,4
191517802003189,4
191517802003190,4
191517802003191,4
191517802003192,4
191517803002000,4
191517803002001,4
191517803002002,4
191517803002003,4
191517803002004,4
191517803002005,4
191517803002006,4
191517803002007,4
191517803002008,4
191517803002009,4
191517803002010,4
191517803002258,4
191517803002259,4
191517803002260,4
191517803002261,4
191517803002262,4
191517803002263,4
191517803002264,4
191517803001006,4
191517803001007,4
191517803001008,4
191517803001009,4
191517803001010,4
191517803001011,4
191517803001012,4
191517803001013,4
191517803001014,4
191517803001019,4
191517803001020,4
191517803001021,4
191517803001022,4
191517803001023,4
191517803001024,4
191517803001025,4
191517803001026,4
191517803001027,4
191517803001028,4
191517803001029,4
191517803001030,4
191517803001031,4
191517803001032,4
191517803001033,4
191517803001039,4
191517803001060,4
191517803001061,4
191517803001062,4
191517803001063,4
191517803001064,4
191517803001065,4
191517803001066,4
191517803001067,4
191517803001068,4
191517803001069,4
191517803001070,4
191517803001071,4
191517803001072,4
191517803001073,4
191517803001074,4
191517803001075,4
191517803001076,4
191517803001077,4
191517803001078,4
191517803001079,4
191517803001080,4
191517803001081,4
191517803001082,4
191517803001083,4
191517803001084,4
191517803001085,4
191517803001086,4
191517803001087,4
191517803001088,4
191517803001092,4
191517803001093,4
191517803001094,4
191517803001095,4
191517803001096,4
191517803001097,4
191517803001101,4
191517803001102,4
191517803001103,4
191517803001142,4
191517803001143,4
191517803001144,4
191517803001145,4
191517803001146,4
191517803001147,4
191517803001148,4
191517803001149,4
191517803001150,4
191517803001151,4
191517803001249,4
191517803001250,4
191517803001252,4
191517803001089,4
191517803001090,4
191517803001091,4
191517803001098,4
191517803001099,4
191517803001100,4
191517803001128,4
191517803001132,4
191517803001133,4
191517803001134,4
191517803001135,4
191517803001136,4
191517803001137,4
191517803001138,4
191517803001139,4
191517803001140,4
191517803001141,4
191517803001152,4
191517803001153,4
191517803001154,4
191517803001155,4
191517803001156,4
191517803001157,4
191517803001158,4
191517803001159,4
191517803001160,4
191517803001161,4
191517803001162,4
191517803001163,4
191517803001164,4
191517803001165,4
191517803001166,4
191517803001167,4
191517803001210,4
191517803001211,4
191517803001212,4
191517803001216,4
191517803001217,4
191517803001218,4
191517803001222,4
191517803001224,4
191517803001225,4
191517803001226,4
191517803001227,4
191517803001228,4
191517803001229,4
191517803001230,4
191517803001231,4
191517803001232,4
191517803001233,4
191517803001234,4
191517803001235,4
191517803001236,4
191517803001237,4
191517803001238,4
191517803001239,4
191517803001240,4
191517803001241,4
191517803001242,4
191517803001243,4
191517803001245,4
191517803001246,4
191517803003000,4
191517803003001,4
191517803003002,4
191517803003003,4
191517803003004,4
191517803003005,4
191517803003006,4
191517803003007,4
191517803003008,4
191517803003009,4
191517803003010,4
191517803003011,4
191517803003012,4
191517803003013,4
191517803003014,4
191517803003015,4
191517803003016,4
191517803003017,4
191517803003018,4
191517803003019,4
191517803003020,4
191517803003021,4
191517803003022,4
191517803003023,4
191517803003024,4
191517803003025,4
191517803003026,4
191517803003027,4
191517803003028,4
191517803003029,4
191517803003030,4
191517803003031,4
191517803003032,4
191517803003033,4
191517803003034,4
191517803003035,4
191517803003036,4
191517803003037,4
191517803003038,4
191517803003039,4
191517803003040,4
191517803003041,4
191517803003042,4
191517803003043,4
191517803003044,4
191517803003045,4
191517803003046,4
191517803003047,4
191517803003048,4
191517803003049,4
191517803003050,4
191517803003051,4
191517803003052,4
191517803003053,4
191517803003054,4
191517803003055,4
191517803003056,4
191517803003057,4
191517803003058,4
191517803003059,4
191517803003060,4
191517803003061,4
191517803003062,4
191517803003063,4
191517803003064,4
191517803003065,4
191517803003066,4
191517803003067,4
191517803003068,4
191517803003069,4
191517803003070,4
191517803003071,4
191517803003072,4
191517803003073,4
191517803003074,4
191517803003075,4
191517803003076,4
191517803003077,4
191517803003078,4
191517803003079,4
191517803003080,4
191517803001116,4
191517803001117,4
191517803001119,4
191517803001120,4
191517803001121,4
191517803001122,4
191517803001123,4
191517803001124,4
191517803001125,4
191517803001126,4
191517803001127,4
191517803001129,4
191517803001130,4
191517803001131,4
191517803001168,4
191517803001169,4
191517803001170,4
191517803001171,4
191517803001172,4
191517803001173,4
191517803001174,4
191517803001175,4
191517803001176,4
191517803001177,4
191517803001178,4
191517803001179,4
191517803001180,4
191517803001181,4
191517803001182,4
191517803001183,4
191517803001184,4
191517803001185,4
191517803001186,4
191517803001187,4
191517803001188,4
191517803001189,4
191517803001190,4
191517803001191,4
191517803001192,4
191517803001193,4
191517803001194,4
191517803001195,4
191517803001196,4
191517803001197,4
191517803001198,4
191517803001199,4
191517803001200,4
191517803001201,4
191517803001202,4
191517803001203,4
191517803001204,4
191517803001205,4
191517803001206,4
191517803001207,4
191517803001208,4
191517803001209,4
191517803001213,4
191517803001214,4
191517803001215,4
191517803001219,4
191517803001220,4
191517803001221,4
191517803001223,4
191517803001244,4
191517803001247,4
191517803001248,4
191517803002011,4
191517803002012,4
191517803002013,4
191517803002014,4
191517803002015,4
191517803002016,4
191517803002017,4
191517803002018,4
191517803002027,4
191517803002028,4
191517803002029,4
191517803002030,4
191517803002031,4
191517803002032,4
191517803002033,4
191517803002034,4
191517803002035,4
191517803002042,4
191517803002043,4
191517803002044,4
191517803002045,4
191517803002046,4
191517803002047,4
191517803002048,4
191517803002049,4
191517803002050,4
191517803002051,4
191517803002052,4
191517803002053,4
191517803002054,4
191517803002055,4
191517803002056,4
191517803002057,4
191517803002058,4
191517803002059,4
191517803002060,4
191517803002061,4
191517803002062,4
191517803002063,4
191517803002064,4
191517803002065,4
191517803002066,4
191517803002067,4
191517803002068,4
191517803002069,4
191517803002070,4
191517803002071,4
191517803002072,4
191517803002073,4
191517803002074,4
191517803002078,4
191517803002079,4
191517803002080,4
191517803002081,4
191517803002082,4
191517803002104,4
191517803002105,4
191517803002106,4
191517803002107,4
191517803002108,4
191517803002109,4
191517803002110,4
191517803002111,4
191517803002127,4
191517803002136,4
191517803002266,4
191517803002075,4
191517803002076,4
191517803002077,4
191517803002126,4
191517803002132,4
191517803002133,4
191517803002134,4
191517803002135,4
191517803002137,4
191517803002138,4
191517803002139,4
191517803002140,4
191517803002141,4
191517803002142,4
191517803002143,4
191517803002144,4
191517803002145,4
191517803002146,4
191517803002147,4
191517803002148,4
191517803002167,4
191517803002168,4
191517803002169,4
191517803002170,4
191517803002171,4
191517803002172,4
191517803002173,4
191517803002174,4
191517803002175,4
191517803002176,4
191517803002177,4
191517803002178,4
191517803002179,4
191517803002180,4
191517803002181,4
191517803002182,4
191517803002183,4
191517803002184,4
191517803002185,4
191517803002186,4
191517803002187,4
191517803002188,4
191517803002189,4
191517803002190,4
191517803002234,4
191517803002235,4
191517803002244,4
191517803002245,4
191517803002246,4
191517803002247,4
191517803002248,4
191517803002249,4
191517803002250,4
191517803002251,4
191517803002252,4
191517803002253,4
191517803002254,4
191517803002255,4
191517803002256,4
191517803002123,4
191517803002124,4
191517803002125,4
191517803002128,4
191517803002129,4
191517803002149,4
191517803002150,4
191517803002151,4
191517803002152,4
191517803002153,4
191517803002154,4
191517803002155,4
191517803002156,4
191517803002157,4
191517803002158,4
191517803002159,4
191517803002160,4
191517803002161,4
191517803002162,4
191517803002163,4
191517803002164,4
191517803002165,4
191517803002166,4
191517803002191,4
191517803002192,4
191517803002193,4
191517803002194,4
191517803002195,4
191517803002196,4
191517803002197,4
191517803002198,4
191517803002199,4
191517803002200,4
191517803002201,4
191517803002202,4
191517803002203,4
191517803002204,4
191517803002206,4
191517803002207,4
191517803002208,4
191517803002209,4
191517803002210,4
191517803002211,4
191517803002212,4
191517803002213,4
191517803002214,4
191517803002215,4
191517803002216,4
191517803002217,4
191517803002218,4
191517803002219,4
191517803002220,4
191517803002221,4
191517803002222,4
191517803002223,4
191517803002224,4
191517803002225,4
191517803002226,4
191517803002227,4
191517803002228,4
191517803002229,4
191517803002230,4
191517803002231,4
191517803002232,4
191517803002233,4
191517803002236,4
191517803002237,4
191517803002238,4
191517803002239,4
191517803002240,4
191517803002241,4
191517803002242,4
191517803002243,4
191517803002257,4
191517803002265,4
191530001011000,3
191530001011001,3
191530001011002,3
191530001011003,3
191530001011004,3
191530001011005,3
191530001011006,3
191530001011007,3
191530001011008,3
191530001011009,3
191530001011010,3
191530001011011,3
191530001011012,3
191530001011013,3
191530001011014,3
191530001011015,3
191530001011016,3
191530001012000,3
191530001012001,3
191530001012004,3
191530001012005,3
191530001012006,3
191530001012007,3
191530001012010,3
191530001012002,3
191530001012003,3
191530001012008,3
191530001012009,3
191530002011000,3
191530002011001,3
191530002011002,3
191530002011003,3
191530002011004,3
191530002011005,3
191530002011006,3
191530002011007,3
191530002011008,3
191530002011010,3
191530002011011,3
191530002011012,3
191530002011013,3
191530002011014,3
191530002011015,3
191530002011016,3
191530002012000,3
191530002012001,3
191530002012002,3
191530002012004,3
191530002012005,3
191530002012006,3
191530002012007,3
191530002012008,3
191530002012009,3
191530002012010,3
191530002012011,3
191530002012012,3
191530002012013,3
191530002012014,3
191530106012024,3
191530106012047,3
191530106012049,3
191530001021000,3
191530001021007,3
191530001021008,3
191530001021009,3
191530001021012,3
191530001021019,3
191530001021020,3
191530001023000,3
191530001023004,3
191530001023005,3
191530001023006,3
191530106021000,3
191530106021001,3
191530106021002,3
191530106021003,3
191530106021004,3
191530106021005,3
191530106021006,3
191530106021007,3
191530106021008,3
191530106021009,3
191530106021010,3
191530106021011,3
191530106021012,3
191530106021013,3
191530106021014,3
191530106021015,3
191530106021016,3
191530106021017,3
191530106021018,3
191530106021019,3
191530106021020,3
191530106021021,3
191530106021022,3
191530106021023,3
191530106021024,3
191530106021025,3
191530106021026,3
191530106021027,3
191530106021028,3
191530106021029,3
191530106021030,3
191530106021031,3
191530106021032,3
191530106021033,3
191530106021034,3
191530106021035,3
191530106021036,3
191530106022061,3
191530106023000,3
191530106023014,3
191530106023016,3
191530106023019,3
191530106023020,3
191530106023025,3
191530107073013,3
191530107073027,3
191530107073028,3
191530107073029,3
191530107073030,3
191530107073031,3
191530001021001,3
191530001021002,3
191530001021003,3
191530001021004,3
191530001021005,3
191530001021006,3
191530001021010,3
191530001021011,3
191530001021013,3
191530001021014,3
191530001021015,3
191530001021016,3
191530001021017,3
191530001021018,3
191530001021021,3
191530001021022,3
191530001022000,3
191530001022001,3
191530001022002,3
191530001022003,3
191530001022004,3
191530001022005,3
191530001022006,3
191530001022007,3
191530001022008,3
191530001022009,3
191530001022010,3
191530001023001,3
191530001023002,3
191530001023003,3
191530001023007,3
191530001023008,3
191530001023009,3
191530001023010,3
191530001023011,3
191530001031000,3
191530001031001,3
191530001031002,3
191530001031003,3
191530001031004,3
191530001031005,3
191530001031006,3
191530001031007,3
191530001031008,3
191530001031009,3
191530001031010,3
191530001031011,3
191530001031012,3
191530001031013,3
191530001031014,3
191530001031015,3
191530001031016,3
191530001031017,3
191530001031018,3
191530001031019,3
191530001031020,3
191530001031021,3
191530001031022,3
191530001031023,3
191530001031024,3
191530001031025,3
191530001031026,3
191530001031027,3
191530001031028,3
191530001032000,3
191530001032001,3
191530001032002,3
191530001032003,3
191530001032004,3
191530001032005,3
191530001032006,3
191530001032007,3
191530001032008,3
191530001032009,3
191530001032010,3
191530001032011,3
191530001032012,3
191530002011009,3
191530002012003,3
191530003001000,3
191530003001001,3
191530003001002,3
191530003001003,3
191530003001004,3
191530003001005,3
191530003001006,3
191530003001007,3
191530003001008,3
191530003001009,3
191530003001010,3
191530003001011,3
191530003001012,3
191530003001013,3
191530003001014,3
191530003001015,3
191530003001016,3
191530003001017,3
191530003001018,3
191530003001019,3
191530003001020,3
191530003001021,3
191530003001022,3
191530003001023,3
191530003002006,3
191530003002007,3
191530003002008,3
191530003002011,3
191530003002012,3
191530003004000,3
191530003004001,3
191530003004002,3
191530003004003,3
191530003004004,3
191530003004005,3
191530003004006,3
191530003004007,3
191530003004008,3
191530003004009,3
191530003004010,3
191530003004011,3
191530003004012,3
191530003004013,3
191530003004014,3
191530003004015,3
191530003004016,3
191530105001042,3
191530002021000,3
191530002021001,3
191530002021002,3
191530002021003,3
191530002021004,3
191530002021005,3
191530002021006,3
191530002021008,3
191530002021009,3
191530002021010,3
191530002021011,3
191530002021012,3
191530002021013,3
191530002021014,3
191530002021015,3
191530002022001,3
191530002022002,3
191530002022003,3
191530002022004,3
191530002022009,3
191530018002002,3
191530018002003,3
191530018002004,3
191530018002005,3
191530018002006,3
191530018002007,3
191530018002008,3
191530018002009,3
191530018002010,3
191530018002011,3
191530018002012,3
191530018002013,3
191530018002014,3
191530018002015,3
191530018002016,3
191530018002017,3
191530018002018,3
191530018002019,3
191530018002020,3
191530018002021,3
191530018002022,3
191530018002023,3
191530018002028,3
191530018002029,3
191530018002030,3
191530018002031,3
191530018002032,3
191530018002033,3
191530018002036,3
191530002021007,3
191530002023004,3
191530003002000,3
191530003002001,3
191530003002002,3
191530003002003,3
191530003002004,3
191530003002005,3
191530003002009,3
191530003002010,3
191530003002014,3
191530003002015,3
191530003002016,3
191530003002017,3
191530003002018,3
191530003002019,3
191530003002020,3
191530003002021,3
191530003002022,3
191530003002023,3
191530003002024,3
191530003002025,3
191530003002026,3
191530003002027,3
191530003002028,3
191530003002029,3
191530003002030,3
191530003002031,3
191530017001000,3
191530017001001,3
191530017001002,3
191530017001003,3
191530017001004,3
191530017001005,3
191530017001006,3
191530017001007,3
191530017001008,3
191530017001009,3
191530017001010,3
191530017001011,3
191530017001012,3
191530017001013,3
191530017001014,3
191530017001015,3
191530017001016,3
191530017001017,3
191530017001018,3
191530017001019,3
191530017001020,3
191530017001021,3
191530017001022,3
191530017002000,3
191530017002009,3
191530017002010,3
191530017002017,3
191530017002018,3
191530017002019,3
191530017002020,3
191530017002022,3
191530017002023,3
191530002022000,3
191530002022005,3
191530002022006,3
191530002022007,3
191530002022008,3
191530002024011,3
191530002024012,3
191530002024013,3
191530002024014,3
191530018001000,3
191530018001001,3
191530018001002,3
191530018001003,3
191530018001004,3
191530018001005,3
191530018001006,3
191530018001007,3
191530018001008,3
191530018001009,3
191530018001010,3
191530018001011,3
191530018001012,3
191530018001013,3
191530018001014,3
191530018001015,3
191530018001016,3
191530018001017,3
191530018001018,3
191530018001019,3
191530018001020,3
191530018001021,3
191530018001022,3
191530018001023,3
191530018002000,3
191530018002001,3
191530018002024,3
191530018002025,3
191530018002026,3
191530018002027,3
191530018002034,3
191530018002035,3
191530019003000,3
191530019003001,3
191530019003002,3
191530019003003,3
191530019003004,3
191530019003005,3
191530019003006,3
191530019003007,3
191530019003008,3
191530019003009,3
191530019003010,3
191530019003011,3
191530019004000,3
191530019004001,3
191530019004002,3
191530019004003,3
191530019004004,3
191530019004005,3
191530019004006,3
191530019004007,3
191530019004008,3
191530019004009,3
191530019004010,3
191530002023000,3
191530002023001,3
191530002023002,3
191530002023003,3
191530002023005,3
191530002023006,3
191530002023007,3
191530002023008,3
191530002023009,3
191530002023010,3
191530002024000,3
191530002024001,3
191530002024002,3
191530002024003,3
191530002024004,3
191530002024005,3
191530002024006,3
191530002024007,3
191530002024008,3
191530002024009,3
191530002024010,3
191530002024015,3
191530003002013,3
191530003003000,3
191530003003001,3
191530003003002,3
191530003003003,3
191530003003004,3
191530003003005,3
191530003003006,3
191530003003007,3
191530003003008,3
191530015002022,3
191530015002023,3
191530015002024,3
191530015002025,3
191530015002026,3
191530015002027,3
191530015002028,3
191530015002029,3
191530015002030,3
191530015002031,3
191530015002032,3
191530015002033,3
191530015002034,3
191530015002035,3
191530015002036,3
191530015002037,3
191530015002038,3
191530015002039,3
191530015002045,3
191530017002001,3
191530017002002,3
191530017002003,3
191530017002004,3
191530048002000,3
191530048002001,3
191530048002002,3
191530048002003,3
191530048002004,3
191530048002005,3
191530048002006,3
191530004001000,3
191530004001001,3
191530004001002,3
191530004001003,3
191530004001004,3
191530004001013,3
191530004001014,3
191530004001015,3
191530004004000,3
191530004004012,3
191530004004013,3
191530004004014,3
191530004005000,3
191530004005001,3
191530004005002,3
191530004005003,3
191530004005004,3
191530004005005,3
191530004005006,3
191530004005007,3
191530004005008,3
191530004005009,3
191530004005010,3
191530004005011,3
191530004005012,3
191530004005013,3
191530004005014,3
191530105001033,3
191530105001036,3
191530105001045,3
191530105001051,3
191530105001067,3
191530105001068,3
191530004001005,3
191530004001006,3
191530004001007,3
191530004001008,3
191530004001009,3
191530004001010,3
191530004001011,3
191530004001012,3
191530004002000,3
191530004002001,3
191530004002002,3
191530004002003,3
191530004002004,3
191530004002005,3
191530004002006,3
191530004002007,3
191530004002009,3
191530004002010,3
191530004002011,3
191530004002012,3
191530004002013,3
191530004002014,3
191530004002017,3
191530004002018,3
191530004002019,3
191530004003000,3
191530004003001,3
191530004003002,3
191530004003005,3
191530004003006,3
191530004003007,3
191530004003008,3
191530004003009,3
191530004003010,3
191530004003013,3
191530004003014,3
191530004003015,3
191530004003016,3
191530004003017,3
191530004003018,3
191530004002008,3
191530004002015,3
191530004002016,3
191530004004001,3
191530004004002,3
191530004004003,3
191530004004004,3
191530004004005,3
191530004004006,3
191530004004007,3
191530004004008,3
191530004004009,3
191530004004010,3
191530004004011,3
191530005003000,3
191530005003001,3
191530005003002,3
191530005003003,3
191530005003004,3
191530005003005,3
191530005003006,3
191530005003007,3
191530005003008,3
191530005003009,3
191530005003010,3
191530005003011,3
191530005003012,3
191530005003013,3
191530005003014,3
191530005003015,3
191530005003016,3
191530005003017,3
191530005003018,3
191530005003019,3
191530005003020,3
191530005003021,3
191530005003022,3
191530005003023,3
191530005004000,3
191530005004001,3
191530005004002,3
191530005004003,3
191530005004004,3
191530005004005,3
191530005004006,3
191530005004007,3
191530005004008,3
191530005004009,3
191530005004010,3
191530005004011,3
191530005004012,3
191530005004013,3
191530005004014,3
191530005004015,3
191530005004016,3
191530005004017,3
191530005004018,3
191530005004019,3
191530015002006,3
191530015002007,3
191530015002008,3
191530015002009,3
191530015002010,3
191530015002013,3
191530015002014,3
191530015002015,3
191530015002016,3
191530015002017,3
191530015002018,3
191530015002019,3
191530015002020,3
191530015002021,3
191530015002040,3
191530015002041,3
191530015002044,3
191530004003003,3
191530004003004,3
191530004003011,3
191530004003012,3
191530004003019,3
191530006001000,3
191530006001001,3
191530006001002,3
191530006001003,3
191530006001004,3
191530006001005,3
191530006001006,3
191530006001007,3
191530006001008,3
191530006001009,3
191530006001010,3
191530006001011,3
191530006001012,3
191530006001013,3
191530006001014,3
191530006001015,3
191530006001016,3
191530006001017,3
191530006002000,3
191530006002001,3
191530006002002,3
191530006002003,3
191530006002004,3
191530006002005,3
191530006002006,3
191530006002007,3
191530006002008,3
191530006002009,3
191530006002010,3
191530006002011,3
191530006002012,3
191530006002013,3
191530006002014,3
191530006002015,3
191530006002016,3
191530006002017,3
191530006004000,3
191530006004001,3
191530006004002,3
191530006004003,3
191530006004004,3
191530006004005,3
191530006004006,3
191530006004007,3
191530006004008,3
191530006004009,3
191530006004010,3
191530006004011,3
191530006004012,3
191530006004013,3
191530006004014,3
191530006004015,3
191530006004016,3
191530105001024,3
191530105001072,3
191530005001000,3
191530005001001,3
191530005001002,3
191530005001003,3
191530005001004,3
191530005001005,3
191530005001006,3
191530005001007,3
191530005001008,3
191530005001009,3
191530005001010,3
191530005001011,3
191530005001012,3
191530005001013,3
191530005001014,3
191530005001015,3
191530005001016,3
191530005001017,3
191530005001018,3
191530005001019,3
191530005001020,3
191530005001021,3
191530005001022,3
191530005001023,3
191530005001024,3
191530005001025,3
191530005001026,3
191530005002000,3
191530005002001,3
191530005002002,3
191530005002003,3
191530005002004,3
191530005002005,3
191530005002006,3
191530005002007,3
191530005002008,3
191530005002009,3
191530005002010,3
191530005002011,3
191530005002012,3
191530005002013,3
191530005002014,3
191530005002015,3
191530005002016,3
191530005002017,3
191530015001000,3
191530015001001,3
191530015001002,3
191530015001003,3
191530015001004,3
191530015001005,3
191530015001006,3
191530015001007,3
191530015001008,3
191530015001009,3
191530015001010,3
191530015002000,3
191530015002001,3
191530015002002,3
191530015002003,3
191530015002004,3
191530015002005,3
191530005005000,3
191530005005001,3
191530005005002,3
191530005005003,3
191530005005004,3
191530005005005,3
191530005005006,3
191530005005007,3
191530005005008,3
191530005005009,3
191530005005010,3
191530005005011,3
191530005005012,3
191530005005013,3
191530005005014,3
191530005005015,3
191530005005016,3
191530005005017,3
191530005005018,3
191530006003000,3
191530006003001,3
191530006003002,3
191530006003003,3
191530006003004,3
191530006003005,3
191530006003006,3
191530006003007,3
191530006003008,3
191530006003009,3
191530006003010,3
191530006003011,3
191530006003012,3
191530006003013,3
191530006003014,3
191530015002011,3
191530015002012,3
191530015002042,3
191530015002043,3
191530007011000,3
191530007011001,3
191530007013000,3
191530007013001,3
191530007013002,3
191530007013008,3
191530007013009,3
191530007013010,3
191530012001000,3
191530012001001,3
191530012001002,3
191530012001003,3
191530012001004,3
191530012001005,3
191530012001006,3
191530012001007,3
191530012002000,3
191530012002001,3
191530012002002,3
191530012002003,3
191530012002004,3
191530012002005,3
191530012002006,3
191530012002007,3
191530012002008,3
191530050001000,3
191530050001001,3
191530050001002,3
191530050001003,3
191530050001004,3
191530050001005,3
191530050001006,3
191530050001007,3
191530050001008,3
191530050001009,3
191530050001010,3
191530050001017,3
191530050001018,3
191530007011002,3
191530007011003,3
191530007011004,3
191530007021004,3
191530007021005,3
191530007021020,3
191530007022000,3
191530007022001,3
191530007022002,3
191530007022003,3
191530007022004,3
191530007022006,3
191530007022007,3
191530007023000,3
191530007023001,3
191530007023002,3
191530007023003,3
191530007023004,3
191530007023005,3
191530007023006,3
191530007023007,3
191530007023008,3
191530007011005,3
191530007011006,3
191530007011007,3
191530007011008,3
191530007011009,3
191530007011010,3
191530007011011,3
191530007012000,3
191530007012001,3
191530007012002,3
191530007012003,3
191530007012004,3
191530007012005,3
191530007012006,3
191530007012007,3
191530007012008,3
191530007013003,3
191530007013004,3
191530007013005,3
191530007013006,3
191530007013007,3
191530007021000,3
191530007021001,3
191530007021003,3
191530007041000,3
191530007041004,3
191530008014000,3
191530008014001,3
191530008014002,3
191530008014003,3
191530008014007,3
191530008014008,3
191530008014009,3
191530008014010,3
191530008014012,3
191530117023010,3
191530117023011,3
191530117023012,3
191530117023028,3
191530117023029,3
191530117023030,3
191530117023036,3
191530117023037,3
191530117023038,3
191530117023039,3
191530117023040,3
191530117023048,3
191530007021002,3
191530007021006,3
191530007021007,3
191530007021008,3
191530007021009,3
191530007021010,3
191530007021011,3
191530007021012,3
191530007021013,3
191530007021014,3
191530007021015,3
191530007021016,3
191530007021017,3
191530007021018,3
191530007021019,3
191530007021021,3
191530007041001,3
191530007041002,3
191530007041003,3
191530007041005,3
191530007041006,3
191530007041007,3
191530007041008,3
191530007041009,3
191530007041010,3
191530007041011,3
191530007041012,3
191530007041016,3
191530007043000,3
191530007043001,3
191530007043002,3
191530007043003,3
191530007043004,3
191530007043005,3
191530007043006,3
191530007043007,3
191530007022005,3
191530007022008,3
191530007022009,3
191530007022010,3
191530007022011,3
191530007022012,3
191530007022013,3
191530007041013,3
191530007041014,3
191530007041015,3
191530007042000,3
191530007042001,3
191530007042002,3
191530007042003,3
191530007042004,3
191530007042005,3
191530007042006,3
191530007042007,3
191530007042008,3
191530007042009,3
191530007042010,3
191530007042011,3
191530007042012,3
191530007042013,3
191530007044000,3
191530007044001,3
191530007044002,3
191530007044003,3
191530007044004,3
191530007044005,3
191530007044006,3
191530007044007,3
191530007044008,3
191530007044009,3
191530007044010,3
191530008011000,3
191530008011001,3
191530008011002,3
191530008011003,3
191530008011004,3
191530008011005,3
191530008011006,3
191530008011007,3
191530008011008,3
191530007031000,3
191530007031001,3
191530007031002,3
191530007031003,3
191530007031004,3
191530007031005,3
191530007031006,3
191530007031007,3
191530007031008,3
191530007031009,3
191530007031010,3
191530007031011,3
191530007031012,3
191530007031013,3
191530007031014,3
191530007031015,3
191530007031016,3
191530007031017,3
191530007031018,3
191530007031019,3
191530007031020,3
191530007031021,3
191530007031022,3
191530007031023,3
191530007032000,3
191530007032001,3
191530007032002,3
191530007032003,3
191530007032004,3
191530007032005,3
191530007032006,3
191530007032007,3
191530007032008,3
191530007033000,3
191530007033001,3
191530007033002,3
191530007033003,3
191530007033004,3
191530007033005,3
191530007033006,3
191530007033007,3
191530007033008,3
191530007033009,3
191530007033010,3
191530008012000,3
191530008012001,3
191530008012002,3
191530008012003,3
191530008012004,3
191530008012005,3
191530008012006,3
191530008012007,3
191530008016000,3
191530008016001,3
191530008016002,3
191530008016003,3
191530008016004,3
191530008016005,3
191530008016006,3
191530008016007,3
191530008034000,3
191530008034001,3
191530008034002,3
191530008012008,3
191530008012009,3
191530008031000,3
191530008031001,3
191530008031002,3
191530008031003,3
191530008031004,3
191530008031005,3
191530008031006,3
191530008031007,3
191530008031008,3
191530008031009,3
191530008031010,3
191530008033000,3
191530008033001,3
191530008033002,3
191530008033003,3
191530008033004,3
191530008033005,3
191530008033006,3
191530008033007,3
191530008033008,3
191530008033009,3
191530008033010,3
191530008033011,3
191530008033012,3
191530008033013,3
191530008033014,3
191530008033015,3
191530008034006,3
191530008034007,3
191530008034008,3
191530008034009,3
191530008034010,3
191530008034013,3
191530008034014,3
191530008034015,3
191530008013000,3
191530008013001,3
191530008013002,3
191530008013003,3
191530008013004,3
191530008013005,3
191530008013006,3
191530008013007,3
191530008013008,3
191530008013009,3
191530008013010,3
191530008013011,3
191530008013012,3
191530008013013,3
191530008013014,3
191530008013015,3
191530008013016,3
191530008014004,3
191530008014005,3
191530008014006,3
191530008014011,3
191530008015000,3
191530008015001,3
191530008015002,3
191530008021000,3
191530008021001,3
191530008021002,3
191530008022000,3
191530008022001,3
191530008022002,3
191530008022003,3
191530008022004,3
191530008022005,3
191530008022006,3
191530008022007,3
191530008022008,3
191530008022009,3
191530008022010,3
191530008022011,3
191530008022012,3
191530008022013,3
191530008022014,3
191530008022015,3
191530008022016,3
191530008022017,3
191530008022018,3
191530008022019,3
191530008022020,3
191530008022021,3
191530008022022,3
191530008022023,3
191530008022024,3
191530008022025,3
191530008022026,3
191530008022027,3
191530008022028,3
191530008022029,3
191530008022030,3
191530008022031,3
191530008022032,3
191530008022033,3
191530008022034,3
191530008022035,3
191530008022036,3
191530008023000,3
191530008023001,3
191530008023002,3
191530008023003,3
191530008023004,3
191530008023005,3
191530008023006,3
191530008023007,3
191530008023008,3
191530008023009,3
191530008023010,3
191530008023011,3
191530008023012,3
191530008023013,3
191530008023014,3
191530008023015,3
191530008032000,3
191530008032001,3
191530008032002,3
191530008032003,3
191530008032004,3
191530008032005,3
191530008032006,3
191530008032007,3
191530008032008,3
191530008032009,3
191530008032010,3
191530008032011,3
191530008032012,3
191530008034003,3
191530008034004,3
191530008034005,3
191530008034011,3
191530008034012,3
191530008034016,3
191530008034017,3
191530009011000,3
191530009011001,3
191530009011002,3
191530009011003,3
191530009011004,3
191530009011005,3
191530009011006,3
191530009011007,3
191530009011008,3
191530009011009,3
191530009011010,3
191530009011011,3
191530009011012,3
191530009011013,3
191530009011014,3
191530009011015,3
191530009011016,3
191530009011017,3
191530009011018,3
191530009011019,3
191530009011020,3
191530009011021,3
191530009012000,3
191530009012001,3
191530009012002,3
191530009012003,3
191530009012004,3
191530009012005,3
191530009012006,3
191530009012007,3
191530009012008,3
191530009012009,3
191530009012010,3
191530009012011,3
191530009012012,3
191530009012013,3
191530009012014,3
191530009012015,3
191530009012016,3
191530009012017,3
191530009013000,3
191530009013001,3
191530009013002,3
191530009013003,3
191530009013004,3
191530009013005,3
191530009013006,3
191530009013007,3
191530009013008,3
191530009013009,3
191530009013010,3
191530009013011,3
191530009013012,3
191530009013013,3
191530009013014,3
191530009013015,3
191530009013016,3
191530009014000,3
191530009014001,3
191530009014002,3
191530009014003,3
191530009014004,3
191530009014005,3
191530009014006,3
191530009014007,3
191530009014008,3
191530009014009,3
191530009014010,3
191530009021000,3
191530009021001,3
191530009021002,3
191530009021003,3
191530009021004,3
191530009021005,3
191530009021006,3
191530009021007,3
191530009021008,3
191530009021009,3
191530009021010,3
191530009021011,3
191530009021012,3
191530009021013,3
191530009021014,3
191530009022000,3
191530009022001,3
191530009022002,3
191530009022003,3
191530009022004,3
191530009022005,3
191530009022006,3
191530009022007,3
191530009022008,3
191530009022009,3
191530009022010,3
191530009023000,3
191530009023001,3
191530009023002,3
191530009023003,3
191530009023004,3
191530009023005,3
191530010001000,3
191530010001001,3
191530010001002,3
191530010001003,3
191530010001004,3
191530010001005,3
191530010001006,3
191530010001007,3
191530010001008,3
191530010001009,3
191530010001010,3
191530010001011,3
191530010001012,3
191530010001013,3
191530010001014,3
191530010001015,3
191530010001016,3
191530010002000,3
191530010002001,3
191530010002002,3
191530010002003,3
191530010002004,3
191530010002005,3
191530010002006,3
191530010002007,3
191530010004000,3
191530010004001,3
191530010004002,3
191530010004003,3
191530010004004,3
191530010004005,3
191530010004006,3
191530010004007,3
191530010004008,3
191530010004009,3
191530010004010,3
191530010004011,3
191530010004012,3
191530010004013,3
191530010004014,3
191530010004015,3
191530010004016,3
191530010004017,3
191530010004018,3
191530010003000,3
191530010003001,3
191530010003002,3
191530010003003,3
191530010003004,3
191530010003005,3
191530010003006,3
191530010003007,3
191530010003008,3
191530011001000,3
191530011001001,3
191530011001002,3
191530011001003,3
191530011001004,3
191530011001005,3
191530011001006,3
191530011001007,3
191530011001008,3
191530011001009,3
191530011001010,3
191530011001011,3
191530011001012,3
191530011001013,3
191530011001014,3
191530011001015,3
191530011002000,3
191530011002001,3
191530011002002,3
191530011002003,3
191530011002004,3
191530011002005,3
191530011002006,3
191530011002007,3
191530011002008,3
191530011002009,3
191530011003000,3
191530011003001,3
191530011003002,3
191530011003003,3
191530011003004,3
191530011003005,3
191530011003006,3
191530011003007,3
191530011003008,3
191530011004000,3
191530011004001,3
191530011004002,3
191530011004003,3
191530011004004,3
191530011004005,3
191530011004006,3
191530011004007,3
191530011004008,3
191530011004009,3
191530012001008,3
191530012001009,3
191530012001010,3
191530012001011,3
191530012002009,3
191530012002010,3
191530012002011,3
191530012002012,3
191530012003000,3
191530012003001,3
191530012003002,3
191530012003003,3
191530012003004,3
191530012003005,3
191530012003006,3
191530012003007,3
191530012003008,3
191530012003009,3
191530012003010,3
191530012003011,3
191530012003012,3
191530012003013,3
191530012003014,3
191530012003015,3
191530012003016,3
191530012003017,3
191530012003018,3
191530012003019,3
191530012003020,3
191530012003021,3
191530012003022,3
191530012003023,3
191530012003024,3
191530012003025,3
191530050001011,3
191530050001012,3
191530050002004,3
191530050002005,3
191530050002006,3
191530050002007,3
191530050002015,3
191530050002016,3
191530050003005,3
191530050003006,3
191530050003007,3
191530050003008,3
191530017002005,3
191530017002006,3
191530017002007,3
191530017002008,3
191530017002011,3
191530017002012,3
191530017002013,3
191530017002014,3
191530017002015,3
191530017002016,3
191530017002021,3
191530017002024,3
191530017002025,3
191530017002026,3
191530017002027,3
191530017002028,3
191530017002029,3
191530048001000,3
191530048001001,3
191530048001002,3
191530048001003,3
191530048001004,3
191530048001005,3
191530048001006,3
191530048001007,3
191530048001008,3
191530048001009,3
191530048001010,3
191530048001011,3
191530048001012,3
191530048001013,3
191530048001014,3
191530048001015,3
191530048001016,3
191530048001017,3
191530048001018,3
191530048001019,3
191530048001020,3
191530048001021,3
191530048001022,3
191530048001023,3
191530048001024,3
191530048001025,3
191530048001026,3
191530048001027,3
191530048001028,3
191530048001029,3
191530048001030,3
191530048001031,3
191530048001032,3
191530048001033,3
191530048001034,3
191530048001035,3
191530048002007,3
191530048002008,3
191530048002009,3
191530048002010,3
191530048002011,3
191530048002012,3
191530048002013,3
191530048002014,3
191530048002015,3
191530048002016,3
191530048002017,3
191530048002018,3
191530019001000,3
191530019001001,3
191530019001002,3
191530019001003,3
191530019001004,3
191530019001005,3
191530019001006,3
191530019001007,3
191530019001008,3
191530019001009,3
191530019002000,3
191530019002001,3
191530019002002,3
191530019002003,3
191530019002004,3
191530019002005,3
191530019002006,3
191530019002007,3
191530019002008,3
191530019002009,3
191530019002010,3
191530019002011,3
191530019002012,3
191530019002013,3
191530019002014,3
191530019002015,3
191530019002016,3
191530019002017,3
191530019002018,3
191530019005000,3
191530019005001,3
191530019005002,3
191530019005003,3
191530019005004,3
191530019005005,3
191530019005006,3
191530019005007,3
191530019005008,3
191530019005009,3
191530019005010,3
191530019005011,3
191530019005012,3
191530019005013,3
191530019005014,3
191530019005015,3
191530019005016,3
191530019005017,3
191530019005018,3
191530106023015,3
191530021001000,3
191530021001001,3
191530021001002,3
191530021001003,3
191530021001004,3
191530021001005,3
191530021001006,3
191530021001007,3
191530021001008,3
191530021001009,3
191530021001010,3
191530021001011,3
191530021001012,3
191530021001013,3
191530021001014,3
191530021001015,3
191530021002000,3
191530021002001,3
191530021002002,3
191530021002003,3
191530021002004,3
191530021002005,3
191530021002006,3
191530021002007,3
191530021002008,3
191530021002009,3
191530021002010,3
191530021002011,3
191530021002012,3
191530021002013,3
191530021002014,3
191530021003000,3
191530021003001,3
191530021003002,3
191530021003003,3
191530021003004,3
191530021003005,3
191530021003006,3
191530021003007,3
191530021003008,3
191530021003009,3
191530021003010,3
191530021003011,3
191530021003012,3
191530021003013,3
191530021003015,3
191530053002010,3
191530053002011,3
191530053002012,3
191530053002013,3
191530053002014,3
191530053003000,3
191530053003001,3
191530053003002,3
191530053003003,3
191530053003004,3
191530053003005,3
191530053003006,3
191530053003007,3
191530053003008,3
191530053003009,3
191530053003010,3
191530053003011,3
191530053003012,3
191530053003013,3
191530053003014,3
191530053003015,3
191530053003016,3
191530053003017,3
191530053003018,3
191530053003019,3
191530053003020,3
191530053003021,3
191530053003022,3
191530053003023,3
191530021003014,3
191530021004000,3
191530021004001,3
191530021004002,3
191530021004003,3
191530021004004,3
191530021004005,3
191530021004006,3
191530021004007,3
191530021004008,3
191530021004009,3
191530021004010,3
191530021004011,3
191530021004012,3
191530021004013,3
191530021004014,3
191530021005000,3
191530021005001,3
191530021005002,3
191530021005003,3
191530021005004,3
191530021005005,3
191530021005006,3
191530021005007,3
191530021005008,3
191530021005009,3
191530021005010,3
191530021005011,3
191530021005012,3
191530021005013,3
191530021005014,3
191530021005015,3
191530021005016,3
191530021005017,3
191530021005018,3
191530021006000,3
191530021006001,3
191530021006002,3
191530021006003,3
191530021006004,3
191530021006005,3
191530021006006,3
191530021006007,3
191530021006008,3
191530021006009,3
191530021006010,3
191530021006011,3
191530021006012,3
191530021006013,3
191530052001000,3
191530052001001,3
191530052001002,3
191530052001007,3
191530052001008,3
191530052001009,3
191530052001010,3
191530052001011,3
191530052001015,3
191530052001016,3
191530052002000,3
191530052002001,3
191530052002002,3
191530052002005,3
191530052002006,3
191530052002007,3
191530052002008,3
191530052002009,3
191530052002010,3
191530052002014,3
191530052002015,3
191530052002016,3
191530052002017,3
191530052002018,3
191530052002019,3
191530052002020,3
191530026001000,3
191530026001001,3
191530026001002,3
191530026001003,3
191530026001004,3
191530026001005,3
191530026001006,3
191530026001007,3
191530026001008,3
191530026001009,3
191530026001010,3
191530026001011,3
191530026001023,3
191530026001024,3
191530026001025,3
191530026001026,3
191530026001027,3
191530026001028,3
191530026001029,3
191530026001030,3
191530026001031,3
191530027001000,3
191530027001001,3
191530027002000,3
191530027002008,3
191530027003000,3
191530049001010,3
191530049001041,3
191530049001042,3
191530049001045,3
191530049001046,3
191530049001047,3
191530049001048,3
191530049001049,3
191530049001050,3
191530049001051,3
191530049001052,3
191530049001053,3
191530049001054,3
191530049001055,3
191530049001056,3
191530049001058,3
191530049001059,3
191530049001060,3
191530050004000,3
191530050004001,3
191530050004002,3
191530050004003,3
191530050004004,3
191530050004005,3
191530050004006,3
191530050004007,3
191530050004008,3
191530050004009,3
191530050004010,3
191530050004011,3
191530050004012,3
191530050004013,3
191530050004014,3
191530050004015,3
191530050004016,3
191530050004017,3
191530050004018,3
191530050004019,3
191530050004020,3
191530050004021,3
191530050004022,3
191530050004023,3
191530050004024,3
191530050004025,3
191530050004026,3
191530026001012,3
191530026001013,3
191530026001014,3
191530026001015,3
191530026001016,3
191530026001017,3
191530026001018,3
191530026001019,3
191530026001020,3
191530026001021,3
191530026001022,3
191530026001032,3
191530026001033,3
191530026001034,3
191530028001000,3
191530028001001,3
191530028001004,3
191530028001005,3
191530028001006,3
191530028001007,3
191530028001011,3
191530028001012,3
191530028002000,3
191530028002001,3
191530028002006,3
191530028002007,3
191530028002008,3
191530029001000,3
191530027001002,3
191530027001003,3
191530027001014,3
191530027001015,3
191530027001016,3
191530027001017,3
191530027001018,3
191530027001020,3
191530027001021,3
191530027001022,3
191530027003001,3
191530027003002,3
191530027003003,3
191530027003004,3
191530027004000,3
191530027004001,3
191530027004010,3
191530027004011,3
191530051012000,3
191530051012001,3
191530051012002,3
191530051012003,3
191530051012004,3
191530051012005,3
191530051012006,3
191530051012007,3
191530051012008,3
191530051012009,3
191530051012010,3
191530051012012,3
191530051012013,3
191530051012014,3
191530051012015,3
191530051012016,3
191530051012017,3
191530051012018,3
191530051012019,3
191530051012020,3
191530051012021,3
191530051012022,3
191530051012023,3
191530051012025,3
191530051012026,3
191530051012027,3
191530051012028,3
191530051012029,3
191530051012030,3
191530051012031,3
191530051012032,3
191530051012033,3
191530051012034,3
191530051012035,3
191530051012036,3
191530051012037,3
191530051012038,3
191530051012039,3
191530051012040,3
191530051012041,3
191530051012042,3
191530051012043,3
191530051012044,3
191530051012045,3
191530051012046,3
191530051013000,3
191530051013001,3
191530051013002,3
191530051013003,3
191530051013004,3
191530051013005,3
191530051013006,3
191530051013007,3
191530051013008,3
191530051013009,3
191530051013010,3
191530051013011,3
191530051014008,3
191530051014009,3
191530051014010,3
191530051014011,3
191530051014012,3
191530051014031,3
191530051014032,3
191530051014033,3
191530051014034,3
191530051014035,3
191530051014036,3
191530051014052,3
191530051014053,3
191530051014054,3
191530051014055,3
191530051014060,3
191530051014061,3
191530051015009,3
191530051015010,3
191530051015011,3
191530051015012,3
191530051015022,3
191530051015023,3
191530051015024,3
191530051015025,3
191530051015026,3
191530027001004,3
191530027001005,3
191530027001006,3
191530027001007,3
191530027001008,3
191530027001009,3
191530027001010,3
191530027001011,3
191530027001012,3
191530027001013,3
191530027001019,3
191530027001023,3
191530027002001,3
191530027002002,3
191530027002004,3
191530027002009,3
191530027002010,3
191530027002011,3
191530027002019,3
191530027002020,3
191530027002021,3
191530027002026,3
191530027004002,3
191530027004003,3
191530027004004,3
191530027004005,3
191530027004006,3
191530027004007,3
191530027004008,3
191530027004009,3
191530051012011,3
191530027002003,3
191530027002005,3
191530027002006,3
191530027002007,3
191530027002012,3
191530027002013,3
191530027002014,3
191530027002015,3
191530027002016,3
191530027002017,3
191530027002018,3
191530027002025,3
191530027002027,3
191530029001002,3
191530029001003,3
191530029001004,3
191530029001005,3
191530029001006,3
191530029001007,3
191530029001008,3
191530029001009,3
191530029001010,3
191530029001011,3
191530029001012,3
191530029001013,3
191530029004002,3
191530029004010,3
191530029004011,3
191530029004012,3
191530027002022,3
191530027002023,3
191530027002024,3
191530027002028,3
191530029002000,3
191530029002001,3
191530029002002,3
191530029002003,3
191530029002004,3
191530029002005,3
191530029002006,3
191530029002007,3
191530029002008,3
191530029002009,3
191530032001000,3
191530032001001,3
191530032001002,3
191530032001003,3
191530032001004,3
191530032001005,3
191530032001006,3
191530032001007,3
191530032001008,3
191530032001010,3
191530032001011,3
191530032001012,3
191530032001013,3
191530032001014,3
191530032001015,3
191530032001016,3
191530032001017,3
191530051012024,3
191530028001002,3
191530028001003,3
191530028001008,3
191530028001009,3
191530028001010,3
191530028002002,3
191530028002003,3
191530028002004,3
191530028002005,3
191530028002009,3
191530028002010,3
191530028002011,3
191530028002012,3
191530028002013,3
191530028002014,3
191530028003000,3
191530028003001,3
191530028003002,3
191530028003003,3
191530028003004,3
191530028003005,3
191530028003006,3
191530028003007,3
191530028003008,3
191530028004000,3
191530028004001,3
191530028004002,3
191530028004003,3
191530028004004,3
191530028004005,3
191530028004006,3
191530028004007,3
191530028004008,3
191530028004009,3
191530028004010,3
191530028004011,3
191530028004012,3
191530028004013,3
191530028004014,3
191530028004015,3
191530028004016,3
191530028004017,3
191530028004018,3
191530028004019,3
191530028004020,3
191530028004021,3
191530028004022,3
191530028004023,3
191530029001001,3
191530029004000,3
191530029003000,3
191530029003001,3
191530029003002,3
191530029003003,3
191530029003004,3
191530029003005,3
191530029003006,3
191530029003007,3
191530029003008,3
191530029003009,3
191530029003010,3
191530029004001,3
191530029004003,3
191530029004004,3
191530029004005,3
191530029004006,3
191530029004007,3
191530029004008,3
191530029004009,3
191530029004013,3
191530030021002,3
191530030021005,3
191530030021006,3
191530030021007,3
191530030021008,3
191530030011000,3
191530030011001,3
191530030011002,3
191530030011003,3
191530030011004,3
191530030011005,3
191530030011006,3
191530030011007,3
191530030011008,3
191530030011009,3
191530030011010,3
191530030011011,3
191530030011012,3
191530030011013,3
191530030011014,3
191530030011015,3
191530030011016,3
191530030011017,3
191530030011018,3
191530030011019,3
191530030011020,3
191530030011021,3
191530030011022,3
191530030012000,3
191530030012001,3
191530030012002,3
191530030012003,3
191530030012004,3
191530030012005,3
191530030012006,3
191530030012007,3
191530030012008,3
191530030012009,3
191530030012010,3
191530030012011,3
191530030012012,3
191530030012013,3
191530030012014,3
191530030012015,3
191530030012016,3
191530030012017,3
191530030012018,3
191530030012019,3
191530030021000,3
191530030023000,3
191530030024000,3
191530030024001,3
191530030021001,3
191530030021003,3
191530030021004,3
191530030021009,3
191530030021010,3
191530030021011,3
191530030021012,3
191530030021013,3
191530030021014,3
191530030021015,3
191530030021016,3
191530030021017,3
191530030022000,3
191530030022001,3
191530030022002,3
191530030022003,3
191530030022004,3
191530030022005,3
191530030022006,3
191530030022007,3
191530030022008,3
191530030022009,3
191530030022010,3
191530030023001,3
191530030023002,3
191530030023003,3
191530030023004,3
191530030023005,3
191530030023006,3
191530030023007,3
191530030023008,3
191530030023009,3
191530030023010,3
191530030023011,3
191530030023012,3
191530031001000,3
191530031001001,3
191530031001002,3
191530031001003,3
191530031001004,3
191530031001005,3
191530031001006,3
191530030024002,3
191530030024003,3
191530030024004,3
191530030024005,3
191530030024006,3
191530030024007,3
191530030024008,3
191530030024009,3
191530030024010,3
191530030024011,3
191530030024012,3
191530030024013,3
191530030024014,3
191530030024015,3
191530030024016,3
191530030024017,3
191530030024018,3
191530030024019,3
191530030024020,3
191530030024021,3
191530030024022,3
191530030024023,3
191530030024024,3
191530030024025,3
191530030024026,3
191530030024027,3
191530030024028,3
191530030024029,3
191530030024030,3
191530031001007,3
191530031001008,3
191530040012006,3
191530040012007,3
191530040012008,3
191530040012009,3
191530040012010,3
191530040012018,3
191530040012019,3
191530040012020,3
191530040012021,3
191530040012022,3
191530040012023,3
191530040012024,3
191530040012025,3
191530040012029,3
191530040012030,3
191530032001009,3
191530032002000,3
191530032002001,3
191530032002002,3
191530032002003,3
191530032002004,3
191530032002005,3
191530032002006,3
191530032002007,3
191530032002008,3
191530032002009,3
191530032002010,3
191530032002011,3
191530032002012,3
191530032002013,3
191530032002014,3
191530032002015,3
191530032002016,3
191530032002017,3
191530032002018,3
191530032002019,3
191530032002020,3
191530032002021,3
191530032002022,3
191530032002023,3
191530040012000,3
191530040012001,3
191530040012002,3
191530040012003,3
191530040012004,3
191530040012005,3
191530040012014,3
191530040012015,3
191530040012016,3
191530040012017,3
191530039011000,3
191530039011001,3
191530039011002,3
191530039011003,3
191530039011004,3
191530039011005,3
191530039011006,3
191530039011007,3
191530039011008,3
191530039011009,3
191530039011010,3
191530039011011,3
191530039011012,3
191530039021005,3
191530039012000,3
191530039012001,3
191530039012002,3
191530039012003,3
191530039012004,3
191530039012005,3
191530039012006,3
191530039012007,3
191530039021000,3
191530039021001,3
191530039021002,3
191530039021003,3
191530039021004,3
191530039021011,3
191530039021006,3
191530039021007,3
191530039021008,3
191530039021009,3
191530039021012,3
191530108051000,3
191530108051001,3
191530108051002,3
191530108051003,3
191530108051004,3
191530108051005,3
191530108051006,3
191530108051007,3
191530108051008,3
191530108051009,3
191530108051010,3
191530108051011,3
191530108051012,3
191530108051020,3
191530108051021,3
191530108051022,3
191530108052000,3
191530108052001,3
191530108052002,3
191530108052003,3
191530108052004,3
191530108052005,3
191530108052006,3
191530108052043,3
191530108062015,3
191530108062016,3
191530108062017,3
191530108062020,3
191530108062021,3
191530108062040,3
191530108062041,3
191530039021010,3
191530039021013,3
191530039021014,3
191530108051013,3
191530108051014,3
191530108051015,3
191530108051016,3
191530108051017,3
191530108051018,3
191530108051019,3
191530108061000,3
191530108061001,3
191530108061002,3
191530108061003,3
191530108061004,3
191530108061005,3
191530108061006,3
191530108061007,3
191530108061008,3
191530108061009,3
191530108061010,3
191530108061011,3
191530108061012,3
191530108061013,3
191530108061016,3
191530108063027,3
191530039022000,3
191530039022001,3
191530039022002,3
191530039022003,3
191530039022004,3
191530039022005,3
191530039022006,3
191530039022007,3
191530039022008,3
191530039022009,3
191530039022010,3
191530039022011,3
191530039022012,3
191530039022013,3
191530039022014,3
191530039022015,3
191530039022016,3
191530039022017,3
191530039022018,3
191530039022019,3
191530039022020,3
191530039022021,3
191530039022022,3
191530039022023,3
191530040011000,3
191530040011001,3
191530040011002,3
191530040011003,3
191530040011004,3
191530040011005,3
191530040011006,3
191530040011007,3
191530040011008,3
191530040011009,3
191530040011010,3
191530040011011,3
191530040011012,3
191530040012011,3
191530040012012,3
191530040012013,3
191530040012026,3
191530040012027,3
191530040012028,3
191530040012031,3
191530040012032,3
191530040012033,3
191530040012034,3
191530040012035,3
191530040012036,3
191530040012037,3
191530040012038,3
191530040012039,3
191530040012040,3
191530040012041,3
191530041001004,3
191530041001034,3
191530041001035,3
191530040041000,3
191530040041001,3
191530040041002,3
191530040041003,3
191530040041004,3
191530040041005,3
191530040041006,3
191530040041007,3
191530040041008,3
191530040041009,3
191530040041010,3
191530040041011,3
191530040041012,3
191530040041013,3
191530040042000,3
191530040042001,3
191530040042002,3
191530040042003,3
191530040042004,3
191530040042005,3
191530040042006,3
191530040042007,3
191530040042008,3
191530040042009,3
191530040042010,3
191530040042011,3
191530040042012,3
191530040042013,3
191530040042017,3
191530040042018,3
191530040042019,3
191530040042020,3
191530040042023,3
191530040041014,3
191530040041015,3
191530040041016,3
191530040041017,3
191530040041018,3
191530040041019,3
191530040042014,3
191530040042015,3
191530040042016,3
191530040042021,3
191530040042022,3
191530040042024,3
191530040042025,3
191530040042026,3
191530045021001,3
191530045021002,3
191530045021003,3
191530045021004,3
191530045021005,3
191530045021006,3
191530047011000,3
191530047011001,3
191530047011002,3
191530047011003,3
191530047011004,3
191530047011005,3
191530047011006,3
191530047011007,3
191530047011008,3
191530047011009,3
191530047011010,3
191530047011011,3
191530047011012,3
191530047011013,3
191530047011014,3
191530047011015,3
191530047011016,3
191530047011017,3
191530047011018,3
191530047011019,3
191530047011020,3
191530047011021,3
191530047011022,3
191530047011023,3
191530047011024,3
191530047011025,3
191530047011026,3
191530047011027,3
191530047011028,3
191530047011029,3
191530110281019,3
191530110281020,3
191530110281021,3
191530110281022,3
191530110281023,3
191530110281024,3
191530110281026,3
191530110281027,3
191530110281028,3
191530110281029,3
191530110281030,3
191530110281031,3
191530110281057,3
191530110281058,3
191530110281059,3
191530110281060,3
191530110281061,3
191530110281062,3
191530110281063,3
191530110281064,3
191530110281065,3
191530110281066,3
191530110281067,3
191530116001000,3
191530116001001,3
191530116001002,3
191530116001003,3
191530116001004,3
191530116001005,3
191530116001006,3
191530041001000,3
191530041001001,3
191530041001002,3
191530041001003,3
191530041001005,3
191530041001006,3
191530041001007,3
191530041001008,3
191530041001009,3
191530041001010,3
191530041001011,3
191530041001012,3
191530041001013,3
191530041001014,3
191530041001015,3
191530041001016,3
191530041001017,3
191530041001018,3
191530041001019,3
191530041001022,3
191530041001023,3
191530041001024,3
191530041001025,3
191530041001026,3
191530041001027,3
191530041001028,3
191530041001029,3
191530041001030,3
191530041001031,3
191530041001032,3
191530041001033,3
191530041002000,3
191530041002001,3
191530041002002,3
191530041002003,3
191530041002004,3
191530041002005,3
191530041002006,3
191530041002007,3
191530041002008,3
191530041002009,3
191530041002010,3
191530041002011,3
191530041002012,3
191530041002013,3
191530041002014,3
191530041002015,3
191530041002016,3
191530041002017,3
191530041002018,3
191530041002019,3
191530041002020,3
191530041002021,3
191530041002022,3
191530041002023,3
191530041002024,3
191530041002025,3
191530041002026,3
191530041002027,3
191530041001020,3
191530041001021,3
191530042002028,3
191530042002029,3
191530042002032,3
191530042002033,3
191530042002034,3
191530042002035,3
191530042002036,3
191530042002037,3
191530043005000,3
191530043005001,3
191530043005002,3
191530043005003,3
191530043005004,3
191530043005005,3
191530043005006,3
191530043005007,3
191530043005008,3
191530043005009,3
191530043005010,3
191530043005011,3
191530043005012,3
191530043005013,3
191530041001036,3
191530042002000,3
191530042002001,3
191530042002002,3
191530042002003,3
191530042002004,3
191530042002005,3
191530042002006,3
191530042002007,3
191530042002008,3
191530042002009,3
191530042002010,3
191530042002011,3
191530042002012,3
191530042002013,3
191530042002014,3
191530042002015,3
191530042002016,3
191530042002017,3
191530042002018,3
191530042002019,3
191530042002020,3
191530042002021,3
191530042002024,3
191530042002025,3
191530042002026,3
191530042002027,3
191530042001000,3
191530042001015,3
191530042001017,3
191530042001018,3
191530042001019,3
191530042001020,3
191530042001021,3
191530042001022,3
191530042001023,3
191530042001024,3
191530042001025,3
191530042001044,3
191530042001045,3
191530044001000,3
191530044001001,3
191530044001002,3
191530044001003,3
191530044001004,3
191530044001005,3
191530044001006,3
191530044001007,3
191530044001008,3
191530044001009,3
191530044001010,3
191530044001011,3
191530044003000,3
191530044003002,3
191530044003008,3
191530042001001,3
191530042001002,3
191530042001003,3
191530042001004,3
191530042001005,3
191530042001006,3
191530042001007,3
191530042001008,3
191530042001009,3
191530042001010,3
191530042001011,3
191530042001012,3
191530042001013,3
191530042001014,3
191530042001016,3
191530042001026,3
191530042001027,3
191530042001028,3
191530042001029,3
191530042001030,3
191530042001031,3
191530042001032,3
191530042001033,3
191530042001034,3
191530042001035,3
191530042001036,3
191530042001037,3
191530042001038,3
191530042001039,3
191530042001040,3
191530042001041,3
191530042001042,3
191530042001043,3
191530042001046,3
191530044003001,3
191530042002022,3
191530042002023,3
191530042002030,3
191530042002031,3
191530043001000,3
191530043001001,3
191530043001002,3
191530043001003,3
191530043001004,3
191530043002000,3
191530043002001,3
191530043002002,3
191530043002003,3
191530043002004,3
191530043002005,3
191530043002006,3
191530043002007,3
191530043002008,3
191530043002009,3
191530044003003,3
191530044003004,3
191530044003005,3
191530044003006,3
191530044003007,3
191530044003010,3
191530043003000,3
191530043003001,3
191530043003002,3
191530043003003,3
191530043003004,3
191530043003005,3
191530043003006,3
191530043003007,3
191530043003008,3
191530043003009,3
191530043003010,3
191530043004000,3
191530043004001,3
191530043004002,3
191530043004003,3
191530043004004,3
191530043004005,3
191530043004006,3
191530043004007,3
191530043004008,3
191530043004009,3
191530045013000,3
191530045013001,3
191530045013002,3
191530045013003,3
191530045013004,3
191530045013005,3
191530045013006,3
191530045013007,3
191530045013008,3
191530045013009,3
191530045013010,3
191530045013011,3
191530045013012,3
191530045013013,3
191530045013014,3
191530045013015,3
191530045013016,3
191530045013017,3
191530045013018,3
191530045013019,3
191530045013020,3
191530044001012,3
191530044001013,3
191530044001014,3
191530044001015,3
191530044001016,3
191530044001017,3
191530044001018,3
191530044001019,3
191530044001020,3
191530044001021,3
191530044002000,3
191530044002001,3
191530044002002,3
191530044002003,3
191530044002004,3
191530044002005,3
191530044002006,3
191530044002007,3
191530044002008,3
191530044002009,3
191530044002010,3
191530044002011,3
191530044002012,3
191530044002013,3
191530044003009,3
191530044004000,3
191530044004001,3
191530044004002,3
191530044004003,3
191530044004004,3
191530044004005,3
191530044004006,3
191530044004007,3
191530045011000,3
191530045011001,3
191530045011002,3
191530045011003,3
191530045011004,3
191530045011005,3
191530045011006,3
191530045011007,3
191530045011008,3
191530045011009,3
191530046021000,3
191530046021001,3
191530046021002,3
191530046021003,3
191530046021004,3
191530046021005,3
191530046021006,3
191530046021007,3
191530046021008,3
191530046021009,3
191530046021010,3
191530046021011,3
191530046021012,3
191530046021013,3
191530046021014,3
191530046021015,3
191530046021016,3
191530046021017,3
191530045012000,3
191530045012001,3
191530045012002,3
191530045012003,3
191530045012004,3
191530045012005,3
191530045012006,3
191530045012007,3
191530045012008,3
191530045012009,3
191530045012010,3
191530045012011,3
191530045012012,3
191530045012013,3
191530045012014,3
191530045012015,3
191530045012016,3
191530045012017,3
191530046022000,3
191530046022001,3
191530046022002,3
191530046022003,3
191530046025000,3
191530046025001,3
191530046025002,3
191530046025003,3
191530046025004,3
191530046025005,3
191530046025006,3
191530045021000,3
191530045022000,3
191530045022001,3
191530045022002,3
191530045022003,3
191530045022004,3
191530045022005,3
191530045022006,3
191530045022007,3
191530045022008,3
191530045022009,3
191530045022010,3
191530045022011,3
191530045022012,3
191530045022013,3
191530045022014,3
191530045022015,3
191530045022016,3
191530045022017,3
191530045022018,3
191530045022019,3
191530045022020,3
191530045022021,3
191530046031000,3
191530046031001,3
191530046031002,3
191530046031003,3
191530046031004,3
191530046031005,3
191530046031006,3
191530046031007,3
191530046031008,3
191530046031009,3
191530046031010,3
191530046033000,3
191530046033001,3
191530046033002,3
191530046033003,3
191530046033004,3
191530046033005,3
191530046033006,3
191530046033007,3
191530046033008,3
191530046033009,3
191530046022004,3
191530046022005,3
191530046022006,3
191530046022007,3
191530046022008,3
191530046022009,3
191530046022010,3
191530046022011,3
191530046022012,3
191530046022013,3
191530046022014,3
191530046022015,3
191530046022016,3
191530046022017,3
191530046022018,3
191530046022019,3
191530046022020,3
191530046022021,3
191530046022022,3
191530046022023,3
191530046022024,3
191530046022025,3
191530046022026,3
191530046022027,3
191530046023000,3
191530046023001,3
191530046023002,3
191530046023003,3
191530046023004,3
191530046023005,3
191530046023006,3
191530046023007,3
191530046023008,3
191530046023009,3
191530046023010,3
191530046023011,3
191530046023012,3
191530046023013,3
191530046023014,3
191530046023015,3
191530046023016,3
191530046023017,3
191530046023018,3
191530046023019,3
191530046023020,3
191530046023021,3
191530046023022,3
191530046023023,3
191530046023024,3
191530046023025,3
191530046023026,3
191530046024000,3
191530046024001,3
191530046024002,3
191530046024003,3
191530046024004,3
191530046024005,3
191530046024006,3
191530046024007,3
191530046024008,3
191530046024009,3
191530046024010,3
191530046031011,3
191530046031012,3
191530046032000,3
191530046032001,3
191530046032002,3
191530046032003,3
191530046032004,3
191530046032005,3
191530046032006,3
191530046032007,3
191530046032008,3
191530046032009,3
191530046032010,3
191530046032011,3
191530046032012,3
191530046032013,3
191530046033010,3
191530046033011,3
191530046033012,3
191530046033013,3
191530046033014,3
191530046033015,3
191530046033016,3
191530046033017,3
191530046034000,3
191530046034001,3
191530046034002,3
191530046034003,3
191530046034004,3
191530046034005,3
191530046034006,3
191530046034007,3
191530046034008,3
191530046034009,3
191530046034010,3
191530047015000,3
191530047015001,3
191530047015002,3
191530047015003,3
191530047012000,3
191530047012001,3
191530047012002,3
191530047012003,3
191530047012004,3
191530047012005,3
191530047012006,3
191530047012007,3
191530047012008,3
191530047012009,3
191530047012010,3
191530047013000,3
191530047013001,3
191530047013002,3
191530047013003,3
191530047013004,3
191530047013005,3
191530047013006,3
191530047013007,3
191530047013008,3
191530047013009,3
191530047014000,3
191530047014001,3
191530047014002,3
191530047014003,3
191530047014004,3
191530047014005,3
191530047014006,3
191530047014007,3
191530047014008,3
191530047014009,3
191530047014010,3
191530047014011,3
191530047014012,3
191530047015004,3
191530047015005,3
191530047015006,3
191530047015007,3
191530047015008,3
191530047015009,3
191530047015010,3
191530047015011,3
191530047015012,3
191530047015013,3
191530047015014,3
191530047015015,3
191530047015016,3
191530047015017,3
191530047015018,3
191530047015019,3
191530047015020,3
191530047015021,3
191530047015022,3
191530047015023,3
191530047021000,3
191530047021001,3
191530047021002,3
191530047021003,3
191530047021004,3
191530047021005,3
191530047021006,3
191530047021007,3
191530047021008,3
191530047021009,3
191530047021010,3
191530047021011,3
191530047022000,3
191530047022001,3
191530047022002,3
191530047022003,3
191530047022004,3
191530047022005,3
191530047022006,3
191530047022007,3
191530047022008,3
191530047022009,3
191530047022010,3
191530047022011,3
191530047022012,3
191530047022013,3
191530047022014,3
191530108061014,3
191530108061015,3
191530108063028,3
191530108063029,3
191530049001000,3
191530049001001,3
191530049001002,3
191530049001003,3
191530049001004,3
191530049001005,3
191530049001006,3
191530049001007,3
191530049001008,3
191530049001009,3
191530049001011,3
191530049001012,3
191530049001013,3
191530049001014,3
191530049001015,3
191530049001016,3
191530049001017,3
191530049001018,3
191530049001019,3
191530049001020,3
191530049001021,3
191530049001022,3
191530049001023,3
191530049001024,3
191530049001025,3
191530049001026,3
191530049001027,3
191530049001028,3
191530049001029,3
191530049001030,3
191530049001031,3
191530049001032,3
191530049001033,3
191530049001034,3
191530049001035,3
191530049001036,3
191530049001037,3
191530049001038,3
191530049001039,3
191530049001040,3
191530049001043,3
191530049001044,3
191530049001057,3
191530049002000,3
191530049002001,3
191530049002002,3
191530049002003,3
191530049002004,3
191530049002005,3
191530050001013,3
191530050001014,3
191530050001015,3
191530050001016,3
191530050001019,3
191530050002000,3
191530050002001,3
191530050002002,3
191530050002003,3
191530050002008,3
191530050002009,3
191530050002010,3
191530050002011,3
191530050002012,3
191530050002013,3
191530050002014,3
191530050002017,3
191530050002018,3
191530050002019,3
191530050003000,3
191530050003001,3
191530050003002,3
191530050003003,3
191530050003004,3
191530050003009,3
191530050003010,3
191530050003011,3
191530051011000,3
191530051011001,3
191530051011002,3
191530051011003,3
191530051011004,3
191530051011005,3
191530051011006,3
191530051011007,3
191530051011008,3
191530051011009,3
191530051011010,3
191530051011011,3
191530051011012,3
191530051011013,3
191530051011014,3
191530051011015,3
191530051011016,3
191530051011017,3
191530051011018,3
191530051011019,3
191530051011020,3
191530051011021,3
191530051011022,3
191530051011023,3
191530051011024,3
191530051011025,3
191530051011026,3
191530051011027,3
191530051011028,3
191530051011029,3
191530051011030,3
191530051011031,3
191530051011032,3
191530051011033,3
191530051014000,3
191530051014001,3
191530051014002,3
191530051014003,3
191530051014004,3
191530051014005,3
191530051014006,3
191530051014007,3
191530051014013,3
191530051014014,3
191530051014015,3
191530051014016,3
191530051014017,3
191530051014018,3
191530051014019,3
191530051014020,3
191530051014021,3
191530051014022,3
191530051014023,3
191530051014024,3
191530051014025,3
191530051014026,3
191530051014027,3
191530051014028,3
191530051014029,3
191530051014030,3
191530051014037,3
191530051014038,3
191530051014039,3
191530051014040,3
191530051014041,3
191530051014042,3
191530051014043,3
191530051014044,3
191530051014045,3
191530051014046,3
191530051014047,3
191530051014048,3
191530051014049,3
191530051014050,3
191530051014051,3
191530051014056,3
191530051014057,3
191530051014058,3
191530051014059,3
191530051015000,3
191530051015001,3
191530051015002,3
191530051015003,3
191530051015004,3
191530051015005,3
191530051015006,3
191530051015007,3
191530051015008,3
191530051015013,3
191530051015014,3
191530051015015,3
191530051015016,3
191530051015017,3
191530051015018,3
191530051015019,3
191530051015020,3
191530051015021,3
191530051021000,3
191530051021001,3
191530051021002,3
191530051021003,3
191530051021004,3
191530051021005,3
191530051021006,3
191530051021007,3
191530051021008,3
191530051021009,3
191530051021010,3
191530051021011,3
191530051021012,3
191530051021013,3
191530051021014,3
191530051021015,3
191530051021016,3
191530051021017,3
191530051021018,3
191530051021019,3
191530051021020,3
191530051021021,3
191530051021022,3
191530051021023,3
191530051021024,3
191530051021025,3
191530051021026,3
191530051021027,3
191530051021028,3
191530051021029,3
191530051021030,3
191530051021031,3
191530051021032,3
191530051021033,3
191530051021034,3
191530051021035,3
191530051021036,3
191530051021037,3
191530051021038,3
191530051021039,3
191530051021040,3
191530051021041,3
191530051021042,3
191530051021043,3
191530051021044,3
191530051021045,3
191530051021046,3
191530051021047,3
191530051021048,3
191530051021049,3
191530051021050,3
191530051021059,3
191530051021060,3
191530052001003,3
191530052001004,3
191530052001005,3
191530052001006,3
191530052001012,3
191530052001013,3
191530052001014,3
191530052002003,3
191530052002004,3
191530052002011,3
191530052002012,3
191530052002013,3
191530052002021,3
191530052003002,3
191530052003003,3
191530052003004,3
191530052003005,3
191530052003006,3
191530052003007,3
191530052003008,3
191530052003009,3
191530052003010,3
191530052003011,3
191530052003012,3
191530052003013,3
191530052003014,3
191530052003015,3
191530052003016,3
191530052003018,3
191530052003019,3
191530052003020,3
191530052003021,3
191530052003024,3
191530051021051,3
191530051021052,3
191530051021053,3
191530051021054,3
191530051021055,3
191530051021056,3
191530051021057,3
191530051021058,3
191530052003000,3
191530052003001,3
191530052003017,3
191530052003022,3
191530052003023,3
191530052003025,3
191530052003026,3
191530052003027,3
191530052003028,3
191530052003029,3
191530052003030,3
191530052003031,3
191530052003032,3
191530052003033,3
191530052003034,3
191530052003035,3
191530052003036,3
191530052003037,3
191530052003038,3
191530052003039,3
191530052003040,3
191530052003041,3
191530052003042,3
191530052003043,3
191530052003044,3
191530052003045,3
191530052003046,3
191530052003047,3
191530052003048,3
191530052003049,3
191530052003050,3
191530052003051,3
191530052003052,3
191530052003053,3
191530052003054,3
191530052003055,3
191530052003056,3
191530052003057,3
191530052003058,3
191530052003059,3
191530052003060,3
191530052003061,3
191530052003062,3
191530052003063,3
191530052003064,3
191530052003065,3
191530052003066,3
191530052003067,3
191530052003068,3
191530052003069,3
191530052003070,3
191530052003071,3
191530052003072,3
191530052003073,3
191530052003074,3
191530052003075,3
191530052003076,3
191530052003077,3
191530052003078,3
191530052003079,3
191530052003080,3
191530052003081,3
191530052003082,3
191530052003083,3
191530052003084,3
191530052003085,3
191530052003086,3
191530052003087,3
191530052003088,3
191530052003089,3
191530052003090,3
191530052003091,3
191530052003092,3
191530052003093,3
191530052003094,3
191530052003095,3
191530052003096,3
191530052003097,3
191530052003098,3
191530052003099,3
191530052003100,3
191530052003101,3
191530052003102,3
191530052003103,3
191530052003104,3
191530052003105,3
191530052003106,3
191530052003107,3
191530052003108,3
191530052003109,3
191530052003110,3
191530052003111,3
191530052003112,3
191530052003113,3
191530053001000,3
191530053001001,3
191530053001002,3
191530053001003,3
191530053001004,3
191530053001005,3
191530053001006,3
191530053001007,3
191530053001008,3
191530053001009,3
191530053001010,3
191530053001011,3
191530053001012,3
191530053001013,3
191530053001014,3
191530053001015,3
191530053001016,3
191530053001017,3
191530053001018,3
191530053001019,3
191530053001020,3
191530053001021,3
191530053001022,3
191530053001023,3
191530053001024,3
191530053001025,3
191530053001026,3
191530053001027,3
191530053001028,3
191530053001029,3
191530053001030,3
191530053001031,3
191530053001032,3
191530053001033,3
191530053001034,3
191530053001035,3
191530053001036,3
191530053001037,3
191530053001038,3
191530053002000,3
191530053002001,3
191530053002002,3
191530053002003,3
191530053002004,3
191530053002005,3
191530053002006,3
191530053002007,3
191530053002008,3
191530053002009,3
191530053002015,3
191530053002016,3
191530053002017,3
191530053002018,3
191530053002019,3
191530053002020,3
191530053002021,3
191530053002022,3
191530053002023,3
191530053002024,3
191530053002025,3
191530053002026,3
191530053002027,3
191530053002028,3
191530053002029,3
191530101011000,3
191530101011001,3
191530101011002,3
191530101011003,3
191530101011004,3
191530101011005,3
191530101011007,3
191530101011008,3
191530101011009,3
191530101011010,3
191530101011011,3
191530101011012,3
191530101011013,3
191530101011014,3
191530101011015,3
191530101011016,3
191530101011017,3
191530101011018,3
191530101011019,3
191530101011020,3
191530101011021,3
191530101011022,3
191530101011023,3
191530101011024,3
191530101011025,3
191530101011026,3
191530101011027,3
191530101011028,3
191530101011029,3
191530101011030,3
191530101011031,3
191530101011032,3
191530101011033,3
191530101011034,3
191530101011035,3
191530101011036,3
191530101011037,3
191530101011038,3
191530101011039,3
191530101011040,3
191530101011041,3
191530101011042,3
191530101011043,3
191530101011045,3
191530101011046,3
191530101011047,3
191530101011048,3
191530101011049,3
191530101011050,3
191530101011051,3
191530101011052,3
191530101011053,3
191530101011054,3
191530101011055,3
191530101011056,3
191530101011057,3
191530101011058,3
191530101011059,3
191530101011060,3
191530101011006,3
191530101011067,3
191530101011068,3
191530101011069,3
191530101011070,3
191530115001000,3
191530115001001,3
191530115001003,3
191530101011044,3
191530102151003,3
191530102151004,3
191530102151006,3
191530102151007,3
191530102151008,3
191530102151022,3
191530102151023,3
191530102151035,3
191530115001049,3
191530115001051,3
191530115001052,3
191530115001057,3
191530115001058,3
191530115001059,3
191530115001061,3
191530115001062,3
191530115001063,3
191530115001064,3
191530115001066,3
191530115001067,3
191530115001068,3
191530115001071,3
191530115001072,3
191530115001073,3
191530115001074,3
191530115001075,3
191530115001076,3
191530115001077,3
191530115001078,3
191530115001079,3
191530115001080,3
191530115001081,3
191530115001082,3
191530115001084,3
191530115001085,3
191530115001086,3
191530115001087,3
191530115001088,3
191530115001089,3
191530115001090,3
191530115001091,3
191530115001092,3
191530115001093,3
191530115001094,3
191530115001095,3
191530115001096,3
191530115001097,3
191530115001098,3
191530115001099,3
191530115001100,3
191530115001101,3
191530115001102,3
191530115001103,3
191530115001104,3
191530115001105,3
191530115001106,3
191530115001107,3
191530115001108,3
191530115001109,3
191530115001110,3
191530115001111,3
191530115001112,3
191530115001113,3
191530115003045,3
191530115003046,3
191530115003048,3
191530115003049,3
191530115003050,3
191530115003054,3
191530115003055,3
191530115003056,3
191530115003057,3
191530115003058,3
191530115003059,3
191530115003060,3
191530115003061,3
191530115003062,3
191530115003063,3
191530115003064,3
191530115003065,3
191530115003066,3
191530115003067,3
191530115003068,3
191530115003069,3
191530115003070,3
191530115003071,3
191530115003072,3
191530115003073,3
191530115003074,3
191530115003075,3
191530115003076,3
191530115003077,3
191530115003078,3
191530115003079,3
191530115003080,3
191530115003081,3
191530115003082,3
191530115003083,3
191530115003084,3
191530115003085,3
191530115003086,3
191530115003087,3
191530115003088,3
191530115003089,3
191530115003090,3
191530115003091,3
191530115003095,3
191530115003096,3
191530115003097,3
191530115003098,3
191530115003104,3
191530101011061,3
191530101011062,3
191530101011063,3
191530101011064,3
191530101011065,3
191530101011066,3
191530101013080,3
191530101013081,3
191530101013082,3
191530101013083,3
191530101013084,3
191530101013085,3
191530101013086,3
191530101013087,3
191530101013088,3
191530101013089,3
191530101013090,3
191530101013091,3
191530101013094,3
191530101013096,3
191530101013097,3
191530101013098,3
191530101013099,3
191530101013100,3
191530101013101,3
191530101013102,3
191530101013103,3
191530101013105,3
191530101013106,3
191530101013107,3
191530101013108,3
191530101013116,3
191530101013117,3
191530101013118,3
191530101013119,3
191530101021019,3
191530101021020,3
191530101021021,3
191530101021022,3
191530101021024,3
191530101021025,3
191530101021026,3
191530101021027,3
191530101021028,3
191530101021029,3
191530101021180,3
191530102164000,3
191530102164001,3
191530102164002,3
191530102164003,3
191530102164004,3
191530102164005,3
191530102164006,3
191530102164007,3
191530102164008,3
191530102164009,3
191530102164010,3
191530102164011,3
191530102164012,3
191530102164013,3
191530102164014,3
191530102164015,3
191530102164016,3
191530102164017,3
191530102164018,3
191530102164019,3
191530102164020,3
191530102164021,3
191530102164022,3
191530102164023,3
191530102164024,3
191530102164025,3
191530102164026,3
191530102164027,3
191530102164028,3
191530102164029,3
191530102164030,3
191530102164032,3
191530102164033,3
191530102164034,3
191530102164035,3
191530102164036,3
191530102164040,3
191530102164041,3
191530101012000,3
191530101012001,3
191530101012002,3
191530101012003,3
191530101012004,3
191530101012005,3
191530101012006,3
191530101012007,3
191530101012008,3
191530101012009,3
191530101012010,3
191530101012011,3
191530101012012,3
191530101012013,3
191530101012014,3
191530101012015,3
191530101012016,3
191530101012017,3
191530101012018,3
191530101012019,3
191530101012020,3
191530101012021,3
191530101012022,3
191530101012023,3
191530101012024,3
191530101012025,3
191530101012026,3
191530101012027,3
191530101012028,3
191530101012029,3
191530101012030,3
191530101012031,3
191530101012032,3
191530101012033,3
191530101012034,3
191530101012035,3
191530101012036,3
191530101012037,3
191530101012038,3
191530101012039,3
191530101012040,3
191530101012041,3
191530101012042,3
191530101012043,3
191530101012044,3
191530101012045,3
191530101012046,3
191530101012047,3
191530101012048,3
191530101012049,3
191530101012050,3
191530101012051,3
191530101012052,3
191530101012053,3
191530101012054,3
191530101012055,3
191530101012056,3
191530101012057,3
191530101012058,3
191530101012059,3
191530101012060,3
191530101012061,3
191530101012062,3
191530101012063,3
191530101012064,3
191530101012065,3
191530101012066,3
191530101012067,3
191530101012068,3
191530101012069,3
191530101012070,3
191530101012071,3
191530101012072,3
191530101012073,3
191530101012074,3
191530101012075,3
191530101012076,3
191530101012077,3
191530101012078,3
191530101012079,3
191530101012080,3
191530101012081,3
191530101012082,3
191530101012083,3
191530101012084,3
191530101012085,3
191530101012086,3
191530101012087,3
191530101012088,3
191530101012089,3
191530101012090,3
191530101012091,3
191530101012092,3
191530101012093,3
191530101012094,3
191530101012095,3
191530101012096,3
191530101012097,3
191530101012098,3
191530101012099,3
191530101012100,3
191530101012101,3
191530101012102,3
191530101012103,3
191530101012104,3
191530101012105,3
191530101012106,3
191530101012107,3
191530101012108,3
191530101012109,3
191530101012115,3
191530101012116,3
191530101012117,3
191530101012118,3
191530101012119,3
191530101012120,3
191530101012121,3
191530101012122,3
191530101012123,3
191530101013056,3
191530101013057,3
191530101012110,3
191530101012111,3
191530101012112,3
191530101012113,3
191530101012114,3
191530101013000,3
191530101013001,3
191530101013002,3
191530101013003,3
191530101013004,3
191530101013005,3
191530101013006,3
191530101013007,3
191530101013008,3
191530101013009,3
191530101013010,3
191530101013011,3
191530101013012,3
191530101013013,3
191530101013014,3
191530101013015,3
191530101013016,3
191530101013017,3
191530101013018,3
191530101013019,3
191530101013020,3
191530101013021,3
191530101013022,3
191530101013023,3
191530101013024,3
191530101013025,3
191530101013026,3
191530101013027,3
191530101013028,3
191530101013029,3
191530101013030,3
191530101013031,3
191530101013032,3
191530101013033,3
191530101013034,3
191530101013035,3
191530101013036,3
191530101013037,3
191530101013038,3
191530101013039,3
191530101013043,3
191530101013053,3
191530101013054,3
191530101013055,3
191530101013040,3
191530101013041,3
191530101013042,3
191530101013044,3
191530101013045,3
191530101013046,3
191530101013047,3
191530101013048,3
191530101013049,3
191530101013050,3
191530101013051,3
191530101013052,3
191530101013059,3
191530101013060,3
191530101013061,3
191530101013062,3
191530101013063,3
191530101013064,3
191530101013065,3
191530101021000,3
191530101021001,3
191530101021002,3
191530101021003,3
191530101021004,3
191530101021005,3
191530101021006,3
191530101021007,3
191530101021008,3
191530101021009,3
191530101021010,3
191530101021011,3
191530101021012,3
191530101021075,3
191530101021093,3
191530101021098,3
191530101021099,3
191530101021100,3
191530101021107,3
191530101021109,3
191530101021110,3
191530101021111,3
191530101021112,3
191530101021113,3
191530101021114,3
191530101021115,3
191530101021116,3
191530101021117,3
191530101021118,3
191530101021119,3
191530101021120,3
191530101021121,3
191530101021122,3
191530101021123,3
191530101021124,3
191530101021128,3
191530101021129,3
191530101021131,3
191530101021138,3
191530101021177,3
191530101022036,3
191530101022037,3
191530101022038,3
191530101013058,3
191530101013066,3
191530101013067,3
191530101013068,3
191530101013069,3
191530101013070,3
191530101013071,3
191530101013072,3
191530101013073,3
191530101013074,3
191530101013075,3
191530101013076,3
191530101013077,3
191530101013078,3
191530101013079,3
191530101013092,3
191530101013093,3
191530101013095,3
191530101013104,3
191530101013114,3
191530101013115,3
191530101013120,3
191530101013121,3
191530101013122,3
191530101021013,3
191530101021014,3
191530101021015,3
191530101021016,3
191530101021017,3
191530101021018,3
191530101021023,3
191530101021030,3
191530101021031,3
191530101021032,3
191530101021033,3
191530101021034,3
191530101021035,3
191530101021037,3
191530101021038,3
191530101021039,3
191530101021040,3
191530101021041,3
191530101021042,3
191530101021045,3
191530101021047,3
191530101021048,3
191530101021051,3
191530101021052,3
191530101021053,3
191530101021056,3
191530101021058,3
191530101021065,3
191530101021066,3
191530101021067,3
191530101021068,3
191530101021069,3
191530101021070,3
191530101021071,3
191530101021072,3
191530101021076,3
191530101021082,3
191530101021083,3
191530101023000,3
191530101023028,3
191530102093000,3
191530102093001,3
191530102093021,3
191530102113000,3
191530102113002,3
191530102113003,3
191530102121000,3
191530102121003,3
191530102121038,3
191530102121039,3
191530101013109,3
191530101013110,3
191530101013111,3
191530101013112,3
191530101013113,3
191530101021176,3
191530102091000,3
191530102091001,3
191530102093002,3
191530102093003,3
191530102093004,3
191530102093005,3
191530102093006,3
191530102093007,3
191530102093008,3
191530102093009,3
191530102093010,3
191530102093011,3
191530102093012,3
191530102093013,3
191530102093014,3
191530102093015,3
191530102093016,3
191530102093017,3
191530102093018,3
191530102093019,3
191530102093020,3
191530102093022,3
191530102093023,3
191530102093024,3
191530101021036,3
191530101021055,3
191530101021073,3
191530101021074,3
191530101021084,3
191530101021085,3
191530101021086,3
191530101021087,3
191530101021088,3
191530101021089,3
191530101021090,3
191530101021094,3
191530101021095,3
191530101021096,3
191530101021097,3
191530101021101,3
191530101021102,3
191530101021103,3
191530101021104,3
191530101021105,3
191530101021106,3
191530101021108,3
191530101021137,3
191530101021139,3
191530101021142,3
191530101021143,3
191530101021144,3
191530101021145,3
191530101021146,3
191530101021149,3
191530101021150,3
191530101021151,3
191530101021152,3
191530101021153,3
191530101021154,3
191530101021155,3
191530101021156,3
191530101021157,3
191530101021158,3
191530101021159,3
191530101021160,3
191530101021171,3
191530101021178,3
191530101021179,3
191530101022000,3
191530101022001,3
191530101022002,3
191530101022003,3
191530101022004,3
191530101022005,3
191530101022006,3
191530101022007,3
191530101022008,3
191530101022009,3
191530101022010,3
191530101022011,3
191530101022012,3
191530101022013,3
191530101022014,3
191530101022015,3
191530101022016,3
191530101022017,3
191530101022018,3
191530101022019,3
191530101022020,3
191530101022021,3
191530101022022,3
191530101022023,3
191530101022024,3
191530101022025,3
191530101022026,3
191530101022027,3
191530101022028,3
191530101022029,3
191530101022030,3
191530101022031,3
191530101022032,3
191530101022033,3
191530101022034,3
191530101022035,3
191530101022039,3
191530101022040,3
191530101022041,3
191530101022042,3
191530101022043,3
191530101022044,3
191530101022045,3
191530101022046,3
191530101022047,3
191530101022048,3
191530101022049,3
191530101022050,3
191530101022051,3
191530101022052,3
191530101022053,3
191530101022054,3
191530101022055,3
191530101022056,3
191530101022057,3
191530101022058,3
191530101022059,3
191530101023001,3
191530101023002,3
191530101023003,3
191530101023004,3
191530101023005,3
191530101023006,3
191530101023007,3
191530101023008,3
191530101023009,3
191530101023010,3
191530101023011,3
191530101023012,3
191530101023013,3
191530101023014,3
191530101023015,3
191530101023016,3
191530101023017,3
191530101023018,3
191530101023019,3
191530101023020,3
191530101023021,3
191530101023022,3
191530101023023,3
191530101023024,3
191530101023025,3
191530101023026,3
191530101023027,3
191530101023029,3
191530101021043,3
191530101021044,3
191530101021046,3
191530101021049,3
191530101021050,3
191530101021057,3
191530101021059,3
191530101021060,3
191530101021061,3
191530101021062,3
191530101021063,3
191530101021064,3
191530101021077,3
191530101021078,3
191530101021079,3
191530101021080,3
191530101021081,3
191530101021172,3
191530101021173,3
191530101021174,3
191530101021175,3
191530102121001,3
191530102121002,3
191530102121004,3
191530102121005,3
191530102121006,3
191530102121007,3
191530102121008,3
191530102121009,3
191530102121010,3
191530102121011,3
191530102121012,3
191530102121013,3
191530102121014,3
191530102121015,3
191530102121016,3
191530102121017,3
191530102121018,3
191530102121019,3
191530102121020,3
191530102121021,3
191530102121022,3
191530102121023,3
191530102121024,3
191530102121025,3
191530102121026,3
191530102121027,3
191530102121028,3
191530102121029,3
191530102121030,3
191530102121031,3
191530102121032,3
191530102121033,3
191530102121034,3
191530102121035,3
191530102121036,3
191530102121037,3
191530102141017,3
191530102141032,3
191530102141033,3
191530102144000,3
191530102144012,3
191530102144013,3
191530105004000,3
191530105004025,3
191530106011011,3
191530106011012,3
191530106011013,3
191530106011014,3
191530106011015,3
191530106011016,3
191530106011017,3
191530106011018,3
191530106011019,3
191530106011020,3
191530106011021,3
191530106011022,3
191530106011027,3
191530106011028,3
191530106011029,3
191530106011030,3
191530106011049,3
191530106011050,3
191530106012006,3
191530106012030,3
191530101021054,3
191530101021161,3
191530101021162,3
191530101021163,3
191530101021164,3
191530101021165,3
191530101021166,3
191530101021167,3
191530101021168,3
191530101021169,3
191530106011043,3
191530106011044,3
191530106011045,3
191530106022000,3
191530106022001,3
191530106022006,3
191530106022007,3
191530106022008,3
191530106022009,3
191530106022010,3
191530106022011,3
191530106022012,3
191530106022013,3
191530106022014,3
191530106022015,3
191530106022016,3
191530106022017,3
191530106022022,3
191530106022025,3
191530106022026,3
191530106022027,3
191530106022028,3
191530106022029,3
191530106022030,3
191530107023035,3
191530107023036,3
191530107023037,3
191530107023038,3
191530107023039,3
191530107023040,3
191530107023041,3
191530107023097,3
191530107031000,3
191530107031001,3
191530107031002,3
191530107031003,3
191530107031004,3
191530107031005,3
191530107031006,3
191530107031007,3
191530107031008,3
191530107031009,3
191530107031010,3
191530107031011,3
191530107031012,3
191530107032004,3
191530107032005,3
191530107032006,3
191530107032011,3
191530107032012,3
191530107032013,3
191530107032014,3
191530107032015,3
191530107032016,3
191530107032017,3
191530107032018,3
191530107032019,3
191530107032020,3
191530107032021,3
191530107032022,3
191530107032023,3
191530107032024,3
191530107032025,3
191530107032026,3
191530107032027,3
191530107032028,3
191530107032029,3
191530107033000,3
191530107033001,3
191530107033002,3
191530107033003,3
191530107033004,3
191530107033005,3
191530107033006,3
191530107033007,3
191530107033008,3
191530107033009,3
191530107033010,3
191530107033011,3
191530107033012,3
191530107071000,3
191530107071001,3
191530107071002,3
191530107071003,3
191530107071004,3
191530107071005,3
191530107071006,3
191530107071007,3
191530107071008,3
191530107071009,3
191530107071010,3
191530107071011,3
191530107071012,3
191530107071013,3
191530107071014,3
191530107071015,3
191530107071016,3
191530107071017,3
191530107071018,3
191530107071019,3
191530107072000,3
191530107072001,3
191530107072002,3
191530107072003,3
191530107072004,3
191530107072005,3
191530107072006,3
191530107072007,3
191530107072008,3
191530107072009,3
191530107073000,3
191530107073001,3
191530107073002,3
191530107073003,3
191530107073005,3
191530107073006,3
191530107073007,3
191530107073008,3
191530107073009,3
191530107073015,3
191530107073037,3
191530107073038,3
191530107073039,3
191530107073040,3
191530107073041,3
191530107081000,3
191530107081001,3
191530107081002,3
191530107081003,3
191530107081004,3
191530107081005,3
191530107081007,3
191530107081008,3
191530107081009,3
191530107081010,3
191530107081011,3
191530107081012,3
191530107081013,3
191530107082000,3
191530107082001,3
191530107082002,3
191530107082003,3
191530107082004,3
191530107082005,3
191530107082006,3
191530107082007,3
191530107082008,3
191530107082009,3
191530107082010,3
191530107082011,3
191530107082012,3
191530107082013,3
191530107082014,3
191530107082015,3
191530107082016,3
191530107082017,3
191530107082018,3
191530107082019,3
191530107082020,3
191530107082021,3
191530107082022,3
191530107082023,3
191530107082024,3
191530107082025,3
191530107082026,3
191530107082027,3
191530107082028,3
191530107082029,3
191530107082030,3
191530107083000,3
191530107083001,3
191530107083002,3
191530107083003,3
191530107083004,3
191530107083005,3
191530107083006,3
191530107083007,3
191530107083008,3
191530107083009,3
191530107084000,3
191530107084001,3
191530107084002,3
191530107084003,3
191530107084004,3
191530107084005,3
191530107084006,3
191530107084011,3
191530107084012,3
191530107091000,3
191530107091001,3
191530107091002,3
191530107091003,3
191530107091004,3
191530107091005,3
191530107092001,3
191530107092002,3
191530107092003,3
191530107092004,3
191530107092005,3
191530107092006,3
191530107092007,3
191530107092008,3
191530107092009,3
191530107092010,3
191530107092011,3
191530107092012,3
191530107092013,3
191530107092014,3
191530107092015,3
191530107092016,3
191530107092017,3
191530107092018,3
191530107092019,3
191530107092020,3
191530107092021,3
191530107092022,3
191530107092023,3
191530107092024,3
191530107092025,3
191530107092026,3
191530107092027,3
191530107092028,3
191530107092029,3
191530107092030,3
191530107092031,3
191530107092032,3
191530107093000,3
191530107093001,3
191530107093002,3
191530107093003,3
191530107093004,3
191530107093005,3
191530107093006,3
191530107093007,3
191530107093008,3
191530107093009,3
191530107093010,3
191530107093011,3
191530107093012,3
191530107093013,3
191530107093014,3
191530107093015,3
191530107093016,3
191530107093017,3
191530107093018,3
191530107093019,3
191530107093020,3
191530107093021,3
191530107093022,3
191530107093023,3
191530107093024,3
191530107093025,3
191530107093026,3
191530107093027,3
191530107093028,3
191530107093029,3
191530107093030,3
191530107093031,3
191530101021091,3
191530101021092,3
191530101021136,3
191530101021140,3
191530101021141,3
191530101021147,3
191530101021148,3
191530101021170,3
191530107023008,3
191530107023009,3
191530107023010,3
191530107023011,3
191530107023012,3
191530107023013,3
191530107023019,3
191530107023020,3
191530107023021,3
191530107023030,3
191530107023031,3
191530107023032,3
191530107023033,3
191530107023034,3
191530107023042,3
191530107023043,3
191530107023044,3
191530107023045,3
191530107023065,3
191530107023067,3
191530107032000,3
191530107032001,3
191530107032002,3
191530107032003,3
191530107032007,3
191530107032008,3
191530107032009,3
191530107032010,3
191530107083010,3
191530107083012,3
191530107091006,3
191530107092000,3
191530107092033,3
191530101021125,3
191530101021126,3
191530101021127,3
191530101021130,3
191530101021132,3
191530101021133,3
191530101021134,3
191530101021135,3
191530107022044,3
191530107022051,3
191530107022057,3
191530107022058,3
191530107022059,3
191530107022061,3
191530107023000,3
191530107023001,3
191530107023002,3
191530107023003,3
191530107023005,3
191530107023006,3
191530107023007,3
191530107023014,3
191530107023015,3
191530107023017,3
191530107023022,3
191530107023023,3
191530107023024,3
191530107023025,3
191530107023026,3
191530107023027,3
191530107023028,3
191530107023029,3
191530107023046,3
191530107023047,3
191530107023048,3
191530107023049,3
191530107023050,3
191530107023051,3
191530107023052,3
191530107023053,3
191530107023055,3
191530107023056,3
191530107023057,3
191530107023058,3
191530107023059,3
191530107023060,3
191530107023061,3
191530107023062,3
191530107023063,3
191530107023064,3
191530107023082,3
191530107023096,3
191530102051000,3
191530102051011,3
191530102051012,3
191530102051013,3
191530102051014,3
191530102051015,3
191530102051017,3
191530102051018,3
191530102051020,3
191530102051021,3
191530102051022,3
191530102091002,3
191530102091003,3
191530102091004,3
191530102091005,3
191530102091006,3
191530102091007,3
191530102091008,3
191530102091009,3
191530102091010,3
191530102091011,3
191530102091012,3
191530102091013,3
191530102091014,3
191530102091015,3
191530102091016,3
191530102091017,3
191530102091018,3
191530102091019,3
191530102091020,3
191530102092000,3
191530102092001,3
191530102092002,3
191530102092003,3
191530102092004,3
191530102092005,3
191530102092006,3
191530102092007,3
191530102092008,3
191530102092009,3
191530102092010,3
191530102092011,3
191530102051001,3
191530102051002,3
191530102051003,3
191530102051004,3
191530102051005,3
191530102051006,3
191530102051007,3
191530102051008,3
191530102051009,3
191530102051010,3
191530102051016,3
191530102051019,3
191530102073001,3
191530102073002,3
191530102073004,3
191530102073005,3
191530102073006,3
191530102073008,3
191530102073009,3
191530102073010,3
191530102073011,3
191530102073012,3
191530102082000,3
191530102082002,3
191530102082003,3
191530102082004,3
191530102082005,3
191530102082006,3
191530102082007,3
191530102082008,3
191530102082009,3
191530102082010,3
191530102082011,3
191530102082012,3
191530102082013,3
191530102082014,3
191530102082015,3
191530102082016,3
191530102051023,3
191530102051024,3
191530102051027,3
191530102051028,3
191530102051029,3
191530102051030,3
191530102051031,3
191530102051032,3
191530102051033,3
191530102051034,3
191530102051035,3
191530102052000,3
191530102052001,3
191530102052002,3
191530102052003,3
191530102052004,3
191530102052005,3
191530102052006,3
191530102052008,3
191530102052009,3
191530102052010,3
191530102052025,3
191530102052026,3
191530102052027,3
191530102111000,3
191530102111001,3
191530102111002,3
191530102111003,3
191530102111004,3
191530102111005,3
191530102111006,3
191530102111007,3
191530102111008,3
191530102111009,3
191530102111010,3
191530102111011,3
191530102111012,3
191530102111013,3
191530102111014,3
191530102112000,3
191530102112001,3
191530102112002,3
191530102112003,3
191530102112004,3
191530102112005,3
191530102112006,3
191530102112007,3
191530102123000,3
191530102123001,3
191530102123002,3
191530102123003,3
191530102123004,3
191530102123005,3
191530102123006,3
191530102123007,3
191530102123008,3
191530102123009,3
191530102123010,3
191530102123011,3
191530102123012,3
191530102123013,3
191530102123014,3
191530102123015,3
191530102051025,3
191530102051026,3
191530102052007,3
191530102052011,3
191530102052012,3
191530102052013,3
191530102052014,3
191530102052015,3
191530102052016,3
191530102052017,3
191530102052018,3
191530102052019,3
191530102052020,3
191530102052021,3
191530102052022,3
191530102052023,3
191530102052024,3
191530102052028,3
191530102052029,3
191530102052030,3
191530102052031,3
191530102052032,3
191530102052033,3
191530102053000,3
191530102053001,3
191530102053002,3
191530102053007,3
191530102053008,3
191530102053009,3
191530102053010,3
191530102053011,3
191530102053012,3
191530102053013,3
191530102053014,3
191530102053015,3
191530102053016,3
191530102053017,3
191530102053018,3
191530102053019,3
191530102053020,3
191530102053021,3
191530102053022,3
191530102053023,3
191530102053024,3
191530102053025,3
191530102053026,3
191530102053027,3
191530102053028,3
191530102053029,3
191530102053030,3
191530102053031,3
191530102053032,3
191530102053033,3
191530102053034,3
191530102053035,3
191530102053036,3
191530102053037,3
191530102053038,3
191530102053039,3
191530102053093,3
191530102053094,3
191530102053097,3
191530102053098,3
191530102053099,3
191530102053100,3
191530102053101,3
191530102141001,3
191530102141002,3
191530102141003,3
191530102141004,3
191530102141006,3
191530102141007,3
191530102053003,3
191530102053004,3
191530102053005,3
191530102053006,3
191530102053040,3
191530102053041,3
191530102053042,3
191530102053043,3
191530102053044,3
191530102053045,3
191530102053046,3
191530102053047,3
191530102053048,3
191530102053049,3
191530102053050,3
191530102053051,3
191530102053052,3
191530102053053,3
191530102053054,3
191530102053055,3
191530102053056,3
191530102053057,3
191530102053058,3
191530102053059,3
191530102053060,3
191530102053061,3
191530102053062,3
191530102053063,3
191530102053064,3
191530102053065,3
191530102053066,3
191530102053067,3
191530102053068,3
191530102053069,3
191530102053070,3
191530102053071,3
191530102053072,3
191530102053073,3
191530102053074,3
191530102053075,3
191530102053076,3
191530102053077,3
191530102053078,3
191530102053079,3
191530102053080,3
191530102053081,3
191530102053082,3
191530102053083,3
191530102053084,3
191530102053085,3
191530102053086,3
191530102053087,3
191530102053088,3
191530102053089,3
191530102053090,3
191530102053091,3
191530102053092,3
191530102053095,3
191530102053096,3
191530102071015,3
191530102072016,3
191530102072017,3
191530102072018,3
191530102072019,3
191530102072020,3
191530102073007,3
191530102073013,3
191530102073014,3
191530102073015,3
191530102131007,3
191530102131008,3
191530102131009,3
191530102131011,3
191530102131012,3
191530102131017,3
191530102142000,3
191530102142001,3
191530102142002,3
191530102142003,3
191530102142004,3
191530102142005,3
191530102142006,3
191530102142007,3
191530102142008,3
191530102142009,3
191530102142010,3
191530102142011,3
191530102142012,3
191530102142013,3
191530102142014,3
191530102142015,3
191530102142016,3
191530102142017,3
191530102142018,3
191530102142019,3
191530102143000,3
191530102143003,3
191530102071000,3
191530102071001,3
191530102071002,3
191530102071003,3
191530102071004,3
191530102071005,3
191530102071006,3
191530102071007,3
191530102071008,3
191530102071009,3
191530102071010,3
191530102071011,3
191530102071012,3
191530102071013,3
191530102071014,3
191530102071018,3
191530102071019,3
191530102071020,3
191530102071021,3
191530102071022,3
191530102071023,3
191530102071024,3
191530102071025,3
191530102071026,3
191530102151024,3
191530102151025,3
191530102151026,3
191530102151027,3
191530102151028,3
191530102151029,3
191530102151030,3
191530102151031,3
191530102151032,3
191530102151038,3
191530102151039,3
191530102151040,3
191530102151041,3
191530102151042,3
191530102151043,3
191530102151044,3
191530102151045,3
191530102151046,3
191530102151047,3
191530102151048,3
191530102151049,3
191530102151050,3
191530102151052,3
191530102151061,3
191530102151062,3
191530102151063,3
191530102151064,3
191530102151065,3
191530102151066,3
191530102151067,3
191530102151068,3
191530102151069,3
191530102151070,3
191530102151071,3
191530102151072,3
191530102151073,3
191530102151074,3
191530102151075,3
191530102151079,3
191530102151080,3
191530102151081,3
191530102151082,3
191530102151083,3
191530102151084,3
191530102151085,3
191530102151086,3
191530102151089,3
191530102071016,3
191530102071017,3
191530102131000,3
191530102131001,3
191530102131002,3
191530102131003,3
191530102131004,3
191530102131005,3
191530102131006,3
191530102131010,3
191530102132000,3
191530102132001,3
191530102132003,3
191530102132005,3
191530102132006,3
191530102132007,3
191530102132008,3
191530102132009,3
191530102132010,3
191530102132030,3
191530102151000,3
191530102151001,3
191530102151002,3
191530102151005,3
191530102151009,3
191530102151033,3
191530102151034,3
191530102151036,3
191530102151037,3
191530102151056,3
191530102151057,3
191530102151060,3
191530102151076,3
191530102151077,3
191530102151078,3
191530102151088,3
191530102161007,3
191530102161008,3
191530102161009,3
191530115001083,3
191530102072000,3
191530102072001,3
191530102072002,3
191530102072003,3
191530102072006,3
191530102072007,3
191530102072008,3
191530102072009,3
191530102072010,3
191530102072011,3
191530102072012,3
191530102072013,3
191530102072014,3
191530102072015,3
191530102073000,3
191530102073003,3
191530102081006,3
191530102081007,3
191530102082001,3
191530102083000,3
191530102083001,3
191530102083002,3
191530102083003,3
191530102083004,3
191530102083005,3
191530102083006,3
191530102083007,3
191530102083008,3
191530102083009,3
191530102083010,3
191530102083011,3
191530102083012,3
191530102083013,3
191530102072004,3
191530102072005,3
191530102081000,3
191530102081001,3
191530102081002,3
191530102081003,3
191530102081004,3
191530102081005,3
191530102151010,3
191530102151011,3
191530102151012,3
191530102151013,3
191530102151014,3
191530102151015,3
191530102151016,3
191530102151017,3
191530102151018,3
191530102151019,3
191530102151020,3
191530102151021,3
191530102151051,3
191530102151053,3
191530102151054,3
191530102151055,3
191530102151058,3
191530102151059,3
191530102151087,3
191530102151090,3
191530102151091,3
191530102161000,3
191530102161001,3
191530102161002,3
191530102161003,3
191530102161004,3
191530102161005,3
191530102161006,3
191530102161010,3
191530102161011,3
191530102161012,3
191530102161013,3
191530102161014,3
191530102161015,3
191530102161016,3
191530102161017,3
191530102161018,3
191530102161019,3
191530102161020,3
191530102161021,3
191530102161022,3
191530102161023,3
191530102161024,3
191530102161025,3
191530102161026,3
191530102161027,3
191530102161028,3
191530102161029,3
191530102161030,3
191530102161031,3
191530102161032,3
191530102161033,3
191530102161034,3
191530102161035,3
191530102161036,3
191530102161037,3
191530102161038,3
191530102161039,3
191530102161040,3
191530102161041,3
191530102161042,3
191530102161043,3
191530102161044,3
191530102161045,3
191530102161046,3
191530102161047,3
191530102161048,3
191530102161049,3
191530102161050,3
191530102161051,3
191530102161052,3
191530102161053,3
191530102161054,3
191530102161055,3
191530102161056,3
191530102161057,3
191530102161058,3
191530102161059,3
191530102163015,3
191530102163016,3
191530102163017,3
191530102163018,3
191530102163019,3
191530102163020,3
191530102163021,3
191530102163022,3
191530102163023,3
191530102164031,3
191530102164037,3
191530102164038,3
191530102164039,3
191530102112008,3
191530102112009,3
191530102112010,3
191530102112011,3
191530102112012,3
191530102113001,3
191530102113004,3
191530102113005,3
191530102113006,3
191530102113007,3
191530102113008,3
191530102113009,3
191530102113010,3
191530102113011,3
191530102113012,3
191530102113013,3
191530102113014,3
191530102122000,3
191530102122001,3
191530102122002,3
191530102122003,3
191530102122004,3
191530102122005,3
191530102122006,3
191530102122007,3
191530102122008,3
191530102122009,3
191530102122010,3
191530102122011,3
191530102122012,3
191530102122013,3
191530102131013,3
191530102131014,3
191530102131015,3
191530102131016,3
191530102132002,3
191530102132004,3
191530102132011,3
191530102132012,3
191530102132013,3
191530102132014,3
191530102132015,3
191530102132016,3
191530102132017,3
191530102132018,3
191530102132019,3
191530102132020,3
191530102132021,3
191530102132022,3
191530102132029,3
191530102132031,3
191530102132032,3
191530102132041,3
191530102141026,3
191530102141034,3
191530102143007,3
191530102143008,3
191530102143019,3
191530102143020,3
191530102143021,3
191530102143022,3
191530102143024,3
191530102143027,3
191530102143028,3
191530102143029,3
191530102143030,3
191530102143031,3
191530102132023,3
191530102132024,3
191530102132025,3
191530102132026,3
191530102132027,3
191530102132028,3
191530102132033,3
191530102132034,3
191530102132035,3
191530102132036,3
191530102132037,3
191530102132038,3
191530102132039,3
191530102132040,3
191530102132042,3
191530102132043,3
191530102143001,3
191530102143002,3
191530102143004,3
191530102143005,3
191530102143006,3
191530102143009,3
191530102143010,3
191530102143011,3
191530102143012,3
191530102143013,3
191530102143014,3
191530102143015,3
191530102143016,3
191530102143017,3
191530102143018,3
191530102143023,3
191530102143025,3
191530102143026,3
191530102143032,3
191530102132044,3
191530114061037,3
191530114061038,3
191530114061039,3
191530114061041,3
191530114061042,3
191530114061043,3
191530114061044,3
191530114061045,3
191530114061046,3
191530114062000,3
191530114062001,3
191530114062002,3
191530114062003,3
191530114062004,3
191530114062005,3
191530114062006,3
191530114062007,3
191530114062008,3
191530114062009,3
191530114062010,3
191530114062011,3
191530114062012,3
191530114062013,3
191530114062014,3
191530114062015,3
191530114062016,3
191530117022000,3
191530117022001,3
191530117022002,3
191530117022003,3
191530117022004,3
191530117022005,3
191530117022006,3
191530117022007,3
191530117022008,3
191530117022009,3
191530117022010,3
191530117022011,3
191530117022012,3
191530117023000,3
191530117023001,3
191530117023002,3
191530117023003,3
191530117023004,3
191530117023005,3
191530117023006,3
191530117023007,3
191530117023008,3
191530117023009,3
191530117023013,3
191530117023014,3
191530117023015,3
191530117023016,3
191530117023017,3
191530117023031,3
191530117023032,3
191530117023033,3
191530117023034,3
191530117023035,3
191530117023045,3
191530102141000,3
191530102141005,3
191530102141008,3
191530102141009,3
191530102141010,3
191530102141011,3
191530102141012,3
191530102141013,3
191530102141014,3
191530102141015,3
191530102141016,3
191530102141018,3
191530102141019,3
191530102141020,3
191530102141021,3
191530102141022,3
191530102141023,3
191530102141024,3
191530102141025,3
191530102141027,3
191530102141028,3
191530102141029,3
191530102141030,3
191530102141031,3
191530102141035,3
191530102144001,3
191530102144002,3
191530102144003,3
191530102144004,3
191530102144005,3
191530102144006,3
191530102144007,3
191530102144008,3
191530102144009,3
191530102144010,3
191530102144011,3
191530102162000,3
191530102162001,3
191530102162002,3
191530102162003,3
191530102162004,3
191530102162005,3
191530102162006,3
191530102162007,3
191530102162008,3
191530102162009,3
191530102162010,3
191530102162011,3
191530102162012,3
191530102162013,3
191530102162014,3
191530102162015,3
191530102162016,3
191530102162017,3
191530102162018,3
191530102162019,3
191530102162020,3
191530102163000,3
191530102163001,3
191530102163002,3
191530102163003,3
191530102163004,3
191530102163005,3
191530102163006,3
191530102163007,3
191530102163008,3
191530102163009,3
191530102163010,3
191530102163011,3
191530102163012,3
191530102163013,3
191530102163014,3
191530104041000,3
191530104041001,3
191530104041002,3
191530104041003,3
191530104041004,3
191530104041005,3
191530104041006,3
191530104041007,3
191530104041008,3
191530104041009,3
191530104041010,3
191530104041011,3
191530104041012,3
191530104041013,3
191530104041014,3
191530104041015,3
191530104041016,3
191530104041017,3
191530104041018,3
191530104041019,3
191530104041020,3
191530104042000,3
191530104042001,3
191530104042002,3
191530104042003,3
191530104042010,3
191530104042011,3
191530104042012,3
191530104042013,3
191530117042013,3
191530117042014,3
191530104042004,3
191530104042005,3
191530104042006,3
191530104042007,3
191530104042008,3
191530104042009,3
191530104101000,3
191530104101001,3
191530104101002,3
191530104101003,3
191530104101004,3
191530104101005,3
191530104101006,3
191530104101007,3
191530104101008,3
191530104101009,3
191530104101010,3
191530104101011,3
191530104101012,3
191530104101013,3
191530104101014,3
191530104101015,3
191530104101016,3
191530104101017,3
191530104101018,3
191530104101019,3
191530104101020,3
191530104101021,3
191530104101022,3
191530104101023,3
191530104101024,3
191530104102000,3
191530104102001,3
191530104102002,3
191530104102003,3
191530104102010,3
191530104102011,3
191530104102012,3
191530104111000,3
191530104111001,3
191530104111002,3
191530104111003,3
191530104111004,3
191530104111005,3
191530104111006,3
191530104111008,3
191530104111011,3
191530104111015,3
191530104111016,3
191530104111017,3
191530104043000,3
191530104043001,3
191530104043002,3
191530104043003,3
191530104043004,3
191530104043005,3
191530104043006,3
191530104071007,3
191530104071008,3
191530104071009,3
191530104071010,3
191530104072000,3
191530104072001,3
191530104072002,3
191530104072003,3
191530104072004,3
191530104072005,3
191530104072006,3
191530104102004,3
191530104102005,3
191530104102006,3
191530104102007,3
191530104102008,3
191530104102009,3
191530104102013,3
191530104102014,3
191530104102015,3
191530104102016,3
191530104102017,3
191530104102018,3
191530104102019,3
191530104102020,3
191530104102021,3
191530104102022,3
191530104102023,3
191530104061000,3
191530104061001,3
191530104061002,3
191530104061003,3
191530104061004,3
191530104061005,3
191530104061006,3
191530104061007,3
191530104061008,3
191530104061011,3
191530104061012,3
191530104061013,3
191530104061014,3
191530104061015,3
191530104061016,3
191530104061017,3
191530104061018,3
191530104061019,3
191530104061020,3
191530104061021,3
191530104061025,3
191530104061026,3
191530104073001,3
191530104073002,3
191530104073003,3
191530113032038,3
191530113032044,3
191530113041000,3
191530113041001,3
191530113041002,3
191530113041003,3
191530113041004,3
191530113041005,3
191530113041006,3
191530113041007,3
191530113041008,3
191530113041009,3
191530113041010,3
191530113041011,3
191530113041012,3
191530113041013,3
191530113041014,3
191530113041021,3
191530113041022,3
191530113041023,3
191530113041024,3
191530113041025,3
191530113041026,3
191530113041027,3
191530113041028,3
191530113041029,3
191530113041030,3
191530113041031,3
191530113041032,3
191530113041033,3
191530113041034,3
191530113041035,3
191530113041043,3
191530113041044,3
191530113041045,3
191530113041046,3
191530113041047,3
191530117042018,3
191530117042019,3
191530104061009,3
191530104061010,3
191530104061022,3
191530104071000,3
191530104071001,3
191530104071002,3
191530104071003,3
191530104071004,3
191530104071005,3
191530104071006,3
191530104073000,3
191530104073004,3
191530104073005,3
191530104073006,3
191530104073007,3
191530104073008,3
191530104073009,3
191530104074000,3
191530104074001,3
191530104074002,3
191530104074003,3
191530104074004,3
191530104074005,3
191530104074006,3
191530104074007,3
191530104074008,3
191530104074009,3
191530104074010,3
191530104074011,3
191530113032039,3
191530113032040,3
191530117042007,3
191530117042008,3
191530117042009,3
191530117042020,3
191530104061023,3
191530104062000,3
191530104062001,3
191530104062002,3
191530104062003,3
191530104062004,3
191530104062005,3
191530104062017,3
191530104062018,3
191530104062019,3
191530104062020,3
191530104062021,3
191530104062022,3
191530104062023,3
191530104062024,3
191530104062025,3
191530104062026,3
191530104062027,3
191530104062028,3
191530104062029,3
191530104062040,3
191530104062041,3
191530104062042,3
191530104062043,3
191530104062044,3
191530104062045,3
191530104062046,3
191530104062047,3
191530104062048,3
191530104062049,3
191530104062050,3
191530104062051,3
191530104062052,3
191530104062053,3
191530104062054,3
191530104062055,3
191530104062056,3
191530104062057,3
191530104062058,3
191530104062059,3
191530104062060,3
191530104062061,3
191530104062062,3
191530104062063,3
191530104062064,3
191530104062065,3
191530104062066,3
191530104062069,3
191530104062070,3
191530104062071,3
191530104062072,3
191530104062073,3
191530104062074,3
191530104062075,3
191530104062078,3
191530104062079,3
191530104072007,3
191530104072008,3
191530104072009,3
191530104072010,3
191530104061024,3
191530104061027,3
191530104062006,3
191530104062007,3
191530104062008,3
191530104062009,3
191530104062010,3
191530104062011,3
191530104062012,3
191530104062013,3
191530104062014,3
191530104062015,3
191530104062016,3
191530104062030,3
191530104062031,3
191530104062032,3
191530104062033,3
191530104062034,3
191530104062035,3
191530104062036,3
191530104062037,3
191530104062038,3
191530104062039,3
191530104062067,3
191530104062068,3
191530104062076,3
191530104062077,3
191530104062080,3
191530113041015,3
191530113041016,3
191530113041017,3
191530113041018,3
191530113041019,3
191530113041036,3
191530113041037,3
191530113041038,3
191530113041039,3
191530113041040,3
191530113041042,3
191530113041048,3
191530113041049,3
191530113042000,3
191530113042001,3
191530113042002,3
191530113042003,3
191530113042004,3
191530113042005,3
191530113042006,3
191530113042007,3
191530113042008,3
191530113042009,3
191530113042010,3
191530113042011,3
191530113042012,3
191530113042013,3
191530113042014,3
191530113042015,3
191530113042016,3
191530113042017,3
191530113042018,3
191530113042019,3
191530113042020,3
191530113042021,3
191530113042022,3
191530113042023,3
191530113042024,3
191530113042025,3
191530113042026,3
191530113042027,3
191530113042028,3
191530113042029,3
191530113042030,3
191530113042031,3
191530113042032,3
191530104081000,3
191530104081001,3
191530104081002,3
191530104081003,3
191530104081004,3
191530104081009,3
191530104081010,3
191530104081011,3
191530104081012,3
191530104081013,3
191530104081014,3
191530104081015,3
191530104081016,3
191530104081027,3
191530104081028,3
191530104081029,3
191530104081030,3
191530104091000,3
191530104091001,3
191530104091002,3
191530104091003,3
191530104091004,3
191530104091005,3
191530104091006,3
191530104091007,3
191530104091014,3
191530104091015,3
191530104091016,3
191530104091017,3
191530104091018,3
191530104091019,3
191530104092012,3
191530104092013,3
191530104092014,3
191530104093000,3
191530104093001,3
191530104093002,3
191530104093003,3
191530104093004,3
191530104093005,3
191530104093006,3
191530104093007,3
191530104093008,3
191530104093009,3
191530104093010,3
191530104093011,3
191530104093012,3
191530104093013,3
191530104093014,3
191530104093015,3
191530104081005,3
191530104081006,3
191530104081007,3
191530104081008,3
191530104081018,3
191530104081019,3
191530104081020,3
191530104081021,3
191530104081022,3
191530104091008,3
191530104091009,3
191530104091010,3
191530104091011,3
191530104091012,3
191530104091013,3
191530104092000,3
191530104092001,3
191530104092002,3
191530104092003,3
191530104092004,3
191530104092005,3
191530104092006,3
191530104092007,3
191530104092008,3
191530104092009,3
191530104092010,3
191530104092011,3
191530104092015,3
191530104092016,3
191530117023041,3
191530117023046,3
191530117023047,3
191530117042000,3
191530117042001,3
191530117042010,3
191530117042011,3
191530117042012,3
191530117042015,3
191530104081017,3
191530104081023,3
191530104081024,3
191530104081025,3
191530104081026,3
191530104081031,3
191530104081032,3
191530104081033,3
191530104081034,3
191530104081035,3
191530104082000,3
191530104082001,3
191530104082002,3
191530104082003,3
191530104082004,3
191530104082005,3
191530104082006,3
191530104082007,3
191530104082008,3
191530104082009,3
191530104082010,3
191530104082011,3
191530104082012,3
191530104082013,3
191530104082014,3
191530104082015,3
191530104082016,3
191530104082017,3
191530104082018,3
191530104082019,3
191530104082020,3
191530104082021,3
191530104082022,3
191530104082023,3
191530104082024,3
191530104083000,3
191530104083001,3
191530104083002,3
191530104083003,3
191530104083004,3
191530104083005,3
191530104083006,3
191530104083007,3
191530104083008,3
191530104083009,3
191530104083010,3
191530104083011,3
191530104083012,3
191530104083013,3
191530104083014,3
191530104083015,3
191530104083016,3
191530104083017,3
191530104111009,3
191530104111010,3
191530104111012,3
191530104111013,3
191530104111014,3
191530104111021,3
191530104111022,3
191530104111023,3
191530104111024,3
191530104111025,3
191530104111026,3
191530104113000,3
191530104113001,3
191530104113002,3
191530104113011,3
191530104113012,3
191530104113013,3
191530104111007,3
191530104111018,3
191530104111019,3
191530104111020,3
191530104111027,3
191530104111028,3
191530104112000,3
191530104112001,3
191530104112002,3
191530104112003,3
191530104112004,3
191530104112005,3
191530104112006,3
191530104112007,3
191530104112008,3
191530104112009,3
191530104112010,3
191530104112011,3
191530104112012,3
191530104112013,3
191530104113003,3
191530104113004,3
191530104113005,3
191530104113006,3
191530104113007,3
191530104113008,3
191530104113009,3
191530104113010,3
191530104113014,3
191530104113015,3
191530104113016,3
191530104113017,3
191530104113018,3
191530104113019,3
191530104113020,3
191530104113021,3
191530104113022,3
191530104113023,3
191530104113024,3
191530104113025,3
191530104113026,3
191530104113027,3
191530104113028,3
191530104113029,3
191530104113030,3
191530104113031,3
191530104113032,3
191530104113033,3
191530104113034,3
191530104113035,3
191530104113036,3
191530104113037,3
191530104113038,3
191530104113039,3
191530104113040,3
191530104113041,3
191530104113042,3
191530104113043,3
191530105001000,3
191530105001001,3
191530105001002,3
191530105001003,3
191530105001004,3
191530105001005,3
191530105001006,3
191530105001008,3
191530105001032,3
191530105001034,3
191530105001035,3
191530105001037,3
191530105001038,3
191530105001039,3
191530105001040,3
191530105001041,3
191530105001043,3
191530105001044,3
191530105001046,3
191530105001050,3
191530105001052,3
191530105001059,3
191530105001065,3
191530105001066,3
191530105001069,3
191530105001070,3
191530105003000,3
191530105003001,3
191530105003002,3
191530105003003,3
191530105003004,3
191530105003005,3
191530105003006,3
191530105003007,3
191530105003008,3
191530105003009,3
191530105003010,3
191530105003011,3
191530105003012,3
191530105003013,3
191530105003014,3
191530105003015,3
191530105003016,3
191530105003017,3
191530105003018,3
191530105003019,3
191530105003020,3
191530105003021,3
191530105003022,3
191530105003023,3
191530105003024,3
191530105003025,3
191530105003026,3
191530105003027,3
191530105003028,3
191530105003029,3
191530105003030,3
191530105003031,3
191530105003032,3
191530105003033,3
191530105003034,3
191530105003035,3
191530105003036,3
191530105003037,3
191530105003038,3
191530105003039,3
191530105003040,3
191530105003041,3
191530105003042,3
191530105003043,3
191530105003044,3
191530105003045,3
191530105003046,3
191530105003047,3
191530105003048,3
191530105003049,3
191530105004001,3
191530105004002,3
191530105004003,3
191530105004017,3
191530105004018,3
191530105004020,3
191530105004024,3
191530105004026,3
191530105004027,3
191530105001007,3
191530105001009,3
191530105001010,3
191530105001011,3
191530105001012,3
191530105001013,3
191530105001014,3
191530105001015,3
191530105001016,3
191530105001017,3
191530105001018,3
191530105001019,3
191530105001020,3
191530105001021,3
191530105001022,3
191530105001023,3
191530105001025,3
191530105001026,3
191530105001027,3
191530105001028,3
191530105001029,3
191530105001030,3
191530105001031,3
191530105001047,3
191530105001048,3
191530105001049,3
191530105001053,3
191530105001054,3
191530105001055,3
191530105001056,3
191530105001057,3
191530105001058,3
191530105001060,3
191530105001061,3
191530105001062,3
191530105001063,3
191530105001064,3
191530105001071,3
191530105002000,3
191530105002001,3
191530105002002,3
191530105002003,3
191530105002004,3
191530105002005,3
191530105002006,3
191530105002007,3
191530105002008,3
191530105002009,3
191530105002010,3
191530105002011,3
191530105002012,3
191530105002013,3
191530105002014,3
191530105002015,3
191530105002016,3
191530105002017,3
191530105002018,3
191530105002019,3
191530105002020,3
191530105002021,3
191530105002022,3
191530105002023,3
191530105002024,3
191530105002025,3
191530105002026,3
191530105002027,3
191530105002028,3
191530105002029,3
191530105002030,3
191530105002031,3
191530105002032,3
191530105002033,3
191530105002034,3
191530105002035,3
191530105002036,3
191530105002037,3
191530105002038,3
191530105002039,3
191530105004004,3
191530105004005,3
191530105004006,3
191530105004007,3
191530105004008,3
191530105004009,3
191530105004010,3
191530105004011,3
191530105004012,3
191530105004013,3
191530105004014,3
191530105004015,3
191530105004016,3
191530105004019,3
191530105004021,3
191530105004022,3
191530105004023,3
191530106011000,3
191530106011001,3
191530106011002,3
191530106011003,3
191530106011004,3
191530106011005,3
191530106011006,3
191530106011007,3
191530106011008,3
191530106011009,3
191530106011010,3
191530106011023,3
191530106011024,3
191530106011025,3
191530106011026,3
191530106011031,3
191530106011032,3
191530106011033,3
191530106011034,3
191530106011035,3
191530106011036,3
191530106011037,3
191530106011038,3
191530106011039,3
191530106011040,3
191530106011041,3
191530106011042,3
191530106011046,3
191530106011047,3
191530106011048,3
191530106011051,3
191530106011052,3
191530106011053,3
191530106011054,3
191530106011055,3
191530106011056,3
191530106011057,3
191530106011058,3
191530106011059,3
191530106012000,3
191530106012001,3
191530106012003,3
191530106012004,3
191530106012005,3
191530106012007,3
191530106012008,3
191530106012009,3
191530106012010,3
191530106012011,3
191530106012012,3
191530106012013,3
191530106012014,3
191530106012015,3
191530106012016,3
191530106012017,3
191530106012018,3
191530106012019,3
191530106012020,3
191530106012021,3
191530106012022,3
191530106012023,3
191530106012025,3
191530106012026,3
191530106012027,3
191530106012028,3
191530106012029,3
191530106012031,3
191530106012032,3
191530106012033,3
191530106012034,3
191530106012035,3
191530106012036,3
191530106012037,3
191530106012038,3
191530106012039,3
191530106012040,3
191530106012041,3
191530106012042,3
191530106012045,3
191530106012046,3
191530106012048,3
191530106022002,3
191530106022003,3
191530106022004,3
191530106022005,3
191530106022018,3
191530106022019,3
191530106022020,3
191530106022021,3
191530106022023,3
191530106022024,3
191530106022031,3
191530106022032,3
191530106022033,3
191530106022034,3
191530106022035,3
191530106022036,3
191530106022043,3
191530106022044,3
191530106022049,3
191530106022050,3
191530106022060,3
191530106022062,3
191530106022063,3
191530106022064,3
191530106022065,3
191530106022066,3
191530106022067,3
191530106022068,3
191530106022069,3
191530106022070,3
191530106022071,3
191530106022072,3
191530106022073,3
191530106022076,3
191530106022077,3
191530106022078,3
191530106022079,3
191530106012002,3
191530106012043,3
191530106012044,3
191530106022037,3
191530106022038,3
191530106022039,3
191530106022040,3
191530106022041,3
191530106022042,3
191530106022045,3
191530106022046,3
191530106022047,3
191530106022048,3
191530106022051,3
191530106022052,3
191530106022053,3
191530106022054,3
191530106022055,3
191530106022056,3
191530106022057,3
191530106022058,3
191530106022059,3
191530106022074,3
191530106022075,3
191530106023001,3
191530106023002,3
191530106023003,3
191530106023004,3
191530106023005,3
191530106023006,3
191530106023007,3
191530106023008,3
191530106023009,3
191530106023010,3
191530106023011,3
191530106023012,3
191530106023013,3
191530106023017,3
191530106023018,3
191530106023021,3
191530106023022,3
191530106023023,3
191530106023024,3
191530107023066,3
191530107023068,3
191530107023088,3
191530107023089,3
191530107023090,3
191530107023091,3
191530107073004,3
191530107073010,3
191530107073011,3
191530107073012,3
191530107073014,3
191530107073016,3
191530107073017,3
191530107073018,3
191530107073019,3
191530107073020,3
191530107073021,3
191530107073022,3
191530107073023,3
191530107073024,3
191530107073025,3
191530107073026,3
191530107073032,3
191530107073033,3
191530107073034,3
191530107073035,3
191530107073036,3
191530107081006,3
191530107082031,3
191530107083011,3
191530107083013,3
191530107084007,3
191530107084008,3
191530107084009,3
191530107084010,3
191530108031000,3
191530108031001,3
191530108031002,3
191530108031003,3
191530108031004,3
191530108031005,3
191530108031006,3
191530108031007,3
191530108031008,3
191530108031009,3
191530108031010,3
191530108031011,3
191530108031012,3
191530108031013,3
191530108031014,3
191530108031015,3
191530108031016,3
191530108031017,3
191530108031018,3
191530108031019,3
191530108031020,3
191530108031021,3
191530108031022,3
191530108031023,3
191530108031024,3
191530108031025,3
191530108031026,3
191530108031027,3
191530108031028,3
191530108031029,3
191530108031030,3
191530108031031,3
191530108031032,3
191530108031033,3
191530108031034,3
191530108031035,3
191530108031036,3
191530108031037,3
191530108031038,3
191530108032000,3
191530108032001,3
191530108032002,3
191530108032003,3
191530108032004,3
191530108032005,3
191530108032006,3
191530108032007,3
191530108032008,3
191530108032009,3
191530108032010,3
191530108032011,3
191530108032012,3
191530108032013,3
191530108032014,3
191530108032015,3
191530108032016,3
191530108032017,3
191530108032018,3
191530108032019,3
191530108032020,3
191530108032021,3
191530108032022,3
191530108032023,3
191530108032024,3
191530108032025,3
191530108032026,3
191530108032027,3
191530108032028,3
191530108032029,3
191530108032030,3
191530108032031,3
191530108032032,3
191530108032033,3
191530108032034,3
191530108032035,3
191530108032036,3
191530108041000,3
191530108041001,3
191530108041002,3
191530108041003,3
191530108041004,3
191530108041005,3
191530108041006,3
191530108041007,3
191530108041008,3
191530108041009,3
191530108041010,3
191530108041011,3
191530108041012,3
191530108041013,3
191530108041014,3
191530108041015,3
191530108041016,3
191530108041017,3
191530108041018,3
191530108041019,3
191530108041020,3
191530108041022,3
191530108041023,3
191530108041024,3
191530108041027,3
191530108041028,3
191530108041029,3
191530108041032,3
191530108041035,3
191530108041037,3
191530108041039,3
191530108041041,3
191530108041042,3
191530108041043,3
191530108041045,3
191530108041046,3
191530108041047,3
191530108041048,3
191530108041049,3
191530108041050,3
191530108041051,3
191530108041052,3
191530108041054,3
191530108041056,3
191530108041059,3
191530108041067,3
191530108041068,3
191530108041075,3
191530108042000,3
191530108042005,3
191530108042006,3
191530108042008,3
191530108042009,3
191530108042010,3
191530108042011,3
191530108042012,3
191530108042014,3
191530108042019,3
191530108042020,3
191530108042021,3
191530108042022,3
191530108042023,3
191530108042024,3
191530108042025,3
191530108042026,3
191530108042027,3
191530108042028,3
191530108042029,3
191530108042030,3
191530108042031,3
191530108042032,3
191530108042033,3
191530108042034,3
191530108042035,3
191530108042036,3
191530108042037,3
191530108042038,3
191530108042039,3
191530108042040,3
191530108042041,3
191530108042042,3
191530108042043,3
191530108042047,3
191530108042048,3
191530108042049,3
191530108042051,3
191530108042052,3
191530108042053,3
191530108042054,3
191530108042055,3
191530108042056,3
191530108042060,3
191530107021000,3
191530107021001,3
191530107021002,3
191530107021003,3
191530107021004,3
191530107021005,3
191530107021006,3
191530107021007,3
191530107021008,3
191530107021009,3
191530107021010,3
191530107021011,3
191530107021012,3
191530107021013,3
191530107021014,3
191530107021015,3
191530107021016,3
191530107021017,3
191530107021018,3
191530107021019,3
191530107021020,3
191530107021021,3
191530107021022,3
191530107021023,3
191530107021024,3
191530107021025,3
191530107021026,3
191530107021027,3
191530107021028,3
191530107021029,3
191530107021030,3
191530107021031,3
191530107021032,3
191530107021033,3
191530107021034,3
191530107021035,3
191530107021036,3
191530107021037,3
191530107021038,3
191530107021039,3
191530107021040,3
191530107021041,3
191530107021042,3
191530107021043,3
191530107021044,3
191530107021045,3
191530107021046,3
191530107021047,3
191530107021048,3
191530107021049,3
191530107021050,3
191530107021051,3
191530107021052,3
191530107021053,3
191530107021054,3
191530107021055,3
191530107021056,3
191530107021057,3
191530107021058,3
191530107021059,3
191530107021060,3
191530107021061,3
191530107021062,3
191530107021063,3
191530107021064,3
191530107021065,3
191530107021066,3
191530107021067,3
191530107021068,3
191530107021069,3
191530107023069,3
191530107023070,3
191530107023071,3
191530107023072,3
191530107023073,3
191530107023074,3
191530107023075,3
191530107023076,3
191530107023077,3
191530107023078,3
191530107023079,3
191530107023080,3
191530107023081,3
191530107023083,3
191530107023084,3
191530107023085,3
191530107023086,3
191530107023087,3
191530107023092,3
191530107023093,3
191530107023094,3
191530107023095,3
191530107022000,3
191530107022001,3
191530107022002,3
191530107022003,3
191530107022004,3
191530107022005,3
191530107022006,3
191530107022007,3
191530107022008,3
191530107022009,3
191530107022010,3
191530107022011,3
191530107022012,3
191530107022013,3
191530107022014,3
191530107022015,3
191530107022016,3
191530107022017,3
191530107022018,3
191530107022019,3
191530107022020,3
191530107022021,3
191530107022022,3
191530107022023,3
191530107022024,3
191530107022025,3
191530107022026,3
191530107022027,3
191530107022028,3
191530107022029,3
191530107022030,3
191530107022031,3
191530107022032,3
191530107022033,3
191530107022034,3
191530107022035,3
191530107022036,3
191530107022037,3
191530107022038,3
191530107022039,3
191530107022040,3
191530107022041,3
191530107022042,3
191530107022043,3
191530107022045,3
191530107022046,3
191530107022047,3
191530107022048,3
191530107022049,3
191530107022050,3
191530107022052,3
191530107022053,3
191530107022054,3
191530107022055,3
191530107022056,3
191530107022060,3
191530107022062,3
191530107022063,3
191530107022064,3
191530107023004,3
191530107023016,3
191530107023018,3
191530107023054,3
191530108041021,3
191530108041025,3
191530108041026,3
191530108041030,3
191530108041031,3
191530108041033,3
191530108041034,3
191530108041036,3
191530108041038,3
191530108041040,3
191530108041044,3
191530108041053,3
191530108041055,3
191530108041057,3
191530108041058,3
191530108041060,3
191530108041061,3
191530108041062,3
191530108041063,3
191530108041064,3
191530108041065,3
191530108041066,3
191530108041069,3
191530108041070,3
191530108041071,3
191530108041072,3
191530108041073,3
191530108041074,3
191530108041076,3
191530108041077,3
191530108041078,3
191530108041079,3
191530108041080,3
191530108041081,3
191530108041082,3
191530108041083,3
191530108042001,3
191530108042002,3
191530108042003,3
191530108042004,3
191530108042007,3
191530108042013,3
191530108042015,3
191530108042016,3
191530108042017,3
191530108042018,3
191530108042044,3
191530108042045,3
191530108042046,3
191530108042050,3
191530108042057,3
191530108042058,3
191530108042059,3
191530108052007,3
191530108052008,3
191530108052009,3
191530108052010,3
191530108052011,3
191530108052012,3
191530108052013,3
191530108052014,3
191530108052015,3
191530108052016,3
191530108052017,3
191530108052018,3
191530108052019,3
191530108052020,3
191530108052021,3
191530108052022,3
191530108052023,3
191530108052024,3
191530108052025,3
191530108052026,3
191530108052027,3
191530108052028,3
191530108052029,3
191530108052030,3
191530108052031,3
191530108052032,3
191530108052033,3
191530108052034,3
191530108052035,3
191530108052036,3
191530108052037,3
191530108052038,3
191530108052039,3
191530108052040,3
191530108052041,3
191530108052042,3
191530108052044,3
191530108062000,3
191530108062001,3
191530108062002,3
191530108062003,3
191530108062005,3
191530108062006,3
191530108062007,3
191530108062008,3
191530108062028,3
191530108062029,3
191530108062030,3
191530108062033,3
191530108062037,3
191530108062039,3
191530108062042,3
191530108062043,3
191530108062044,3
191530108062047,3
191530108062048,3
191530108062049,3
191530108062050,3
191530108062051,3
191530108062052,3
191530108062055,3
191530108062056,3
191530108062057,3
191530108062058,3
191530108063001,3
191530108063002,3
191530108063015,3
191530108063016,3
191530108063017,3
191530108063020,3
191530108063021,3
191530108063022,3
191530108063023,3
191530108063024,3
191530108062004,3
191530108062031,3
191530108062032,3
191530108062034,3
191530108062035,3
191530108062036,3
191530108062038,3
191530108062045,3
191530108062046,3
191530108062053,3
191530108062054,3
191530108063000,3
191530108063018,3
191530108063019,3
191530108062009,3
191530108062010,3
191530108062011,3
191530108062012,3
191530108062013,3
191530108062014,3
191530108062018,3
191530108062019,3
191530108062022,3
191530108062023,3
191530108062024,3
191530108062025,3
191530108062026,3
191530108062027,3
191530108063003,3
191530108063004,3
191530108063005,3
191530108063014,3
191530108063006,3
191530108063007,3
191530108063008,3
191530108063009,3
191530108063010,3
191530108063011,3
191530108063012,3
191530108063013,3
191530108063025,3
191530108063026,3
191530110011000,3
191530110011001,3
191530110011003,3
191530110011009,3
191530110011013,3
191530110011014,3
191530110011015,3
191530110011016,3
191530110011017,3
191530110012035,3
191530110013000,3
191530110013001,3
191530110013002,3
191530110013003,3
191530110013004,3
191530110013005,3
191530110013006,3
191530110013007,3
191530110013008,3
191530110013009,3
191530110013010,3
191530110013011,3
191530111112003,3
191530111112004,3
191530111112005,3
191530111112006,3
191530111112007,3
191530111112008,3
191530111112009,3
191530111112010,3
191530111112011,3
191530111112013,3
191530111113007,3
191530110011002,3
191530110011004,3
191530110011005,3
191530110011006,3
191530110011007,3
191530110011008,3
191530110011012,3
191530110211020,3
191530110211021,3
191530110211022,3
191530110211031,3
191530110211032,3
191530110211033,3
191530110211034,3
191530110211035,3
191530110211036,3
191530110211038,3
191530110212000,3
191530110212001,3
191530110212002,3
191530110212013,3
191530110212014,3
191530110212015,3
191530110212016,3
191530110212017,3
191530110212018,3
191530110212019,3
191530110212021,3
191530110212022,3
191530110011010,3
191530110265012,3
191530110281000,3
191530110281001,3
191530110281002,3
191530110281003,3
191530110281004,3
191530110281005,3
191530110281006,3
191530110281007,3
191530110281008,3
191530110281009,3
191530110281010,3
191530110281011,3
191530110281012,3
191530110281013,3
191530110281014,3
191530110281015,3
191530110281016,3
191530110281017,3
191530110281018,3
191530110281025,3
191530110281032,3
191530110281033,3
191530110281034,3
191530110281035,3
191530110281036,3
191530110281037,3
191530110281038,3
191530110281039,3
191530110281040,3
191530110281041,3
191530110281042,3
191530110281043,3
191530110281044,3
191530110281045,3
191530110281046,3
191530110281047,3
191530110281048,3
191530110281049,3
191530110281050,3
191530110281051,3
191530110281052,3
191530110281053,3
191530110281054,3
191530110281055,3
191530110281056,3
191530110281071,3
191530110281072,3
191530110281073,3
191530110281074,3
191530110281075,3
191530110281076,3
191530110281077,3
191530110283000,3
191530110283001,3
191530110283002,3
191530110283003,3
191530110283004,3
191530110283005,3
191530110283006,3
191530110283007,3
191530110283008,3
191530110283009,3
191530110283010,3
191530110283011,3
191530110283012,3
191530110283013,3
191530110283014,3
191530110283015,3
191530110283016,3
191530110283017,3
191530110283020,3
191530110283021,3
191530110283022,3
191530110283023,3
191530110283024,3
191530110283025,3
191530110283026,3
191530110283027,3
191530110283028,3
191530110283029,3
191530110283030,3
191530110283031,3
191530110283032,3
191530110283033,3
191530110283041,3
191530110283043,3
191530110283044,3
191530110283045,3
191530110011011,3
191530110211039,3
191530110282000,3
191530110282001,3
191530110282002,3
191530110282003,3
191530110282004,3
191530110282005,3
191530110282006,3
191530110282007,3
191530110282008,3
191530110282009,3
191530110282010,3
191530110282011,3
191530110282012,3
191530110282013,3
191530110282014,3
191530110282015,3
191530110282016,3
191530110282017,3
191530110282018,3
191530110282019,3
191530110282020,3
191530110282021,3
191530110282022,3
191530110282023,3
191530110282024,3
191530110282025,3
191530110283018,3
191530110283019,3
191530110012000,3
191530110012001,3
191530110012002,3
191530110012003,3
191530110012004,3
191530110012005,3
191530110012006,3
191530110012007,3
191530110012008,3
191530110012009,3
191530110012010,3
191530110012011,3
191530110012012,3
191530110012013,3
191530110012014,3
191530110012015,3
191530110012016,3
191530110012017,3
191530110012018,3
191530110012019,3
191530110012020,3
191530110012021,3
191530110012022,3
191530110012023,3
191530110012024,3
191530110012025,3
191530110012026,3
191530110012027,3
191530110012028,3
191530110012029,3
191530110012030,3
191530110012031,3
191530110012032,3
191530110012033,3
191530110012034,3
191530110012036,3
191530111111000,3
191530111111001,3
191530111111002,3
191530111111003,3
191530111111004,3
191530111111005,3
191530111111006,3
191530111111007,3
191530111111008,3
191530111111009,3
191530111111010,3
191530111111011,3
191530111111012,3
191530111111013,3
191530111111014,3
191530111111015,3
191530111111016,3
191530111111017,3
191530111111018,3
191530111111019,3
191530111111020,3
191530111111021,3
191530110211000,3
191530110211001,3
191530110211002,3
191530110211003,3
191530110211037,3
191530111122000,3
191530111122001,3
191530111122002,3
191530111122003,3
191530111122004,3
191530111122005,3
191530111122006,3
191530111122007,3
191530111122008,3
191530111122009,3
191530111122010,3
191530111122011,3
191530111122012,3
191530111122013,3
191530111122014,3
191530111122015,3
191530111123000,3
191530111123001,3
191530111123002,3
191530111123003,3
191530111123004,3
191530111123005,3
191530111123006,3
191530111123007,3
191530111123008,3
191530111123009,3
191530111123010,3
191530111123011,3
191530111123012,3
191530111141003,3
191530111141004,3
191530111141005,3
191530111141009,3
191530111141017,3
191530111141018,3
191530110211004,3
191530110211005,3
191530110211006,3
191530110211007,3
191530110211008,3
191530110211009,3
191530110211010,3
191530110211011,3
191530110211012,3
191530110211013,3
191530110211014,3
191530110211015,3
191530110211016,3
191530110211017,3
191530110211018,3
191530110211019,3
191530110211023,3
191530110211024,3
191530110211025,3
191530110211026,3
191530110211027,3
191530110211028,3
191530110211029,3
191530110211030,3
191530110212003,3
191530110212004,3
191530110212005,3
191530110212006,3
191530110212007,3
191530110212008,3
191530110212009,3
191530110212010,3
191530110212011,3
191530110212012,3
191530110212020,3
191530110251000,3
191530110251001,3
191530110251002,3
191530110251003,3
191530110251004,3
191530110251005,3
191530110251006,3
191530110251007,3
191530110251008,3
191530110251009,3
191530110251010,3
191530110251011,3
191530110251012,3
191530110251013,3
191530110251014,3
191530110251015,3
191530110251016,3
191530110251017,3
191530110251018,3
191530110251021,3
191530110251022,3
191530110251026,3
191530110252000,3
191530110252001,3
191530110252002,3
191530110252003,3
191530110252004,3
191530110252005,3
191530110252006,3
191530110252007,3
191530110252008,3
191530110252009,3
191530110252010,3
191530110252011,3
191530110252012,3
191530110252019,3
191530110263000,3
191530110263009,3
191530110251019,3
191530110251020,3
191530110251023,3
191530110251024,3
191530110251025,3
191530110251027,3
191530110252013,3
191530110252014,3
191530110252015,3
191530110252016,3
191530110252017,3
191530110252018,3
191530110252020,3
191530110261000,3
191530110261001,3
191530110261002,3
191530110261003,3
191530110261004,3
191530110261005,3
191530110261006,3
191530110261007,3
191530110261008,3
191530110261009,3
191530110261010,3
191530110261011,3
191530110263001,3
191530110263002,3
191530110263003,3
191530110263004,3
191530110263005,3
191530110263006,3
191530110263007,3
191530110263008,3
191530110263010,3
191530110263011,3
191530110262000,3
191530110262001,3
191530110262002,3
191530110262003,3
191530110262004,3
191530110262005,3
191530110262006,3
191530110262007,3
191530110262008,3
191530110262009,3
191530110262010,3
191530110262011,3
191530110262012,3
191530110262013,3
191530110262014,3
191530110262015,3
191530110262016,3
191530110262017,3
191530110262018,3
191530110262019,3
191530110262020,3
191530110262021,3
191530110262022,3
191530110262023,3
191530110262024,3
191530110262025,3
191530110264000,3
191530110264001,3
191530110264002,3
191530110264003,3
191530110264004,3
191530110264005,3
191530110264006,3
191530110264007,3
191530110264008,3
191530110264009,3
191530110264010,3
191530110264011,3
191530110264012,3
191530110264013,3
191530110264014,3
191530110264015,3
191530110264016,3
191530110264017,3
191530110264018,3
191530110264019,3
191530110264020,3
191530110265000,3
191530110265001,3
191530110265002,3
191530110265003,3
191530110265004,3
191530110265005,3
191530110265006,3
191530110265007,3
191530110265008,3
191530110265009,3
191530110265010,3
191530110265011,3
191530110271000,3
191530110271001,3
191530110271002,3
191530110271012,3
191530110273000,3
191530110273001,3
191530110273002,3
191530110273003,3
191530110273004,3
191530110273005,3
191530110273006,3
191530110273007,3
191530110273008,3
191530110273009,3
191530110273010,3
191530110273011,3
191530110273012,3
191530110273013,3
191530110273014,3
191530110273015,3
191530110273016,3
191530110273017,3
191530110273018,3
191530110273019,3
191530110273020,3
191530110273021,3
191530110273022,3
191530110273023,3
191530110271003,3
191530110271004,3
191530110271005,3
191530110271006,3
191530110271007,3
191530110271008,3
191530110271009,3
191530110271010,3
191530110271011,3
191530110271015,3
191530110271016,3
191530110271017,3
191530110271018,3
191530110271019,3
191530110271020,3
191530110271021,3
191530110271022,3
191530110271023,3
191530110271024,3
191530110271025,3
191530110271026,3
191530110271027,3
191530110283034,3
191530110283035,3
191530110283036,3
191530110283037,3
191530110283038,3
191530110283039,3
191530110283040,3
191530110283042,3
191530110271013,3
191530110271014,3
191530110272000,3
191530110272001,3
191530110272002,3
191530110272003,3
191530110272004,3
191530110272005,3
191530110272006,3
191530110272007,3
191530110272008,3
191530110281068,3
191530110281069,3
191530110281070,3
191530111112000,3
191530111112001,3
191530111112002,3
191530111112012,3
191530111113000,3
191530111113001,3
191530111113002,3
191530111113008,3
191530111113009,3
191530111114000,3
191530111114001,3
191530111115001,3
191530111115003,3
191530111115004,3
191530111113003,3
191530111113004,3
191530111113005,3
191530111113006,3
191530111113010,3
191530111113011,3
191530111115000,3
191530111115002,3
191530111121000,3
191530111121001,3
191530111121002,3
191530111121003,3
191530111121004,3
191530111121005,3
191530111121006,3
191530111121007,3
191530111121008,3
191530111124000,3
191530111124001,3
191530111124002,3
191530111124003,3
191530111124004,3
191530111124005,3
191530111124006,3
191530111124007,3
191530111124008,3
191530111124009,3
191530111124010,3
191530111124011,3
191530111124012,3
191530111124013,3
191530111124014,3
191530111124015,3
191530111124016,3
191530111124017,3
191530111124018,3
191530111124019,3
191530111124020,3
191530111124021,3
191530111124022,3
191530111124023,3
191530111141000,3
191530111141001,3
191530111141002,3
191530111141019,3
191530111141020,3
191530111131000,3
191530111131001,3
191530111131002,3
191530111131003,3
191530111131004,3
191530111131005,3
191530111131006,3
191530111131007,3
191530111131008,3
191530111131009,3
191530111131010,3
191530111131011,3
191530111131012,3
191530111131013,3
191530111131014,3
191530111131015,3
191530111131016,3
191530111131017,3
191530111131018,3
191530111131019,3
191530111131020,3
191530111131021,3
191530111131022,3
191530111131023,3
191530111131024,3
191530111131025,3
191530111131026,3
191530111131027,3
191530111131028,3
191530111141006,3
191530111141007,3
191530111141008,3
191530111141010,3
191530111141011,3
191530111141012,3
191530111141013,3
191530111141014,3
191530111141015,3
191530111141016,3
191530111143000,3
191530111144000,3
191530111142000,3
191530111142001,3
191530111142002,3
191530111142003,3
191530111142004,3
191530111142005,3
191530111142006,3
191530111143001,3
191530111143002,3
191530111143003,3
191530111143004,3
191530111143005,3
191530111143006,3
191530111143007,3
191530111143008,3
191530111143009,3
191530111143010,3
191530111143011,3
191530111143012,3
191530111143013,3
191530111143014,3
191530111143015,3
191530111143016,3
191530111143017,3
191530111144001,3
191530111144002,3
191530111144003,3
191530112011000,3
191530112011001,3
191530112011002,3
191530112011003,3
191530112011004,3
191530112011005,3
191530112011006,3
191530112011007,3
191530112011008,3
191530112011009,3
191530112011010,3
191530112012000,3
191530112012001,3
191530112012002,3
191530112012003,3
191530112012004,3
191530112012005,3
191530112012006,3
191530112012007,3
191530112012008,3
191530112012009,3
191530112012010,3
191530112012011,3
191530112012012,3
191530112012013,3
191530112012014,3
191530112012015,3
191530112013000,3
191530112013001,3
191530112013002,3
191530112013003,3
191530112013004,3
191530112013005,3
191530112013006,3
191530112013007,3
191530112013008,3
191530112013009,3
191530112013010,3
191530112013011,3
191530112013012,3
191530112013013,3
191530112013014,3
191530112013015,3
191530112013016,3
191530112013017,3
191530112013018,3
191530112013019,3
191530112013020,3
191530112013021,3
191530112013022,3
191530112013023,3
191530112013024,3
191530112013025,3
191530112013026,3
191530112013027,3
191530112013028,3
191530112013029,3
191530112013030,3
191530112014000,3
191530112014001,3
191530112014002,3
191530112014003,3
191530112014004,3
191530112014005,3
191530112014006,3
191530112014007,3
191530112014008,3
191530112014009,3
191530112014010,3
191530112014011,3
191530112014012,3
191530112014013,3
191530112014014,3
191530112014015,3
191530112014016,3
191530112014017,3
191530112015000,3
191530112015001,3
191530112015002,3
191530112015003,3
191530112015004,3
191530112015005,3
191530112015006,3
191530112015009,3
191530112015010,3
191530112015011,3
191530112015012,3
191530112015013,3
191530112015014,3
191530112015015,3
191530112015016,3
191530112015017,3
191530112015018,3
191530112015019,3
191530112015007,3
191530112015008,3
191530112031000,3
191530112031001,3
191530112031002,3
191530112031003,3
191530112031004,3
191530112031005,3
191530112031006,3
191530112031007,3
191530112031008,3
191530112031009,3
191530112031010,3
191530112031011,3
191530112031012,3
191530112031013,3
191530112031014,3
191530112031015,3
191530112031016,3
191530112031017,3
191530112031018,3
191530112031019,3
191530112031020,3
191530112032000,3
191530112032001,3
191530112032002,3
191530112032003,3
191530112032004,3
191530112032005,3
191530112032006,3
191530112032007,3
191530112032008,3
191530112032009,3
191530112032010,3
191530112032011,3
191530112032012,3
191530112032013,3
191530112032014,3
191530112032015,3
191530112033000,3
191530112033001,3
191530112033002,3
191530112033003,3
191530112033004,3
191530112033005,3
191530112033006,3
191530112033007,3
191530112033008,3
191530112033009,3
191530112033010,3
191530112033011,3
191530112033012,3
191530112033013,3
191530112033014,3
191530112033015,3
191530112033016,3
191530112033017,3
191530112033018,3
191530112033019,3
191530112033020,3
191530112033021,3
191530112051000,3
191530112051001,3
191530112051002,3
191530112051003,3
191530112051004,3
191530112051005,3
191530112051006,3
191530112051007,3
191530112051008,3
191530112051009,3
191530112051010,3
191530112051011,3
191530112051012,3
191530112051013,3
191530112051014,3
191530112051015,3
191530112051016,3
191530112051017,3
191530112052000,3
191530112052001,3
191530112052002,3
191530112052003,3
191530112052004,3
191530112052005,3
191530112052006,3
191530112052007,3
191530112052008,3
191530112052009,3
191530112052010,3
191530112052011,3
191530112052012,3
191530112052013,3
191530112052014,3
191530112052015,3
191530112052016,3
191530112052017,3
191530112052018,3
191530112052019,3
191530112052020,3
191530112061000,3
191530112061001,3
191530112061002,3
191530112061003,3
191530112061004,3
191530112061005,3
191530112061006,3
191530112061007,3
191530112061008,3
191530112061009,3
191530112061010,3
191530112061011,3
191530112061012,3
191530112061013,3
191530112061014,3
191530112061015,3
191530112061016,3
191530112061017,3
191530112061018,3
191530112061019,3
191530112061020,3
191530112061021,3
191530112061022,3
191530112061023,3
191530112061024,3
191530112061025,3
191530112061026,3
191530112061027,3
191530112061028,3
191530112061029,3
191530112061030,3
191530112061031,3
191530112061032,3
191530112062000,3
191530112062001,3
191530112062002,3
191530112062003,3
191530112062004,3
191530112062005,3
191530112062006,3
191530112062007,3
191530112062008,3
191530112062009,3
191530112062010,3
191530112062011,3
191530112062012,3
191530112062013,3
191530112062014,3
191530112062015,3
191530112062016,3
191530112062017,3
191530112062018,3
191530112062019,3
191530112062020,3
191530112062021,3
191530112062022,3
191530112062023,3
191530112062024,3
191530112062025,3
191530112062026,3
191530112062027,3
191530112062028,3
191530112062029,3
191530113011000,3
191530113011001,3
191530113011002,3
191530113011003,3
191530113011004,3
191530113011005,3
191530113011006,3
191530113011007,3
191530113011008,3
191530113011013,3
191530113011018,3
191530113011024,3
191530113011029,3
191530113021000,3
191530113021001,3
191530113021002,3
191530113021003,3
191530113021004,3
191530113021006,3
191530113021007,3
191530113021008,3
191530113021009,3
191530113021010,3
191530113021011,3
191530113021013,3
191530113021014,3
191530113021015,3
191530113021016,3
191530114052000,3
191530114052001,3
191530114052003,3
191530114052004,3
191530114052005,3
191530114052006,3
191530114052008,3
191530114052009,3
191530114052012,3
191530114052013,3
191530114052023,3
191530114052024,3
191530114053000,3
191530114053001,3
191530114053002,3
191530114053007,3
191530114053008,3
191530114053009,3
191530114053022,3
191530114053024,3
191530114053025,3
191530114053035,3
191530114061002,3
191530114061003,3
191530114061004,3
191530114061005,3
191530114061006,3
191530114061007,3
191530114061008,3
191530114061010,3
191530114061012,3
191530114061013,3
191530114061014,3
191530114061017,3
191530114061018,3
191530114061019,3
191530114061020,3
191530114061023,3
191530114061025,3
191530114061026,3
191530114061061,3
191530114061062,3
191530114061067,3
191530115002000,3
191530115002001,3
191530115002002,3
191530115002003,3
191530115002004,3
191530115002005,3
191530115002006,3
191530115002007,3
191530115002008,3
191530115002009,3
191530115002010,3
191530115002011,3
191530115002012,3
191530115002013,3
191530115002014,3
191530115002015,3
191530115002016,3
191530115002017,3
191530115002018,3
191530115002019,3
191530115002020,3
191530115002021,3
191530115002022,3
191530115002023,3
191530115002024,3
191530115002025,3
191530115002026,3
191530115002027,3
191530115002028,3
191530115002029,3
191530115002030,3
191530115002032,3
191530115002034,3
191530115002035,3
191530115002036,3
191530115002037,3
191530115002038,3
191530115002039,3
191530115002040,3
191530115002041,3
191530115002042,3
191530115002043,3
191530115002050,3
191530115002051,3
191530115002052,3
191530115002053,3
191530115002054,3
191530115002055,3
191530115002056,3
191530115002057,3
191530115002058,3
191530115002059,3
191530115002060,3
191530115002061,3
191530115003038,3
191530115003105,3
191530115003106,3
191530113011009,3
191530113011010,3
191530113011011,3
191530113011012,3
191530113011014,3
191530113011015,3
191530113011016,3
191530113011017,3
191530113011019,3
191530113011020,3
191530113011021,3
191530113011022,3
191530113011023,3
191530113011025,3
191530113011026,3
191530113011027,3
191530113011028,3
191530113011030,3
191530113011031,3
191530113011032,3
191530113011033,3
191530113011034,3
191530113011035,3
191530113011036,3
191530113011037,3
191530113011038,3
191530113011039,3
191530113011040,3
191530113011041,3
191530113011042,3
191530113011043,3
191530113011044,3
191530113011045,3
191530113011046,3
191530113011047,3
191530113011048,3
191530113021017,3
191530113021018,3
191530113021019,3
191530113021020,3
191530113021021,3
191530113021022,3
191530113021023,3
191530113021024,3
191530113021025,3
191530113021026,3
191530113021027,3
191530113021028,3
191530113021029,3
191530113021030,3
191530113021031,3
191530113021032,3
191530113021033,3
191530113021034,3
191530113021035,3
191530113021036,3
191530113021037,3
191530113021038,3
191530113021039,3
191530113021040,3
191530113021041,3
191530113021042,3
191530113021043,3
191530113021044,3
191530113021045,3
191530113021046,3
191530113021047,3
191530113021048,3
191530113021049,3
191530113021050,3
191530113021051,3
191530113021052,3
191530113021053,3
191530113021054,3
191530113021055,3
191530113021056,3
191530113021057,3
191530113021058,3
191530113021059,3
191530113031000,3
191530113031001,3
191530113031002,3
191530113031003,3
191530113031004,3
191530113031005,3
191530113031006,3
191530113031007,3
191530113031008,3
191530113031009,3
191530113031010,3
191530113031011,3
191530113031012,3
191530113031013,3
191530113031014,3
191530113031015,3
191530113031016,3
191530113031017,3
191530113031018,3
191530113031019,3
191530113031020,3
191530113031021,3
191530113031022,3
191530113031023,3
191530113031024,3
191530113031025,3
191530113031026,3
191530113031027,3
191530113031028,3
191530113031029,3
191530113031030,3
191530113031031,3
191530113031032,3
191530113031033,3
191530113031034,3
191530113031035,3
191530113031036,3
191530113031037,3
191530113031038,3
191530113031039,3
191530113031040,3
191530113031041,3
191530113031042,3
191530113031043,3
191530113032000,3
191530113032001,3
191530113032002,3
191530113032003,3
191530113032004,3
191530113032005,3
191530113032006,3
191530113032007,3
191530113032008,3
191530113032009,3
191530113032010,3
191530113032011,3
191530113032012,3
191530113032013,3
191530113032014,3
191530113032015,3
191530113032016,3
191530113032017,3
191530113032018,3
191530113032019,3
191530113032020,3
191530113032021,3
191530113032022,3
191530113032023,3
191530113032024,3
191530113032025,3
191530113032026,3
191530113032027,3
191530113032028,3
191530113032029,3
191530113032030,3
191530113032031,3
191530113032032,3
191530113032033,3
191530113032034,3
191530113032035,3
191530113032036,3
191530113032037,3
191530113032041,3
191530113032042,3
191530113032043,3
191530113032045,3
191530113032046,3
191530113033000,3
191530113033001,3
191530113033002,3
191530113033003,3
191530113033004,3
191530113033005,3
191530113033006,3
191530113033007,3
191530113033008,3
191530113033009,3
191530113033010,3
191530113033011,3
191530113033012,3
191530113033013,3
191530113033014,3
191530113033015,3
191530113033016,3
191530113033017,3
191530113033018,3
191530113033019,3
191530113033020,3
191530113033021,3
191530113033022,3
191530113033023,3
191530113033024,3
191530113033025,3
191530113033026,3
191530113033027,3
191530113033028,3
191530113033029,3
191530113033030,3
191530113033031,3
191530113033032,3
191530113033033,3
191530113033034,3
191530113033035,3
191530113033036,3
191530113033037,3
191530113033038,3
191530113033039,3
191530113041020,3
191530113041041,3
191530114051000,3
191530114051001,3
191530114051002,3
191530114051003,3
191530114051004,3
191530113021005,3
191530113021012,3
191530113051000,3
191530113051001,3
191530113051002,3
191530113051003,3
191530113052000,3
191530113052001,3
191530113052002,3
191530113052003,3
191530113052004,3
191530113052005,3
191530113052006,3
191530113052007,3
191530113052008,3
191530113052009,3
191530113052010,3
191530113052011,3
191530113052012,3
191530113052013,3
191530113052014,3
191530113052015,3
191530113052016,3
191530113052017,3
191530113052018,3
191530113052019,3
191530113052020,3
191530113052021,3
191530114052002,3
191530114052007,3
191530114052010,3
191530114052011,3
191530114052014,3
191530114052015,3
191530114052016,3
191530114052017,3
191530114052018,3
191530114052019,3
191530114052020,3
191530114052021,3
191530114052022,3
191530114052025,3
191530114052026,3
191530114052027,3
191530114052028,3
191530114052029,3
191530114052030,3
191530114052031,3
191530114053003,3
191530114053004,3
191530114053005,3
191530114053006,3
191530114053010,3
191530117031000,3
191530117031001,3
191530117031002,3
191530117031003,3
191530117031004,3
191530117031005,3
191530117031006,3
191530117031007,3
191530117031008,3
191530117031009,3
191530117031010,3
191530117031011,3
191530117031012,3
191530117031013,3
191530117031014,3
191530117031015,3
191530117031016,3
191530117031017,3
191530117031018,3
191530117031031,3
191530117031032,3
191530117031033,3
191530117031034,3
191530114053011,3
191530114053012,3
191530114053013,3
191530114053014,3
191530114053015,3
191530114053016,3
191530114053017,3
191530114053018,3
191530114053019,3
191530114053020,3
191530114053021,3
191530114053023,3
191530114053026,3
191530114053027,3
191530114053028,3
191530114053029,3
191530114053030,3
191530114053031,3
191530114053032,3
191530114053033,3
191530114053034,3
191530114053036,3
191530114053037,3
191530114053038,3
191530114061009,3
191530114061011,3
191530114061015,3
191530114061016,3
191530114061021,3
191530114061022,3
191530114061027,3
191530114061028,3
191530114061029,3
191530114061030,3
191530114061031,3
191530114061032,3
191530114061033,3
191530114061034,3
191530114061035,3
191530114061036,3
191530114061040,3
191530114061047,3
191530114061048,3
191530114061049,3
191530114061050,3
191530114061051,3
191530114061052,3
191530114061053,3
191530114061054,3
191530114061055,3
191530114061056,3
191530114061057,3
191530114061058,3
191530114061059,3
191530114061060,3
191530114061063,3
191530114061064,3
191530114061065,3
191530114061066,3
191530114061000,3
191530114061001,3
191530114061024,3
191530115001019,3
191530115001020,3
191530115001021,3
191530115001022,3
191530115001023,3
191530115001026,3
191530115001027,3
191530115001028,3
191530115001029,3
191530115001030,3
191530115001031,3
191530115001033,3
191530115001034,3
191530115001035,3
191530115001038,3
191530115001039,3
191530115001040,3
191530115001041,3
191530115001042,3
191530115001043,3
191530115001044,3
191530115001045,3
191530115001046,3
191530115001047,3
191530115001048,3
191530115001050,3
191530115001053,3
191530115001054,3
191530115001055,3
191530115001056,3
191530115001060,3
191530115001065,3
191530115001069,3
191530115001070,3
191530115003024,3
191530115003025,3
191530115003026,3
191530115003029,3
191530115003030,3
191530115003031,3
191530115003032,3
191530115003033,3
191530115003034,3
191530115003035,3
191530115003036,3
191530115003037,3
191530115003039,3
191530115003040,3
191530115003041,3
191530115003042,3
191530115003043,3
191530115003044,3
191530115003047,3
191530115003051,3
191530115003052,3
191530115003053,3
191530115003092,3
191530115003093,3
191530115003094,3
191530115003099,3
191530115003100,3
191530115003101,3
191530115003102,3
191530115003103,3
191530115003107,3
191530114063000,3
191530114063001,3
191530114063002,3
191530114063003,3
191530114063004,3
191530114063005,3
191530114063006,3
191530114063007,3
191530114063011,3
191530114063012,3
191530117021000,3
191530117021001,3
191530117021002,3
191530117021003,3
191530117021004,3
191530117021005,3
191530117021006,3
191530117021007,3
191530117021008,3
191530117021009,3
191530117021010,3
191530117021011,3
191530117023018,3
191530117023019,3
191530117023020,3
191530117023021,3
191530117023022,3
191530117023023,3
191530117023024,3
191530117023025,3
191530117023026,3
191530117023027,3
191530117023042,3
191530117023043,3
191530117023044,3
191530114063008,3
191530114063009,3
191530114063010,3
191530117032000,3
191530117032001,3
191530117032002,3
191530117032003,3
191530117032004,3
191530117032005,3
191530117032006,3
191530117032007,3
191530117032008,3
191530117032009,3
191530117032010,3
191530117032011,3
191530117032012,3
191530117032013,3
191530117032014,3
191530117033000,3
191530117033001,3
191530117033002,3
191530117033003,3
191530117033004,3
191530117033005,3
191530117033006,3
191530117033007,3
191530117033008,3
191530117033009,3
191530117033010,3
191530117033011,3
191530117033012,3
191530115001002,3
191530115001004,3
191530115001005,3
191530115001006,3
191530115001007,3
191530115001008,3
191530115001009,3
191530115001010,3
191530115001011,3
191530115001012,3
191530115001013,3
191530115001014,3
191530115001015,3
191530115001016,3
191530115001017,3
191530115001018,3
191530115001024,3
191530115001025,3
191530115001032,3
191530115001036,3
191530115001037,3
191530115003000,3
191530115003001,3
191530115003002,3
191530115003003,3
191530115003004,3
191530115003005,3
191530115003006,3
191530115003007,3
191530115003008,3
191530115003009,3
191530115003010,3
191530115003011,3
191530115003012,3
191530115003013,3
191530115003014,3
191530115003015,3
191530115003016,3
191530115003017,3
191530115003018,3
191530115003019,3
191530115003020,3
191530115003021,3
191530115003022,3
191530115003023,3
191530115003027,3
191530115003028,3
191530115003108,3
191530115002031,3
191530115002033,3
191530115002044,3
191530115002045,3
191530115002046,3
191530115002047,3
191530115002048,3
191530115002049,3
191530117031019,3
191530117031020,3
191530117031021,3
191530117031022,3
191530117031023,3
191530117031024,3
191530117031025,3
191530117031026,3
191530117031027,3
191530117031028,3
191530117031029,3
191530117031030,3
191530117041000,3
191530117041001,3
191530117041002,3
191530117041003,3
191530117041004,3
191530117041005,3
191530117041006,3
191530117041007,3
191530117041008,3
191530117041009,3
191530117041010,3
191530117041011,3
191530117041012,3
191530117041013,3
191530117041014,3
191530117041015,3
191530117041016,3
191530117041017,3
191530117041018,3
191530117041019,3
191530117041020,3
191530117042002,3
191530117042003,3
191530117042004,3
191530117042005,3
191530117042006,3
191530117042016,3
191530117042017,3
191550212001000,3
191550212001001,3
191550212001002,3
191550212001003,3
191550212001004,3
191550212001005,3
191550212001006,3
191550212001007,3
191550212001008,3
191550212001009,3
191550212001010,3
191550212001011,3
191550212001012,3
191550212001013,3
191550212001014,3
191550212001015,3
191550212001016,3
191550212001017,3
191550212001018,3
191550212001019,3
191550212001020,3
191550212001021,3
191550212001022,3
191550212001023,3
191550212002000,3
191550212002001,3
191550212002002,3
191550212002003,3
191550212002004,3
191550212002005,3
191550212002006,3
191550212002007,3
191550212002008,3
191550212002009,3
191550212002010,3
191550212002011,3
191550212002012,3
191550212002013,3
191550212002014,3
191550212002015,3
191550212002016,3
191550212002017,3
191550212002018,3
191550212002019,3
191550212002020,3
191550212002021,3
191550212002022,3
191550212003000,3
191550212003001,3
191550212003002,3
191550212003003,3
191550212003004,3
191550212003005,3
191550212003006,3
191550212003007,3
191550212003008,3
191550212003009,3
191550212003010,3
191550212003011,3
191550212003012,3
191550212003013,3
191550212003014,3
191550212003015,3
191550212003016,3
191550212003017,3
191550212003018,3
191550212003019,3
191550212003020,3
191550212003021,3
191550212003022,3
191550212003023,3
191550212003024,3
191550212003025,3
191550212003026,3
191550212003027,3
191550212003028,3
191550212003029,3
191550212003030,3
191550212004000,3
191550212004001,3
191550212004002,3
191550212004003,3
191550212004004,3
191550212004005,3
191550212004006,3
191550212004007,3
191550212004008,3
191550212004009,3
191550212004010,3
191550212004011,3
191550212004012,3
191550212004013,3
191550212004014,3
191550212004015,3
191550212004016,3
191550212004017,3
191550212004018,3
191550212004019,3
191550212004020,3
191550212004021,3
191550212004022,3
191550212004023,3
191550212004024,3
191550212004025,3
191550303004000,3
191550303004001,3
191550304012000,3
191550304012001,3
191550304012002,3
191550304012003,3
191550304012004,3
191550304012005,3
191550304012006,3
191550304012008,3
191550304012009,3
191550304013000,3
191550304013001,3
191550304013002,3
191550304013003,3
191550304013004,3
191550304013005,3
191550304013006,3
191550304013007,3
191550304013008,3
191550304013009,3
191550304013010,3
191550304013011,3
191550304013012,3
191550304013013,3
191550304013014,3
191550304013015,3
191550304013016,3
191550304013017,3
191550304013018,3
191550304013019,3
191550304013020,3
191550304013021,3
191550304013022,3
191550304013023,3
191550304013024,3
191550304013025,3
191550304013026,3
191550304013027,3
191550304014000,3
191550304014001,3
191550318003031,3
191550318003032,3
191550318003040,3
191550318003041,3
191550214001000,3
191550214001044,3
191550214001050,3
191550214001051,3
191550214001054,3
191550214001062,3
191550214001066,3
191550214001067,3
191550214001068,3
191550214001069,3
191550214001074,3
191550214002000,3
191550214002001,3
191550214002002,3
191550214002003,3
191550214002004,3
191550214002005,3
191550214002006,3
191550214002007,3
191550214002008,3
191550214002009,3
191550214002010,3
191550214002011,3
191550214002012,3
191550214002013,3
191550214002014,3
191550214002015,3
191550214002016,3
191550214002017,3
191550214002018,3
191550214002019,3
191550214002020,3
191550214002021,3
191550214002022,3
191550214002023,3
191550214002024,3
191550214002025,3
191550214002026,3
191550214002027,3
191550214002028,3
191550214002029,3
191550214002030,3
191550214002031,3
191550214002032,3
191550214002033,3
191550214002034,3
191550214002035,3
191550214002036,3
191550214002037,3
191550214002038,3
191550214002039,3
191550214002040,3
191550214002041,3
191550214002042,3
191550214002043,3
191550214002044,3
191550214002045,3
191550214002046,3
191550214002047,3
191550214002055,3
191550214002056,3
191550214002060,3
191550214002061,3
191550214002062,3
191550214002081,3
191550214002082,3
191550214002091,3
191550215011009,3
191550215011010,3
191550215011011,3
191550215011028,3
191550215011029,3
191550215011030,3
191550215011031,3
191550215011042,3
191550215011043,3
191550215011159,3
191550215011160,3
191550215011161,3
191550215011162,3
191550215011163,3
191550214001001,3
191550214001002,3
191550214001003,3
191550214001004,3
191550214001005,3
191550214001006,3
191550214001007,3
191550214001008,3
191550214001009,3
191550214001010,3
191550214001011,3
191550214001012,3
191550214001013,3
191550214001014,3
191550214001015,3
191550214001016,3
191550214001017,3
191550214001018,3
191550214001019,3
191550214001020,3
191550214001021,3
191550214001022,3
191550214001023,3
191550214001024,3
191550214001025,3
191550214001026,3
191550214001027,3
191550214001028,3
191550214001029,3
191550214001030,3
191550214001031,3
191550214001032,3
191550214001033,3
191550214001034,3
191550214001035,3
191550214001036,3
191550214001037,3
191550214001038,3
191550214001039,3
191550214001040,3
191550214001041,3
191550214001042,3
191550214001043,3
191550214001045,3
191550214001046,3
191550214001047,3
191550214001048,3
191550214001049,3
191550214001052,3
191550214001053,3
191550214001055,3
191550214001056,3
191550214001057,3
191550214001058,3
191550214001059,3
191550214001060,3
191550214001061,3
191550214001063,3
191550214001064,3
191550214001065,3
191550214001070,3
191550214003000,3
191550214003001,3
191550214003002,3
191550214003062,3
191550214003071,3
191550214001071,3
191550214002072,3
191550214003003,3
191550214003004,3
191550214003005,3
191550214003006,3
191550214003007,3
191550214003008,3
191550214003009,3
191550214003012,3
191550214003013,3
191550214003014,3
191550214003015,3
191550214003016,3
191550214003017,3
191550214003018,3
191550214003019,3
191550214003020,3
191550214003021,3
191550214003022,3
191550214003024,3
191550214003025,3
191550214003026,3
191550214003027,3
191550214003028,3
191550214003029,3
191550214003030,3
191550214003031,3
191550214003032,3
191550214003033,3
191550214003034,3
191550214003035,3
191550214003036,3
191550214003037,3
191550214003044,3
191550214003045,3
191550214003050,3
191550214003051,3
191550214003052,3
191550214003053,3
191550214003054,3
191550214003055,3
191550214003056,3
191550214003057,3
191550214003058,3
191550214003059,3
191550214003060,3
191550214003061,3
191550214003063,3
191550214003064,3
191550214003065,3
191550214003066,3
191550214003072,3
191550318003000,3
191550318003001,3
191550318003002,3
191550318003003,3
191550318003004,3
191550318003005,3
191550318003006,3
191550318003007,3
191550318003008,3
191550318003015,3
191550318003016,3
191550318003021,3
191550318003022,3
191550318003034,3
191550214001072,3
191550214001073,3
191550214002048,3
191550214002049,3
191550214002050,3
191550214002051,3
191550214002052,3
191550214002053,3
191550214002054,3
191550214002057,3
191550214002058,3
191550214002059,3
191550214002063,3
191550214002064,3
191550214002065,3
191550214002066,3
191550214002067,3
191550214002068,3
191550214002069,3
191550214002070,3
191550214002071,3
191550214002073,3
191550214002074,3
191550214002075,3
191550214002076,3
191550214002077,3
191550214002078,3
191550214002079,3
191550214002080,3
191550214002083,3
191550214002084,3
191550214002085,3
191550214002086,3
191550214002087,3
191550214002088,3
191550214002089,3
191550214002090,3
191550214003010,3
191550214003011,3
191550214003023,3
191550214003038,3
191550214003039,3
191550214003040,3
191550214003041,3
191550214003042,3
191550214003043,3
191550214003046,3
191550214003047,3
191550214003048,3
191550214003049,3
191550216032036,3
191550216032037,3
191550216032038,3
191550216032041,3
191550216032042,3
191550216032043,3
191550216032052,3
191550216032053,3
191550317004000,3
191550317004001,3
191550317004002,3
191550317004003,3
191550317004004,3
191550317004005,3
191550318002000,3
191550318002001,3
191550318002002,3
191550318002003,3
191550318002004,3
191550318002015,3
191550318002016,3
191550318002021,3
191550214003067,3
191550214003068,3
191550214003069,3
191550214003070,3
191550301003000,3
191550301004003,3
191550318002006,3
191550318002007,3
191550318002008,3
191550318002037,3
191550318002038,3
191550318002039,3
191550318002040,3
191550318003009,3
191550318003010,3
191550318003011,3
191550318003012,3
191550318003013,3
191550318003014,3
191550318003018,3
191550318003019,3
191550318003020,3
191550318003027,3
191550318003028,3
191550318003029,3
191550318003033,3
191550215011000,3
191550215011001,3
191550215011002,3
191550215011013,3
191550215011014,3
191550215011015,3
191550215011019,3
191550215011020,3
191550215011021,3
191550215011050,3
191550215011051,3
191550215011052,3
191550215011053,3
191550215011054,3
191550215011055,3
191550215011056,3
191550215011057,3
191550215011129,3
191550215011130,3
191550215011134,3
191550215011135,3
191550215011136,3
191550215011142,3
191550215011143,3
191550215012004,3
191550215012005,3
191550215012006,3
191550215012007,3
191550215012008,3
191550215012009,3
191550215012013,3
191550215012014,3
191550215012015,3
191550215012016,3
191550215012020,3
191550215012022,3
191550215012023,3
191550215012024,3
191550215012025,3
191550215012026,3
191550215012027,3
191550215012028,3
191550215012029,3
191550215012030,3
191550215012031,3
191550215012032,3
191550215012033,3
191550215012034,3
191550215012035,3
191550215012036,3
191550215012037,3
191550215012038,3
191550215012039,3
191550215012040,3
191550215012041,3
191550215012042,3
191550215012043,3
191550215012044,3
191550215012045,3
191550215012046,3
191550215012047,3
191550215012048,3
191550215012049,3
191550215012050,3
191550215012051,3
191550215012052,3
191550215012053,3
191550215012054,3
191550215012055,3
191550215012056,3
191550215012057,3
191550215012061,3
191550215012062,3
191550215012063,3
191550215012067,3
191550215012068,3
191550215012069,3
191550215012070,3
191550215012071,3
191550215012072,3
191550215012078,3
191550215012079,3
191550215012080,3
191550215012081,3
191550215012082,3
191550215012083,3
191550215012084,3
191550215012085,3
191550215012086,3
191550215012087,3
191550215012088,3
191550215012089,3
191550215012090,3
191550215012091,3
191550215012092,3
191550215012093,3
191550215012094,3
191550215012095,3
191550215012096,3
191550215012097,3
191550215012098,3
191550215012099,3
191550215012100,3
191550215012101,3
191550215012102,3
191550215012103,3
191550215012104,3
191550215012105,3
191550215012107,3
191550215012108,3
191550215011003,3
191550215011004,3
191550215011005,3
191550215011006,3
191550215011007,3
191550215011008,3
191550215011012,3
191550215011016,3
191550215011017,3
191550215011018,3
191550215011022,3
191550215011023,3
191550215011024,3
191550215011025,3
191550215011026,3
191550215011027,3
191550215011032,3
191550215011033,3
191550215011034,3
191550215011035,3
191550215011036,3
191550215011037,3
191550215011038,3
191550215011039,3
191550215011040,3
191550215011041,3
191550215011044,3
191550215011045,3
191550215011046,3
191550215011047,3
191550215011048,3
191550215011049,3
191550215011061,3
191550215011062,3
191550215011063,3
191550215011064,3
191550215011065,3
191550215011066,3
191550215011067,3
191550215011068,3
191550215011069,3
191550215011070,3
191550215011071,3
191550215011072,3
191550215011080,3
191550215011081,3
191550215011138,3
191550215011139,3
191550215011140,3
191550215011144,3
191550215011145,3
191550215011146,3
191550215011147,3
191550215011149,3
191550215011152,3
191550215011153,3
191550215011154,3
191550215011155,3
191550215011156,3
191550215011157,3
191550215011164,3
191550215011165,3
191550215011166,3
191550215011167,3
191550215011168,3
191550215011169,3
191550215011170,3
191550215011171,3
191550215012073,3
191550215012075,3
191550215012076,3
191550215012077,3
191550216031040,3
191550216031041,3
191550216031042,3
191550216031043,3
191550216031044,3
191550216031045,3
191550216031046,3
191550216031047,3
191550216031053,3
191550216031062,3
191550216031068,3
191550216031069,3
191550215011058,3
191550215011059,3
191550215011060,3
191550215011073,3
191550215011074,3
191550215011075,3
191550215011076,3
191550215011077,3
191550215011078,3
191550215011079,3
191550215011082,3
191550215011083,3
191550215011084,3
191550215011085,3
191550215011086,3
191550215011087,3
191550215011088,3
191550215011089,3
191550215011090,3
191550215011091,3
191550215011092,3
191550215011093,3
191550215011094,3
191550215011095,3
191550215011096,3
191550215011097,3
191550215011098,3
191550215011099,3
191550215011100,3
191550215011101,3
191550215011102,3
191550215011103,3
191550215011104,3
191550215011105,3
191550215011106,3
191550215011107,3
191550215011108,3
191550215011109,3
191550215011110,3
191550215011111,3
191550215011112,3
191550215011113,3
191550215011114,3
191550215011115,3
191550215011116,3
191550215011117,3
191550215011118,3
191550215011119,3
191550215011120,3
191550215011121,3
191550215011122,3
191550215011123,3
191550215011124,3
191550215011125,3
191550215011126,3
191550215011127,3
191550215011128,3
191550215011131,3
191550215011132,3
191550215011133,3
191550215011137,3
191550215011141,3
191550215011148,3
191550215011150,3
191550215011151,3
191550215011158,3
191550215012000,3
191550215012010,3
191550215021007,3
191550215021008,3
191550215021019,3
191550215021020,3
191550215012001,3
191550215012002,3
191550215012003,3
191550215012011,3
191550215012012,3
191550215012017,3
191550215012018,3
191550215012019,3
191550215012021,3
191550215012058,3
191550215012059,3
191550215012060,3
191550215012064,3
191550215012065,3
191550215012066,3
191550215012106,3
191550215021004,3
191550215021005,3
191550215021006,3
191550215021009,3
191550215021016,3
191550215021017,3
191550215021018,3
191550215021022,3
191550215021023,3
191550215021024,3
191550215021025,3
191550215021026,3
191550215021027,3
191550215021122,3
191550215021123,3
191550215021124,3
191550215021125,3
191550215021126,3
191550215021127,3
191550215021128,3
191550215021129,3
191550215021130,3
191550215021131,3
191550215021132,3
191550215021133,3
191550215012074,3
191550216031009,3
191550216031037,3
191550216031038,3
191550216031039,3
191550216031048,3
191550216031049,3
191550216031050,3
191550216031051,3
191550216031052,3
191550216031054,3
191550216031055,3
191550216031056,3
191550216031057,3
191550216031058,3
191550216031059,3
191550216031060,3
191550216031061,3
191550216031063,3
191550216031064,3
191550216031065,3
191550216031066,3
191550216031067,3
191550216031070,3
191550216031071,3
191550216031072,3
191550216031073,3
191550216031074,3
191550216031075,3
191550216031076,3
191550216031077,3
191550216031078,3
191550216031079,3
191550216031080,3
191550216031081,3
191550216031082,3
191550216031083,3
191550216031084,3
191550216031085,3
191550216031086,3
191550216031087,3
191550216031088,3
191550216031089,3
191550216031090,3
191550216031091,3
191550216031092,3
191550216031093,3
191550216031094,3
191550216031095,3
191550216031096,3
191550216031097,3
191550216031098,3
191550216031099,3
191550216031100,3
191550216031101,3
191550216031102,3
191550216031103,3
191550216031104,3
191550216031105,3
191550216031106,3
191550216031107,3
191550216031108,3
191550216031109,3
191550216031110,3
191550216031111,3
191550216031112,3
191550216031113,3
191550216031114,3
191550216031115,3
191550216031119,3
191550216031120,3
191550216031121,3
191550216032016,3
191550216032017,3
191550216032018,3
191550216032019,3
191550216032020,3
191550216032021,3
191550216032022,3
191550216032023,3
191550216032024,3
191550216032025,3
191550216032026,3
191550216032027,3
191550216032028,3
191550216032029,3
191550216032030,3
191550216032031,3
191550216032032,3
191550216032033,3
191550216032034,3
191550216032035,3
191550216032039,3
191550216032040,3
191550216032044,3
191550216032045,3
191550216032046,3
191550216032047,3
191550216032048,3
191550216032049,3
191550216032050,3
191550216032059,3
191550216032062,3
191550216032063,3
191550216032064,3
191550216032065,3
191550216032071,3
191550216032072,3
191550216032073,3
191550216032078,3
191550216032079,3
191550216032175,3
191550215021000,3
191550215021031,3
191550215021032,3
191550215021033,3
191550215021034,3
191550215021035,3
191550215021036,3
191550215021037,3
191550215021038,3
191550215021039,3
191550215021044,3
191550215021046,3
191550215021047,3
191550215021048,3
191550215021049,3
191550215021050,3
191550215021051,3
191550215021052,3
191550215021054,3
191550215021055,3
191550215021056,3
191550215021057,3
191550215021058,3
191550215021059,3
191550215021060,3
191550215021061,3
191550215021062,3
191550215021063,3
191550215021064,3
191550215021065,3
191550215021066,3
191550215021067,3
191550215021068,3
191550215021069,3
191550215021070,3
191550215021071,3
191550215021072,3
191550215021073,3
191550215021074,3
191550215021075,3
191550215021076,3
191550215021077,3
191550215021078,3
191550215021079,3
191550215021080,3
191550215021081,3
191550215021082,3
191550215021083,3
191550215021084,3
191550215021085,3
191550215021086,3
191550215021087,3
191550215021088,3
191550215021089,3
191550215021090,3
191550215021091,3
191550215021092,3
191550215021093,3
191550215021094,3
191550215021095,3
191550215021096,3
191550215021097,3
191550215021098,3
191550215021099,3
191550215021101,3
191550215021102,3
191550215021103,3
191550215021104,3
191550215021105,3
191550215021106,3
191550215021107,3
191550215021108,3
191550215021109,3
191550215021110,3
191550215021111,3
191550215021112,3
191550215021113,3
191550215021114,3
191550215021115,3
191550215021116,3
191550215021117,3
191550215021134,3
191550215022002,3
191550215022003,3
191550215022004,3
191550215022007,3
191550215022008,3
191550215022009,3
191550215022010,3
191550215022011,3
191550215022015,3
191550215022016,3
191550215022017,3
191550215022018,3
191550215022020,3
191550215022023,3
191550215022024,3
191550215022025,3
191550215022026,3
191550215022027,3
191550215022028,3
191550215022029,3
191550215022030,3
191550215022031,3
191550215022032,3
191550215022033,3
191550215022034,3
191550215022035,3
191550215022036,3
191550215022037,3
191550215022038,3
191550215022039,3
191550215022040,3
191550215022041,3
191550215022042,3
191550215022043,3
191550215022044,3
191550215022045,3
191550215022046,3
191550215022047,3
191550215022048,3
191550215022049,3
191550215022054,3
191550215021001,3
191550215021002,3
191550215021003,3
191550215021010,3
191550215021011,3
191550215021012,3
191550215021013,3
191550215021014,3
191550215021015,3
191550215021021,3
191550215021028,3
191550215021029,3
191550215021030,3
191550215021040,3
191550215021041,3
191550215021042,3
191550215021043,3
191550215021045,3
191550215021053,3
191550215021100,3
191550215021118,3
191550215021119,3
191550215021120,3
191550215021121,3
191550215022000,3
191550215022001,3
191550215022005,3
191550215022006,3
191550215022012,3
191550215022013,3
191550215022014,3
191550215022019,3
191550215022021,3
191550215022022,3
191550215022050,3
191550215022051,3
191550215022052,3
191550215022053,3
191550215022055,3
191550215022056,3
191550215022057,3
191550215022058,3
191550215022059,3
191550215022060,3
191550215022062,3
191550215022063,3
191550215023009,3
191550215023010,3
191550215023048,3
191550215023049,3
191550215023050,3
191550215023072,3
191550215023073,3
191550215023074,3
191550215023075,3
191550215023081,3
191550217012064,3
191550217012065,3
191550217012066,3
191550217012067,3
191550217012068,3
191550215022061,3
191550215022064,3
191550217011031,3
191550217011032,3
191550217011033,3
191550217011034,3
191550217011035,3
191550217011036,3
191550217011042,3
191550217011043,3
191550217011044,3
191550217011045,3
191550217011046,3
191550217011054,3
191550217012007,3
191550217012013,3
191550217012014,3
191550217012015,3
191550217012016,3
191550217012017,3
191550217012018,3
191550217012019,3
191550217012041,3
191550217012042,3
191550217012043,3
191550217012044,3
191550217012049,3
191550217012050,3
191550217012051,3
191550217012052,3
191550217012053,3
191550217012054,3
191550217012055,3
191550217012056,3
191550217012057,3
191550217012058,3
191550217012059,3
191550217012060,3
191550217012061,3
191550217012062,3
191550217012063,3
191550217012069,3
191550217012070,3
191550217012071,3
191550217012072,3
191550217012073,3
191550217012074,3
191550217012075,3
191550217012076,3
191550217012077,3
191550217012078,3
191550217012079,3
191550217012080,3
191550217012081,3
191550217012082,3
191550217012083,3
191550217012084,3
191550217012085,3
191550217012086,3
191550217012087,3
191550217012088,3
191550217012089,3
191550217012090,3
191550217012091,3
191550217012092,3
191550217012093,3
191550217012094,3
191550217012095,3
191550217012096,3
191550217012097,3
191550217012098,3
191550217012099,3
191550217012100,3
191550217012101,3
191550217012102,3
191550217012103,3
191550217012104,3
191550217012105,3
191550217012132,3
191550217012133,3
191550217012134,3
191550217012136,3
191550217012137,3
191550217012138,3
191550217012139,3
191550217012140,3
191550217012141,3
191550217012145,3
191550217012146,3
191550217012147,3
191550215023000,3
191550215023001,3
191550215023002,3
191550215023003,3
191550215023006,3
191550215023007,3
191550215023008,3
191550215023011,3
191550215023014,3
191550215023015,3
191550215023016,3
191550215023017,3
191550215023018,3
191550215023019,3
191550215023020,3
191550215023028,3
191550215023029,3
191550215023030,3
191550215023032,3
191550215023033,3
191550215023034,3
191550215023035,3
191550215023036,3
191550215023037,3
191550215023039,3
191550215023040,3
191550215023041,3
191550215023042,3
191550215023043,3
191550215023044,3
191550215023045,3
191550215023046,3
191550215023047,3
191550215023051,3
191550215023052,3
191550215023053,3
191550215023054,3
191550215023055,3
191550215023056,3
191550215023057,3
191550215023058,3
191550215023059,3
191550215023060,3
191550215023061,3
191550215023062,3
191550215023063,3
191550215023064,3
191550215023065,3
191550215023066,3
191550215023067,3
191550215023068,3
191550215023069,3
191550215023070,3
191550215023071,3
191550215023076,3
191550215023077,3
191550215023078,3
191550215023079,3
191550215023088,3
191550215023089,3
191550215023090,3
191550215023004,3
191550215023005,3
191550215023012,3
191550215023013,3
191550215023021,3
191550215023022,3
191550215023023,3
191550215023024,3
191550215023025,3
191550215023026,3
191550215023027,3
191550215023031,3
191550215023038,3
191550215023080,3
191550215023082,3
191550215023083,3
191550215023084,3
191550215023085,3
191550215023086,3
191550215023087,3
191550215023091,3
191550215023092,3
191550215023093,3
191550215023094,3
191550215023095,3
191550215023096,3
191550215023097,3
191550215023098,3
191550215023099,3
191550215023100,3
191550215023101,3
191550215023102,3
191550215023103,3
191550215023104,3
191550215023105,3
191550215023106,3
191550215023107,3
191550215023108,3
191550215023109,3
191550215023110,3
191550215023111,3
191550215023112,3
191550215023113,3
191550215023114,3
191550215023115,3
191550215023116,3
191550215023117,3
191550215023118,3
191550215023119,3
191550215023120,3
191550215023121,3
191550215023122,3
191550215023123,3
191550215023124,3
191550215023125,3
191550215023126,3
191550215023127,3
191550215023128,3
191550215023129,3
191550215023134,3
191550215023130,3
191550215023131,3
191550215023132,3
191550215023133,3
191550217012000,3
191550217012001,3
191550217012002,3
191550217012003,3
191550217012004,3
191550217012005,3
191550217012006,3
191550217012008,3
191550217012009,3
191550217012010,3
191550217012011,3
191550217012012,3
191550217012020,3
191550217012021,3
191550217012022,3
191550217012023,3
191550217012024,3
191550217012025,3
191550217012026,3
191550217012027,3
191550217012028,3
191550217012029,3
191550217012030,3
191550217012031,3
191550217012032,3
191550217012033,3
191550217012034,3
191550217012035,3
191550217012036,3
191550217012037,3
191550217012038,3
191550217012039,3
191550217012040,3
191550217012045,3
191550217012046,3
191550217012047,3
191550217012048,3
191550217012106,3
191550217012107,3
191550217012108,3
191550217012109,3
191550217012110,3
191550217012111,3
191550217012112,3
191550217012113,3
191550217012114,3
191550217012115,3
191550217012116,3
191550217012117,3
191550217012118,3
191550217012119,3
191550217012120,3
191550217012121,3
191550217012150,3
191550216021000,3
191550216021001,3
191550216021002,3
191550216021003,3
191550216021004,3
191550216021005,3
191550216021006,3
191550216021007,3
191550216021008,3
191550216021009,3
191550216021010,3
191550216021011,3
191550216021012,3
191550216021013,3
191550216021014,3
191550216021015,3
191550216021016,3
191550216021017,3
191550216021018,3
191550216021019,3
191550216021020,3
191550216021021,3
191550216021022,3
191550216021026,3
191550216021027,3
191550216021122,3
191550216022000,3
191550216022001,3
191550216022002,3
191550216022003,3
191550216022009,3
191550216022010,3
191550216032099,3
191550216032100,3
191550216032101,3
191550216032102,3
191550216032103,3
191550216032104,3
191550216032105,3
191550216032106,3
191550216032107,3
191550216032110,3
191550216032111,3
191550216032112,3
191550216032113,3
191550216032114,3
191550216032115,3
191550216032116,3
191550216032129,3
191550216032130,3
191550216032131,3
191550216032132,3
191550216032133,3
191550216032134,3
191550216032135,3
191550216032136,3
191550216032148,3
191550216032151,3
191550216032152,3
191550216032153,3
191550216032154,3
191550216032155,3
191550216032156,3
191550216032157,3
191550216032158,3
191550216032159,3
191550216032160,3
191550216021023,3
191550216021024,3
191550216021025,3
191550216021028,3
191550216021029,3
191550216021030,3
191550216021031,3
191550216021032,3
191550216021033,3
191550216021034,3
191550216021035,3
191550216021036,3
191550216021037,3
191550216021038,3
191550216021039,3
191550216021040,3
191550216021043,3
191550216021044,3
191550216021045,3
191550216021046,3
191550216021047,3
191550216021048,3
191550216021049,3
191550216021050,3
191550216021051,3
191550216021052,3
191550216021054,3
191550216021055,3
191550216022006,3
191550216022007,3
191550216022008,3
191550216022011,3
191550216022012,3
191550216022030,3
191550216022031,3
191550216022032,3
191550216022035,3
191550216022036,3
191550216022037,3
191550216022038,3
191550216022042,3
191550216022043,3
191550216022044,3
191550216022045,3
191550216022046,3
191550216022047,3
191550216021041,3
191550216021042,3
191550216021053,3
191550217023017,3
191550217023018,3
191550217023019,3
191550217023020,3
191550217023021,3
191550217023022,3
191550217023023,3
191550217023025,3
191550217023026,3
191550217023027,3
191550217023028,3
191550217023029,3
191550217023030,3
191550217023031,3
191550217023032,3
191550217023033,3
191550217023034,3
191550217023035,3
191550217023036,3
191550217023037,3
191550217023038,3
191550217023039,3
191550217023040,3
191550217023041,3
191550217023042,3
191550217023043,3
191550217023044,3
191550217023045,3
191550217023046,3
191550217023047,3
191550217023058,3
191550217023059,3
191550217023060,3
191550217023061,3
191550217023062,3
191550217023071,3
191550217023072,3
191550217023073,3
191550217023074,3
191550216021056,3
191550216021057,3
191550216021058,3
191550216021059,3
191550216021060,3
191550216021061,3
191550216021062,3
191550216021063,3
191550216021064,3
191550216021065,3
191550216021066,3
191550216021067,3
191550216021068,3
191550216021069,3
191550216021070,3
191550216021071,3
191550216021072,3
191550216021073,3
191550216021076,3
191550216021077,3
191550216021078,3
191550216021079,3
191550216021080,3
191550216021081,3
191550216021082,3
191550216021083,3
191550216021084,3
191550216021085,3
191550216021086,3
191550216021087,3
191550216021088,3
191550216021089,3
191550216021090,3
191550216021095,3
191550216022004,3
191550216032054,3
191550216032055,3
191550216032057,3
191550216032080,3
191550216032081,3
191550216032082,3
191550216032083,3
191550216032108,3
191550216032109,3
191550216032117,3
191550216032118,3
191550216032119,3
191550216032120,3
191550216032121,3
191550216032122,3
191550216032123,3
191550216032124,3
191550216032125,3
191550216032126,3
191550216032127,3
191550216032128,3
191550216032137,3
191550216032138,3
191550216032139,3
191550216032140,3
191550216032141,3
191550216032142,3
191550216032143,3
191550216032144,3
191550216032145,3
191550216032146,3
191550216032147,3
191550317004016,3
191550317004017,3
191550317004025,3
191550317004026,3
191550317004030,3
191550317004031,3
191550216021074,3
191550216021075,3
191550216021119,3
191550216021120,3
191550216032165,3
191550301003002,3
191550316011018,3
191550316011019,3
191550316011020,3
191550316011021,3
191550316012000,3
191550316012004,3
191550316012005,3
191550316012006,3
191550316013000,3
191550316013001,3
191550316013002,3
191550316013004,3
191550316013005,3
191550316013009,3
191550317004006,3
191550317004007,3
191550317004008,3
191550317004009,3
191550317004010,3
191550317004011,3
191550317004012,3
191550317004013,3
191550317004014,3
191550317004015,3
191550317004018,3
191550317004019,3
191550317004020,3
191550317004021,3
191550317004022,3
191550317004023,3
191550317004024,3
191550317004027,3
191550317004028,3
191550317004029,3
191550317004032,3
191550317004033,3
191550317004034,3
191550317004035,3
191550317004036,3
191550317004038,3
191550317004039,3
191550317004040,3
191550317004041,3
191550317004042,3
191550317004043,3
191550317004044,3
191550317004045,3
191550317004046,3
191550317004047,3
191550317004049,3
191550317004050,3
191550317004051,3
191550317004052,3
191550317004053,3
191550317004054,3
191550317004058,3
191550317004062,3
191550317004065,3
191550317004066,3
191550317004067,3
191550318001000,3
191550318002005,3
191550318002009,3
191550318002010,3
191550318002011,3
191550318002012,3
191550318002013,3
191550318002014,3
191550318002017,3
191550318002018,3
191550318002019,3
191550318002020,3
191550318002022,3
191550318002023,3
191550318002024,3
191550318002025,3
191550318002026,3
191550318002027,3
191550318002028,3
191550318002031,3
191550318002032,3
191550318002033,3
191550318002034,3
191550318002035,3
191550318002041,3
191550216021091,3
191550216021092,3
191550216021093,3
191550216021094,3
191550216021096,3
191550216021097,3
191550216021098,3
191550216021099,3
191550216021100,3
191550216021101,3
191550216021102,3
191550216021103,3
191550216021104,3
191550216021105,3
191550216021106,3
191550216021107,3
191550216021108,3
191550216021109,3
191550216021110,3
191550216021111,3
191550216021112,3
191550216021113,3
191550216021114,3
191550216021115,3
191550216021116,3
191550216021117,3
191550216021121,3
191550216021123,3
191550216021124,3
191550216022005,3
191550216022017,3
191550216022020,3
191550216022026,3
191550216022027,3
191550216022033,3
191550216022034,3
191550216022039,3
191550216022040,3
191550216022041,3
191550216021118,3
191550316011016,3
191550316011026,3
191550316011027,3
191550316011031,3
191550316011042,3
191550316011044,3
191550316012024,3
191550316012025,3
191550316012026,3
191550316013010,3
191550316013011,3
191550316013012,3
191550316013013,3
191550316013014,3
191550316021000,3
191550316021001,3
191550316021002,3
191550316021003,3
191550316021004,3
191550316021005,3
191550316021006,3
191550316021007,3
191550316021008,3
191550316021009,3
191550316021010,3
191550316021011,3
191550316021020,3
191550316021026,3
191550316021027,3
191550316021028,3
191550316021029,3
191550316021030,3
191550316021031,3
191550316022000,3
191550316022001,3
191550316022002,3
191550316022004,3
191550316022005,3
191550316022013,3
191550316022014,3
191550316022015,3
191550319004000,3
191550319004001,3
191550319004002,3
191550319004003,3
191550216022013,3
191550216022014,3
191550216022015,3
191550216022016,3
191550216022018,3
191550216022019,3
191550216022021,3
191550216022022,3
191550216022023,3
191550216022024,3
191550216022025,3
191550216022028,3
191550216022029,3
191550216022048,3
191550216022049,3
191550216022050,3
191550216022051,3
191550216031000,3
191550216031034,3
191550216031035,3
191550216032000,3
191550216032001,3
191550216032093,3
191550216032094,3
191550216032095,3
191550216032149,3
191550217011000,3
191550217011001,3
191550217011002,3
191550217011003,3
191550217011004,3
191550217011005,3
191550217011006,3
191550217011007,3
191550217011008,3
191550217011009,3
191550217011010,3
191550217011011,3
191550217011012,3
191550217011013,3
191550217011014,3
191550217011015,3
191550217011016,3
191550217011017,3
191550217011018,3
191550217011019,3
191550217011020,3
191550217011021,3
191550217011022,3
191550217011023,3
191550217011024,3
191550217011025,3
191550217011026,3
191550217011027,3
191550217011028,3
191550217011029,3
191550217011030,3
191550217011037,3
191550217011038,3
191550217011039,3
191550217011040,3
191550217011041,3
191550217011047,3
191550217011048,3
191550217011049,3
191550217011050,3
191550217011051,3
191550217011052,3
191550217011053,3
191550217011055,3
191550217011056,3
191550217011057,3
191550217011058,3
191550217011059,3
191550217011060,3
191550217011061,3
191550217011062,3
191550217011063,3
191550217011064,3
191550217011065,3
191550217011066,3
191550217011077,3
191550217011093,3
191550217011094,3
191550217011100,3
191550217011101,3
191550216031001,3
191550216031002,3
191550216031003,3
191550216031004,3
191550216031005,3
191550216031006,3
191550216031007,3
191550216031008,3
191550216031010,3
191550216031011,3
191550216031012,3
191550216031013,3
191550216031014,3
191550216031015,3
191550216031016,3
191550216031017,3
191550216031018,3
191550216031019,3
191550216031020,3
191550216031021,3
191550216031022,3
191550216031023,3
191550216031024,3
191550216031025,3
191550216031026,3
191550216031027,3
191550216031028,3
191550216031029,3
191550216031030,3
191550216031031,3
191550216031032,3
191550216031033,3
191550216031036,3
191550216031116,3
191550216031117,3
191550216031118,3
191550216032002,3
191550216032003,3
191550216032004,3
191550216032005,3
191550216032006,3
191550216032007,3
191550216032008,3
191550216032009,3
191550216032010,3
191550216032011,3
191550216032012,3
191550216032013,3
191550216032014,3
191550216032015,3
191550216032066,3
191550216032067,3
191550216032068,3
191550216032069,3
191550216032070,3
191550216032074,3
191550216032075,3
191550216032076,3
191550216032077,3
191550216032086,3
191550216032087,3
191550216032088,3
191550216032089,3
191550216032090,3
191550216032091,3
191550216032092,3
191550216032096,3
191550216032097,3
191550216032098,3
191550216032150,3
191550216032051,3
191550216032056,3
191550216032058,3
191550216032060,3
191550216032061,3
191550216032084,3
191550216032085,3
191550216032161,3
191550216032162,3
191550216032163,3
191550216032164,3
191550216032166,3
191550216032167,3
191550216032168,3
191550216032169,3
191550216032170,3
191550216032171,3
191550216032172,3
191550216032173,3
191550216032176,3
191550216032174,3
191550217011067,3
191550217011068,3
191550217011069,3
191550217011071,3
191550217011072,3
191550217011073,3
191550217011074,3
191550217011078,3
191550217011079,3
191550217011089,3
191550217011090,3
191550217011091,3
191550217011092,3
191550217011095,3
191550217011096,3
191550217011097,3
191550217011098,3
191550217011099,3
191550217011102,3
191550217011103,3
191550217011104,3
191550217011105,3
191550217011107,3
191550217011112,3
191550217011113,3
191550217011114,3
191550217011115,3
191550217011116,3
191550217011118,3
191550217021000,3
191550217021001,3
191550217021002,3
191550217021003,3
191550217021004,3
191550217021005,3
191550217021006,3
191550217021007,3
191550217021016,3
191550217022050,3
191550217022051,3
191550217011070,3
191550217011075,3
191550217011076,3
191550217011080,3
191550217011081,3
191550217011082,3
191550217011083,3
191550217011084,3
191550217011085,3
191550217011086,3
191550217011087,3
191550217011088,3
191550217011106,3
191550217011108,3
191550217011109,3
191550217011110,3
191550217011111,3
191550217011117,3
191550217013000,3
191550217013001,3
191550217013002,3
191550217013003,3
191550217013004,3
191550217013005,3
191550217013006,3
191550217013007,3
191550217013008,3
191550217013009,3
191550217013010,3
191550217013011,3
191550217013012,3
191550217013013,3
191550217013014,3
191550217013015,3
191550217013016,3
191550217013017,3
191550217013018,3
191550217013019,3
191550217013020,3
191550217013021,3
191550217013022,3
191550217013023,3
191550217013024,3
191550217013025,3
191550217013026,3
191550217013027,3
191550217013028,3
191550217013029,3
191550217013030,3
191550217013032,3
191550217013033,3
191550217013034,3
191550217013035,3
191550217013036,3
191550217013037,3
191550217013038,3
191550217013039,3
191550217013040,3
191550217022025,3
191550217022052,3
191550217012122,3
191550217012123,3
191550217012124,3
191550217012125,3
191550217012126,3
191550217012148,3
191550217012149,3
191550217012151,3
191550217012153,3
191550217012154,3
191550217012155,3
191550217022000,3
191550217022001,3
191550217022002,3
191550217022003,3
191550217022004,3
191550217022005,3
191550217022006,3
191550217022007,3
191550217022008,3
191550217022009,3
191550217022010,3
191550217022011,3
191550217022012,3
191550217022013,3
191550217022014,3
191550217022015,3
191550217022016,3
191550217022017,3
191550217022018,3
191550217022019,3
191550217022032,3
191550217022033,3
191550217022034,3
191550217022035,3
191550217022036,3
191550217022037,3
191550217022081,3
191550217022082,3
191550217022083,3
191550217022084,3
191550217022085,3
191550217022086,3
191550217022087,3
191550217022103,3
191550217022104,3
191550217022139,3
191550217012127,3
191550217012128,3
191550217012129,3
191550217012130,3
191550217012131,3
191550217012135,3
191550217012142,3
191550217012143,3
191550217012144,3
191550217012152,3
191550217013031,3
191550217022020,3
191550217022021,3
191550217022022,3
191550217022023,3
191550217022024,3
191550217022026,3
191550217022027,3
191550217022028,3
191550217022029,3
191550217022030,3
191550217022031,3
191550217022038,3
191550217022039,3
191550217022040,3
191550217022041,3
191550217022042,3
191550217022043,3
191550217022044,3
191550217022045,3
191550217022046,3
191550217022047,3
191550217022048,3
191550217022049,3
191550217022055,3
191550217022056,3
191550217022057,3
191550217022058,3
191550217022060,3
191550217022061,3
191550217022062,3
191550217022063,3
191550217022064,3
191550217022065,3
191550217022066,3
191550217022067,3
191550217022076,3
191550217021008,3
191550217021009,3
191550217021010,3
191550217021011,3
191550217021012,3
191550217021013,3
191550217021014,3
191550217021015,3
191550217021017,3
191550217021018,3
191550217021019,3
191550217021020,3
191550217021021,3
191550217021022,3
191550217021023,3
191550217021024,3
191550217021025,3
191550217021026,3
191550217021027,3
191550217021028,3
191550217021029,3
191550217021030,3
191550217021031,3
191550217021032,3
191550217021033,3
191550217021034,3
191550217021035,3
191550217021036,3
191550217021037,3
191550217021038,3
191550217021039,3
191550217021040,3
191550217021041,3
191550217021042,3
191550217021043,3
191550217021044,3
191550217021045,3
191550217021046,3
191550217021047,3
191550217021048,3
191550217021049,3
191550217021050,3
191550217021051,3
191550217021052,3
191550217021053,3
191550217021054,3
191550217021055,3
191550217021056,3
191550217021057,3
191550217021058,3
191550217021059,3
191550217021060,3
191550217021061,3
191550217021062,3
191550217021063,3
191550217021064,3
191550217021065,3
191550217021066,3
191550217021067,3
191550217021068,3
191550217021069,3
191550217021070,3
191550217021071,3
191550217021072,3
191550217021073,3
191550217021074,3
191550217021075,3
191550217021076,3
191550217021077,3
191550217021078,3
191550217021079,3
191550217021080,3
191550217021081,3
191550217021082,3
191550217021083,3
191550217021084,3
191550217021085,3
191550217021086,3
191550217021087,3
191550217021088,3
191550217022053,3
191550217022054,3
191550217022059,3
191550217022073,3
191550217023005,3
191550217023006,3
191550217023007,3
191550217023008,3
191550217023009,3
191550217023010,3
191550217023011,3
191550217023012,3
191550217023013,3
191550217023014,3
191550217023015,3
191550217023016,3
191550217023024,3
191550217022068,3
191550217022069,3
191550217022070,3
191550217022071,3
191550217022072,3
191550217022074,3
191550217022075,3
191550217022092,3
191550217022093,3
191550217022094,3
191550217022095,3
191550217022096,3
191550217022108,3
191550217022109,3
191550217022110,3
191550217022111,3
191550217022112,3
191550217022113,3
191550217022114,3
191550217022115,3
191550217022116,3
191550217022117,3
191550217022118,3
191550217022119,3
191550217022120,3
191550217022121,3
191550217022122,3
191550217022123,3
191550217022124,3
191550217022125,3
191550217022127,3
191550217022156,3
191550217022157,3
191550217022158,3
191550217022159,3
191550217022160,3
191550217022161,3
191550217022162,3
191550217023000,3
191550217023001,3
191550217023002,3
191550217023003,3
191550217023004,3
191550217023048,3
191550217023049,3
191550217023050,3
191550217023051,3
191550217023052,3
191550217023053,3
191550217023054,3
191550217023055,3
191550217023056,3
191550217023057,3
191550217023063,3
191550217023064,3
191550217023065,3
191550217023066,3
191550217023067,3
191550217023068,3
191550217023069,3
191550217023070,3
191550217023075,3
191550217022077,3
191550217022078,3
191550217022079,3
191550217022080,3
191550217022088,3
191550217022089,3
191550217022090,3
191550217022091,3
191550217022097,3
191550217022098,3
191550217022099,3
191550217022100,3
191550217022101,3
191550217022102,3
191550217022105,3
191550217022106,3
191550217022107,3
191550217022126,3
191550217022128,3
191550217022129,3
191550217022130,3
191550217022131,3
191550217022132,3
191550217022133,3
191550217022134,3
191550217022135,3
191550217022136,3
191550217022137,3
191550217022138,3
191550217022140,3
191550217022141,3
191550217022142,3
191550217022143,3
191550217022144,3
191550217022145,3
191550217022146,3
191550217022147,3
191550217022148,3
191550217022149,3
191550217022150,3
191550217022151,3
191550217022152,3
191550217022153,3
191550217022154,3
191550217022155,3
191550217022163,3
191550217022164,3
191550301001000,3
191550301001001,3
191550301001002,3
191550301001003,3
191550301001004,3
191550301001005,3
191550301001006,3
191550301001007,3
191550301003001,3
191550301003003,3
191550301003004,3
191550301003005,3
191550301003006,3
191550301003007,3
191550301003008,3
191550301003009,3
191550301003010,3
191550301003011,3
191550301005002,3
191550301005003,3
191550301005005,3
191550301005006,3
191550318001002,3
191550318001003,3
191550318001004,3
191550318001005,3
191550318001006,3
191550318001007,3
191550318001008,3
191550301002000,3
191550301002001,3
191550301002002,3
191550301002003,3
191550301002004,3
191550301002005,3
191550301002006,3
191550301002007,3
191550301002008,3
191550301002009,3
191550301002010,3
191550301002011,3
191550301002013,3
191550301002014,3
191550301004000,3
191550301004001,3
191550301004004,3
191550301005000,3
191550301005001,3
191550301005004,3
191550301005007,3
191550301005008,3
191550301002012,3
191550301002015,3
191550301002016,3
191550301002017,3
191550301004002,3
191550301004005,3
191550301005009,3
191550301005010,3
191550302001000,3
191550302001001,3
191550302001002,3
191550302001003,3
191550302001004,3
191550302001005,3
191550302001006,3
191550302001007,3
191550302001008,3
191550302001009,3
191550302002000,3
191550302002001,3
191550302002002,3
191550302002003,3
191550302002004,3
191550302002005,3
191550302002006,3
191550302002007,3
191550302002008,3
191550302003000,3
191550302003001,3
191550302003002,3
191550302003003,3
191550307001000,3
191550307001001,3
191550307001002,3
191550307001005,3
191550307001006,3
191550307001009,3
191550307001010,3
191550307001016,3
191550307001017,3
191550307001018,3
191550307001019,3
191550307001020,3
191550311003003,3
191550318003035,3
191550318003036,3
191550302004000,3
191550302004001,3
191550302004002,3
191550302004003,3
191550302004004,3
191550302004005,3
191550302004006,3
191550302004007,3
191550302004008,3
191550302004009,3
191550302004010,3
191550302004011,3
191550302004012,3
191550302004013,3
191550302004014,3
191550302004015,3
191550302004016,3
191550302004017,3
191550302004018,3
191550302004019,3
191550302004020,3
191550302004021,3
191550302004022,3
191550302004023,3
191550302004024,3
191550302004025,3
191550302004026,3
191550303001000,3
191550303001001,3
191550303001002,3
191550303001003,3
191550303001004,3
191550303001005,3
191550303001006,3
191550303001007,3
191550303001008,3
191550303001009,3
191550303001010,3
191550303001011,3
191550303001012,3
191550303001013,3
191550303001014,3
191550303001015,3
191550303001016,3
191550303001017,3
191550303001018,3
191550303001019,3
191550303001020,3
191550303001021,3
191550303001022,3
191550303001023,3
191550303001024,3
191550303001025,3
191550303001026,3
191550303001027,3
191550303001028,3
191550303001029,3
191550303001030,3
191550303001031,3
191550303001032,3
191550303002000,3
191550303002001,3
191550303002002,3
191550303002003,3
191550303002004,3
191550303002005,3
191550303002006,3
191550303002007,3
191550303002008,3
191550303002009,3
191550303002010,3
191550303002011,3
191550303002012,3
191550303002013,3
191550303002014,3
191550303002015,3
191550303002016,3
191550303002017,3
191550303002018,3
191550303002019,3
191550303002020,3
191550303002021,3
191550303002022,3
191550303002023,3
191550303002024,3
191550303002025,3
191550303002026,3
191550303003000,3
191550303003003,3
191550303003004,3
191550318003017,3
191550318003023,3
191550318003024,3
191550318003025,3
191550318003026,3
191550318003030,3
191550318003037,3
191550318003038,3
191550318003039,3
191550302004027,3
191550302004028,3
191550306011000,3
191550306011001,3
191550306011002,3
191550306011003,3
191550306011004,3
191550306011005,3
191550306011006,3
191550306011007,3
191550306011008,3
191550306011009,3
191550306011010,3
191550306011011,3
191550306011012,3
191550306011013,3
191550306011014,3
191550306011015,3
191550306011016,3
191550306011017,3
191550306012000,3
191550306012001,3
191550306012002,3
191550306012003,3
191550306012004,3
191550306012005,3
191550306012006,3
191550306012007,3
191550306012008,3
191550306012009,3
191550306012010,3
191550306012011,3
191550306012012,3
191550306012013,3
191550306012014,3
191550306012015,3
191550306012016,3
191550306013000,3
191550306013001,3
191550306013002,3
191550306013003,3
191550306013004,3
191550306013005,3
191550306013006,3
191550306013007,3
191550306013008,3
191550306013009,3
191550306013010,3
191550306013011,3
191550306013012,3
191550306013013,3
191550306013014,3
191550306013015,3
191550306013016,3
191550306013017,3
191550306013018,3
191550306013019,3
191550306013020,3
191550306013021,3
191550306013022,3
191550306013023,3
191550306013024,3
191550306013025,3
191550306013026,3
191550306013027,3
191550306013028,3
191550306013029,3
191550306013030,3
191550306013031,3
191550306013032,3
191550306013033,3
191550306013034,3
191550306013035,3
191550307001003,3
191550307001004,3
191550307001007,3
191550307001008,3
191550307001011,3
191550307001012,3
191550307001013,3
191550307001014,3
191550307001015,3
191550307002000,3
191550307002001,3
191550307002002,3
191550307002003,3
191550307002004,3
191550307002005,3
191550307002006,3
191550307002007,3
191550307002008,3
191550307002009,3
191550307002010,3
191550307002011,3
191550307002012,3
191550307002013,3
191550307002014,3
191550307002015,3
191550307002016,3
191550307002017,3
191550307002018,3
191550307002019,3
191550307002020,3
191550307002021,3
191550307002022,3
191550307002023,3
191550307002024,3
191550307002025,3
191550307002026,3
191550307002027,3
191550307002028,3
191550307002029,3
191550307002030,3
191550307002031,3
191550307002032,3
191550307002033,3
191550307002034,3
191550303003001,3
191550303003002,3
191550303003005,3
191550303003006,3
191550303003007,3
191550303003008,3
191550303003009,3
191550303003010,3
191550303003011,3
191550303004012,3
191550303004013,3
191550303004020,3
191550305011000,3
191550305011001,3
191550305011002,3
191550305011003,3
191550305011004,3
191550305011005,3
191550305011006,3
191550305011007,3
191550305011008,3
191550305011009,3
191550305011010,3
191550305011011,3
191550305011012,3
191550305011013,3
191550305011014,3
191550305011015,3
191550305012000,3
191550305012001,3
191550305012004,3
191550305012005,3
191550305012006,3
191550305012007,3
191550305012010,3
191550305012011,3
191550305012012,3
191550305012013,3
191550305012014,3
191550305012015,3
191550303004002,3
191550303004003,3
191550303004004,3
191550303004005,3
191550303004006,3
191550303004007,3
191550303004008,3
191550303004009,3
191550303004010,3
191550303004011,3
191550303004014,3
191550303004015,3
191550303004016,3
191550303004017,3
191550303004018,3
191550303004019,3
191550304011000,3
191550304011001,3
191550304011002,3
191550304011003,3
191550304011004,3
191550304011005,3
191550304011006,3
191550304011007,3
191550304011008,3
191550304011009,3
191550304011010,3
191550304011011,3
191550304011012,3
191550304011013,3
191550304011014,3
191550304011015,3
191550304012007,3
191550304012010,3
191550304012011,3
191550304012012,3
191550304012013,3
191550304012014,3
191550305012002,3
191550305012003,3
191550305012008,3
191550305012009,3
191550305013000,3
191550305013001,3
191550305013002,3
191550305013003,3
191550305013004,3
191550305013005,3
191550305013006,3
191550305013007,3
191550305013008,3
191550305013009,3
191550305013010,3
191550305013011,3
191550305013012,3
191550305013013,3
191550305013014,3
191550305013015,3
191550305013016,3
191550304021000,3
191550304021001,3
191550304021002,3
191550304021003,3
191550304021004,3
191550304021005,3
191550304021006,3
191550304021007,3
191550304021008,3
191550304021009,3
191550304021010,3
191550304021011,3
191550304021012,3
191550304021013,3
191550304021014,3
191550304021015,3
191550304022000,3
191550304022001,3
191550304022002,3
191550304022003,3
191550304022004,3
191550304022005,3
191550304022006,3
191550304022007,3
191550304022008,3
191550304022009,3
191550304022010,3
191550304022011,3
191550304022012,3
191550304022013,3
191550304022014,3
191550304022015,3
191550304023000,3
191550304023001,3
191550304023002,3
191550304023003,3
191550304023004,3
191550304023005,3
191550304023006,3
191550304023007,3
191550304023008,3
191550304023009,3
191550304023010,3
191550304023011,3
191550304023012,3
191550304023013,3
191550304023014,3
191550304023015,3
191550304023016,3
191550304023017,3
191550304023018,3
191550304023019,3
191550304023020,3
191550305023000,3
191550305023001,3
191550305023004,3
191550305023005,3
191550305023008,3
191550305023009,3
191550305023012,3
191550313001008,3
191550313001009,3
191550313001011,3
191550313001089,3
191550305021000,3
191550305021001,3
191550305021002,3
191550305021003,3
191550305021004,3
191550305021005,3
191550305021006,3
191550305021007,3
191550305021008,3
191550305021009,3
191550305021010,3
191550305021011,3
191550305021012,3
191550305021013,3
191550305021014,3
191550305021015,3
191550305021016,3
191550305022000,3
191550305022001,3
191550305022002,3
191550305022003,3
191550305022004,3
191550305022005,3
191550305022006,3
191550305022007,3
191550305022008,3
191550305022009,3
191550305022010,3
191550305022011,3
191550305022012,3
191550305022013,3
191550305022014,3
191550305022015,3
191550305022016,3
191550305022017,3
191550305022018,3
191550305022019,3
191550305022020,3
191550305022021,3
191550305023002,3
191550305023003,3
191550305023006,3
191550305023007,3
191550305023010,3
191550305023011,3
191550305023013,3
191550305023014,3
191550305023015,3
191550305023016,3
191550305023017,3
191550305023018,3
191550305023019,3
191550306022004,3
191550306022005,3
191550306022009,3
191550306022020,3
191550306023003,3
191550306023004,3
191550306023011,3
191550306023012,3
191550313001004,3
191550313001005,3
191550313001006,3
191550313001007,3
191550313001010,3
191550306021000,3
191550306021001,3
191550306021002,3
191550306021003,3
191550306021004,3
191550306021005,3
191550306021006,3
191550306021007,3
191550306021008,3
191550306021009,3
191550306021010,3
191550306021011,3
191550306021012,3
191550306021013,3
191550306021014,3
191550306021015,3
191550306021016,3
191550306021017,3
191550306021018,3
191550306021019,3
191550306021020,3
191550306021021,3
191550306021022,3
191550306021023,3
191550306021024,3
191550306021025,3
191550306021026,3
191550306021027,3
191550306021028,3
191550306021029,3
191550306021030,3
191550306021031,3
191550306021032,3
191550306021033,3
191550306021034,3
191550306021035,3
191550306021036,3
191550306021037,3
191550306021038,3
191550306021039,3
191550306021040,3
191550306021041,3
191550306022000,3
191550306022001,3
191550306022002,3
191550306022003,3
191550306022006,3
191550306022007,3
191550306022008,3
191550306022010,3
191550306022011,3
191550306022012,3
191550306022013,3
191550306022014,3
191550306022015,3
191550306022016,3
191550306022017,3
191550306022018,3
191550306022019,3
191550306023000,3
191550306023001,3
191550306023002,3
191550306023005,3
191550306023006,3
191550306023007,3
191550306023008,3
191550306023009,3
191550306023010,3
191550306023013,3
191550306023014,3
191550306023015,3
191550306023016,3
191550307003001,3
191550307003002,3
191550307003003,3
191550307003004,3
191550307003005,3
191550307003006,3
191550307003007,3
191550307003008,3
191550307003009,3
191550307003010,3
191550307003011,3
191550307003012,3
191550307003013,3
191550307003014,3
191550307003015,3
191550307003016,3
191550307003017,3
191550307003018,3
191550307003019,3
191550307003020,3
191550307003021,3
191550307003022,3
191550307003023,3
191550307003026,3
191550307003027,3
191550307003028,3
191550307003029,3
191550307003030,3
191550307003033,3
191550307003034,3
191550307003035,3
191550307004001,3
191550307004002,3
191550307004003,3
191550307004004,3
191550307004005,3
191550307004006,3
191550307004007,3
191550307004008,3
191550307004009,3
191550307004010,3
191550307004011,3
191550307004012,3
191550307004017,3
191550307004018,3
191550307004019,3
191550307004020,3
191550307004021,3
191550307004022,3
191550307004023,3
191550307003000,3
191550307003024,3
191550307003025,3
191550307003031,3
191550307003032,3
191550307004000,3
191550307004013,3
191550309001000,3
191550309001001,3
191550309001002,3
191550309001003,3
191550309001004,3
191550309001005,3
191550309001006,3
191550309001007,3
191550309001008,3
191550309001009,3
191550309001010,3
191550309001011,3
191550309001012,3
191550309001013,3
191550309001014,3
191550309001015,3
191550309001016,3
191550309001017,3
191550309001018,3
191550309001019,3
191550309001020,3
191550309001021,3
191550309001022,3
191550309001023,3
191550309001024,3
191550309001025,3
191550309001026,3
191550309001027,3
191550309001028,3
191550309001029,3
191550309001030,3
191550309001031,3
191550309002000,3
191550309002001,3
191550309002002,3
191550309002003,3
191550309002004,3
191550309002005,3
191550309002006,3
191550309002007,3
191550309002008,3
191550309002009,3
191550309002010,3
191550309002011,3
191550309002012,3
191550309002013,3
191550309002014,3
191550309002015,3
191550309002016,3
191550309002017,3
191550309002018,3
191550309002019,3
191550309002020,3
191550309002022,3
191550309002024,3
191550310001002,3
191550310001003,3
191550310001004,3
191550310001005,3
191550310001006,3
191550310001007,3
191550310001008,3
191550310002002,3
191550310002003,3
191550307004014,3
191550307004015,3
191550307004016,3
191550307004024,3
191550307004025,3
191550307004026,3
191550308001000,3
191550308001001,3
191550308001002,3
191550308001003,3
191550308001004,3
191550308001005,3
191550308001006,3
191550308001007,3
191550308001008,3
191550308001009,3
191550308001010,3
191550308001011,3
191550308001012,3
191550308001013,3
191550308001014,3
191550308001015,3
191550308001016,3
191550308001017,3
191550308001018,3
191550308001019,3
191550308001020,3
191550308001021,3
191550308001022,3
191550308001023,3
191550308001024,3
191550308001025,3
191550308001026,3
191550308001027,3
191550308001028,3
191550308001029,3
191550308001030,3
191550308001031,3
191550308001032,3
191550308001033,3
191550308001034,3
191550308001035,3
191550308001036,3
191550308001037,3
191550308001038,3
191550308001039,3
191550308001040,3
191550308001041,3
191550308001043,3
191550308001044,3
191550308001045,3
191550308001046,3
191550308001047,3
191550308001048,3
191550308001049,3
191550308001050,3
191550308001051,3
191550308001052,3
191550308001053,3
191550308002001,3
191550308002002,3
191550308002003,3
191550308002004,3
191550308002005,3
191550308002006,3
191550308002007,3
191550308002008,3
191550308002009,3
191550309002021,3
191550309002023,3
191550310003000,3
191550310003001,3
191550310003002,3
191550310003003,3
191550310003004,3
191550310003005,3
191550310003006,3
191550310003007,3
191550310003008,3
191550310003009,3
191550310003010,3
191550310003011,3
191550310003012,3
191550310003013,3
191550310003014,3
191550310003015,3
191550310003016,3
191550310003017,3
191550310003018,3
191550310003019,3
191550310003020,3
191550310003021,3
191550310003022,3
191550310003023,3
191550310003024,3
191550310003025,3
191550310003026,3
191550310003027,3
191550310003028,3
191550310003029,3
191550310003030,3
191550310003031,3
191550310003032,3
191550313001000,3
191550313001001,3
191550313001002,3
191550313001012,3
191550313001013,3
191550313001014,3
191550313001016,3
191550313001017,3
191550313001018,3
191550313001019,3
191550313001020,3
191550313001021,3
191550313001045,3
191550313001046,3
191550313001047,3
191550313001084,3
191550313001085,3
191550313001086,3
191550308001042,3
191550308002000,3
191550308002010,3
191550308002011,3
191550308002012,3
191550308002013,3
191550308002014,3
191550308002015,3
191550308002016,3
191550308002017,3
191550308002018,3
191550308002019,3
191550308002020,3
191550308002021,3
191550308002022,3
191550308002023,3
191550308002024,3
191550308002025,3
191550308002026,3
191550308002027,3
191550308002028,3
191550308002029,3
191550308002030,3
191550308002031,3
191550308002032,3
191550308002033,3
191550308002034,3
191550308002035,3
191550308002036,3
191550308003000,3
191550308003001,3
191550308003002,3
191550308003003,3
191550308003004,3
191550308003005,3
191550308003006,3
191550308003007,3
191550308003008,3
191550308003009,3
191550308003010,3
191550308003011,3
191550308003012,3
191550308003013,3
191550308003014,3
191550308003015,3
191550308003016,3
191550308003017,3
191550308003018,3
191550308003019,3
191550308003020,3
191550308003021,3
191550308003022,3
191550308003023,3
191550308003024,3
191550308003025,3
191550308003026,3
191550308003027,3
191550308003028,3
191550308003029,3
191550308003030,3
191550308003031,3
191550308003032,3
191550308003033,3
191550313001003,3
191550313001015,3
191550313001022,3
191550313001023,3
191550313001024,3
191550313001025,3
191550313001026,3
191550313001027,3
191550313001028,3
191550313001029,3
191550313001030,3
191550313001031,3
191550313001032,3
191550313001033,3
191550313001034,3
191550313001035,3
191550313001036,3
191550313001037,3
191550313001038,3
191550313001039,3
191550313001040,3
191550313001041,3
191550313001042,3
191550313001043,3
191550313001044,3
191550313001048,3
191550313001049,3
191550313001050,3
191550313001051,3
191550313001052,3
191550313001053,3
191550313001054,3
191550313001055,3
191550313001056,3
191550313001057,3
191550313001058,3
191550313001059,3
191550313001060,3
191550313001061,3
191550313001062,3
191550313001063,3
191550313001064,3
191550313001065,3
191550313001066,3
191550313001067,3
191550313001068,3
191550313001069,3
191550313001070,3
191550313001071,3
191550313001072,3
191550313001073,3
191550313001074,3
191550313001075,3
191550313001076,3
191550313001077,3
191550313001078,3
191550313001079,3
191550313001080,3
191550313001081,3
191550313001082,3
191550313001083,3
191550313001087,3
191550313001088,3
191550313002000,3
191550313002001,3
191550313002002,3
191550313002003,3
191550313002004,3
191550313002005,3
191550313002006,3
191550313002007,3
191550313002008,3
191550313002009,3
191550313002010,3
191550313002016,3
191550313002017,3
191550313002018,3
191550313002041,3
191550313002042,3
191550313002043,3
191550313002044,3
191550313002045,3
191550313002054,3
191550313002055,3
191550313002056,3
191550313002057,3
191550313002058,3
191550313002059,3
191550313002060,3
191550313002061,3
191550310001000,3
191550310001001,3
191550310002000,3
191550310002001,3
191550310002004,3
191550310002005,3
191550311001002,3
191550311001003,3
191550311001005,3
191550311001007,3
191550311001009,3
191550311001010,3
191550311001011,3
191550311001012,3
191550311001013,3
191550311002000,3
191550311002001,3
191550311002002,3
191550311002003,3
191550311002004,3
191550311002005,3
191550311002006,3
191550311002007,3
191550311002008,3
191550311002009,3
191550311003002,3
191550311003004,3
191550311003005,3
191550311003006,3
191550311003007,3
191550311003008,3
191550311003009,3
191550311003010,3
191550311003011,3
191550311003012,3
191550311003013,3
191550311003014,3
191550311003015,3
191550311003016,3
191550312001011,3
191550311001000,3
191550311001001,3
191550311001004,3
191550311001006,3
191550311001008,3
191550311003000,3
191550311003001,3
191550317002000,3
191550317002001,3
191550317002002,3
191550317002003,3
191550317002004,3
191550317003000,3
191550317003001,3
191550317003002,3
191550317003003,3
191550317003004,3
191550317003005,3
191550317003006,3
191550317003007,3
191550317003008,3
191550317003009,3
191550317004048,3
191550317004055,3
191550317004056,3
191550317004057,3
191550317004059,3
191550317004060,3
191550317004061,3
191550317004063,3
191550317004064,3
191550317004068,3
191550317004069,3
191550317004070,3
191550317004071,3
191550317004072,3
191550317004073,3
191550317004074,3
191550317004075,3
191550317004076,3
191550317004077,3
191550317004078,3
191550317004079,3
191550317004080,3
191550318001001,3
191550318002029,3
191550318002030,3
191550318002036,3
191550312001000,3
191550312001001,3
191550312001002,3
191550312001005,3
191550312001006,3
191550312001007,3
191550312001012,3
191550312001013,3
191550312001016,3
191550312001017,3
191550312001018,3
191550312001019,3
191550316011000,3
191550316011001,3
191550316011002,3
191550316011003,3
191550316011004,3
191550316011005,3
191550316011006,3
191550316011007,3
191550316011008,3
191550316011009,3
191550316011010,3
191550316011022,3
191550316011023,3
191550316011024,3
191550316011025,3
191550316011028,3
191550316011029,3
191550316011030,3
191550316012001,3
191550316012002,3
191550316012003,3
191550316021012,3
191550316021013,3
191550316021014,3
191550316021015,3
191550316021016,3
191550316021017,3
191550316021018,3
191550316021019,3
191550316021021,3
191550316021022,3
191550316021034,3
191550317001000,3
191550317001001,3
191550317001002,3
191550317001003,3
191550317001004,3
191550317001005,3
191550317001006,3
191550317001007,3
191550317001008,3
191550317001009,3
191550317001010,3
191550317001011,3
191550317001012,3
191550317002005,3
191550317002006,3
191550312001003,3
191550312001004,3
191550312001008,3
191550312001009,3
191550312001010,3
191550312001014,3
191550312001015,3
191550312001020,3
191550312002000,3
191550312002001,3
191550312002002,3
191550312002003,3
191550312003000,3
191550312003001,3
191550312003002,3
191550312003003,3
191550312003004,3
191550312003005,3
191550312003006,3
191550312003007,3
191550312003008,3
191550312003009,3
191550312003010,3
191550312003011,3
191550312003012,3
191550312003013,3
191550312003014,3
191550312003015,3
191550312003016,3
191550312003017,3
191550316021023,3
191550316021024,3
191550316021025,3
191550316021032,3
191550316021033,3
191550316022019,3
191550316022020,3
191550316022021,3
191550316022022,3
191550316022023,3
191550316022027,3
191550316022028,3
191550313002011,3
191550313002012,3
191550313002013,3
191550313002014,3
191550313002015,3
191550313002019,3
191550313002020,3
191550313002021,3
191550313002022,3
191550313002023,3
191550313002024,3
191550313002025,3
191550313002026,3
191550313002027,3
191550313002028,3
191550313002029,3
191550313002030,3
191550313002031,3
191550313002032,3
191550313002033,3
191550313002034,3
191550313002035,3
191550313002036,3
191550313002037,3
191550313002038,3
191550313002039,3
191550313002040,3
191550313002046,3
191550313002047,3
191550313002048,3
191550313002049,3
191550313002050,3
191550313002051,3
191550313002052,3
191550313002053,3
191550313002062,3
191550313002063,3
191550313002064,3
191550313002065,3
191550313002066,3
191550313002067,3
191550313002068,3
191550313002069,3
191550313002070,3
191550313002071,3
191550313002072,3
191550313002073,3
191550313002074,3
191550313002075,3
191550313002076,3
191550313002077,3
191550313002078,3
191550313002079,3
191550313002080,3
191550313002081,3
191550313002082,3
191550313002083,3
191550313002084,3
191550313002085,3
191550313002086,3
191550313002087,3
191550313002088,3
191550314001000,3
191550314001001,3
191550314001002,3
191550314001003,3
191550314001004,3
191550314001005,3
191550314001006,3
191550314001007,3
191550314001008,3
191550314001009,3
191550314002000,3
191550314002001,3
191550314002005,3
191550314002006,3
191550314003000,3
191550314003001,3
191550314003002,3
191550314002002,3
191550314002003,3
191550314002004,3
191550314002007,3
191550314002008,3
191550314002009,3
191550314002010,3
191550314002011,3
191550314002012,3
191550314003003,3
191550314003004,3
191550314003005,3
191550314003006,3
191550314003007,3
191550314003008,3
191550314003009,3
191550314003010,3
191550314003011,3
191550314003012,3
191550314003013,3
191550316011011,3
191550316011012,3
191550316011013,3
191550316011014,3
191550316011015,3
191550316011017,3
191550316011032,3
191550316011033,3
191550316011034,3
191550316011035,3
191550316011036,3
191550316011037,3
191550316011038,3
191550316011039,3
191550316011040,3
191550316011041,3
191550316011043,3
191550316012007,3
191550316012008,3
191550316012009,3
191550316012010,3
191550316012011,3
191550316012012,3
191550316012013,3
191550316012014,3
191550316012015,3
191550316012016,3
191550316012017,3
191550316012018,3
191550316012019,3
191550316012020,3
191550316012021,3
191550316012022,3
191550316012023,3
191550316013003,3
191550316013006,3
191550316013007,3
191550316013008,3
191550316022003,3
191550317004037,3
191550316022006,3
191550316022007,3
191550316022008,3
191550316022009,3
191550316022010,3
191550316022011,3
191550316022012,3
191550316022016,3
191550316022017,3
191550316022018,3
191550316022024,3
191550316022025,3
191550316022029,3
191550316022030,3
191550319001000,3
191550319001001,3
191550319001002,3
191550319001003,3
191550319001004,3
191550319001005,3
191550319001006,3
191550319001007,3
191550319001008,3
191550319001009,3
191550319001010,3
191550319001011,3
191550319001012,3
191550319001021,3
191550319001022,3
191550319001023,3
191550319001024,3
191550319001025,3
191550319001026,3
191550319001027,3
191550319001028,3
191550319001029,3
191550319001030,3
191550319001031,3
191550319001032,3
191550319001033,3
191550319001034,3
191550319001035,3
191550319002005,3
191550319002016,3
191550319002017,3
191550319002018,3
191550319002019,3
191550319002020,3
191550319002046,3
191550319002047,3
191550319002048,3
191550319002049,3
191550319004004,3
191550319004005,3
191550319004006,3
191550319004007,3
191550319004008,3
191550319004009,3
191550319004010,3
191550319004011,3
191550319004012,3
191550316022026,3
191550319001013,3
191550319001014,3
191550319001015,3
191550319001016,3
191550319001017,3
191550319001018,3
191550319001019,3
191550319001020,3
191550319002000,3
191550319002001,3
191550319002002,3
191550319002003,3
191550319002004,3
191550319002006,3
191550319002007,3
191550319002008,3
191550319002009,3
191550319002010,3
191550319002011,3
191550319002012,3
191550319002013,3
191550319002014,3
191550319002015,3
191550319002021,3
191550319002022,3
191550319002023,3
191550319002024,3
191550319002025,3
191550319002026,3
191550319002027,3
191550319002028,3
191550319002029,3
191550319002030,3
191550319002031,3
191550319002032,3
191550319002033,3
191550319002034,3
191550319002035,3
191550319002036,3
191550319002037,3
191550319002038,3
191550319002039,3
191550319002040,3
191550319002041,3
191550319002042,3
191550319002043,3
191550319002044,3
191550319002045,3
191550319002050,3
191550319002051,3
191550319002052,3
191550319002053,3
191550319002054,3
191550319002055,3
191550319002056,3
191550319002057,3
191550319002058,3
191550319002059,3
191550319002060,3
191550319002061,3
191550319002062,3
191550319002063,3
191550319002064,3
191550319003000,3
191550319003001,3
191550319003002,3
191550319003003,3
191550319003004,3
191550319003005,3
191550319003006,3
191550319003007,3
191550319003008,3
191550319003009,3
191550319003010,3
191550319003011,3
191550319003012,3
191550319003013,3
191550319003014,3
191550319003015,3
191550319003016,3
191550319003017,3
191550319003018,3
191573701001000,1
191573701002008,1
191573701002009,1
191573701002010,1
191573701002011,1
191573701002012,1
191573701002013,1
191573701002014,1
191573701002015,1
191573701002016,1
191573701002017,1
191573701002018,1
191573701002019,1
191573701002020,1
191573701002021,1
191573701002022,1
191573701002023,1
191573701002024,1
191573701002025,1
191573701002026,1
191573701002027,1
191573701002028,1
191573701002029,1
191573701002030,1
191573701002032,1
191573701002033,1
191573701002034,1
191573701002035,1
191573701002036,1
191573701002037,1
191573701002038,1
191573701002039,1
191573701002040,1
191573701002041,1
191573701002042,1
191573701002043,1
191573701002044,1
191573701002045,1
191573701002046,1
191573701002047,1
191573701002048,1
191573701002049,1
191573701002050,1
191573701002051,1
191573701002052,1
191573701002053,1
191573701002054,1
191573701002098,1
191573701002099,1
191573701002100,1
191573701002101,1
191573701002102,1
191573701002103,1
191573701002104,1
191573701002105,1
191573701002106,1
191573701002107,1
191573701002120,1
191573701002121,1
191573701002131,1
191573701002132,1
191573701002133,1
191573701002134,1
191573701002135,1
191573701002136,1
191573701002137,1
191573701002138,1
191573701002139,1
191573701002140,1
191573701002141,1
191573701002142,1
191573701002143,1
191573701002144,1
191573701002145,1
191573701002146,1
191573701002147,1
191573701002148,1
191573701002149,1
191573701002150,1
191573701002151,1
191573701002152,1
191573701002153,1
191573701002154,1
191573701002155,1
191573701002156,1
191573701002157,1
191573701002158,1
191573701002159,1
191573701001001,1
191573701001002,1
191573701001003,1
191573701001004,1
191573701001005,1
191573701001006,1
191573701001007,1
191573701001008,1
191573701001009,1
191573701001010,1
191573701001011,1
191573701001012,1
191573701001013,1
191573701001014,1
191573701001015,1
191573701001016,1
191573701001017,1
191573701001018,1
191573701001019,1
191573701001020,1
191573701001021,1
191573701001022,1
191573701001023,1
191573701001024,1
191573701001025,1
191573701001026,1
191573701001027,1
191573701001028,1
191573701001029,1
191573701001030,1
191573701001031,1
191573701001032,1
191573701001033,1
191573701001034,1
191573701001035,1
191573701001036,1
191573701001037,1
191573701001038,1
191573701001039,1
191573701001040,1
191573701001041,1
191573701001042,1
191573701001043,1
191573701001044,1
191573701001045,1
191573701001046,1
191573701001047,1
191573701001048,1
191573701001049,1
191573701001050,1
191573701001051,1
191573701001052,1
191573701001053,1
191573701001054,1
191573701001055,1
191573701001056,1
191573701001057,1
191573701001058,1
191573701001059,1
191573701001060,1
191573701001061,1
191573701001062,1
191573701001063,1
191573701002122,1
191573701002123,1
191573701002124,1
191573701002125,1
191573701002161,1
191573701003018,1
191573701003019,1
191573701003020,1
191573701003026,1
191573701003027,1
191573701003028,1
191573701003036,1
191573701003037,1
191573701003038,1
191573701003039,1
191573701003040,1
191573701003041,1
191573701003042,1
191573701003043,1
191573701003044,1
191573701003045,1
191573701003046,1
191573701003047,1
191573701003048,1
191573701003049,1
191573701003050,1
191573701003051,1
191573701003052,1
191573701003053,1
191573701003054,1
191573701003055,1
191573701003056,1
191573701003057,1
191573701003058,1
191573701003059,1
191573701003060,1
191573701003061,1
191573701003062,1
191573701003063,1
191573701003064,1
191573701003065,1
191573701003066,1
191573701003067,1
191573701003068,1
191573701003069,1
191573701003070,1
191573701003071,1
191573701003072,1
191573701003073,1
191573701003074,1
191573701003075,1
191573701003076,1
191573701003077,1
191573701003078,1
191573701003079,1
191573701003080,1
191573701003081,1
191573701003082,1
191573701003083,1
191573701003084,1
191573701003085,1
191573701003086,1
191573701003087,1
191573701003088,1
191573701003089,1
191573701003090,1
191573701003091,1
191573701003092,1
191573701003128,1
191573701003129,1
191573701003130,1
191573701003131,1
191573701003132,1
191573701003133,1
191573701003134,1
191573701003135,1
191573701003136,1
191573701003140,1
191573701003141,1
191573705002000,1
191573705002001,1
191573705002002,1
191573705002003,1
191573705002004,1
191573705002005,1
191573705002006,1
191573705002007,1
191573705002008,1
191573705002009,1
191573705002012,1
191573705002063,1
191573701001064,1
191573702001079,1
191573702001080,1
191573702001081,1
191573702001082,1
191573702001115,1
191573702001116,1
191573702001117,1
191573702001118,1
191573702001119,1
191573702001120,1
191573702001121,1
191573702001122,1
191573702001123,1
191573702001124,1
191573702001125,1
191573702001126,1
191573702001127,1
191573702001128,1
191573702001129,1
191573702001130,1
191573702001136,1
191573702001137,1
191573702001138,1
191573702001139,1
191573702001140,1
191573702001141,1
191573702001142,1
191573702001143,1
191573702001144,1
191573702001145,1
191573702001146,1
191573702001147,1
191573702001148,1
191573702001149,1
191573702001150,1
191573702001151,1
191573702001155,1
191573702001156,1
191573702001157,1
191573702001158,1
191573702001159,1
191573702001160,1
191573702001161,1
191573702001174,1
191573702001175,1
191573702001195,1
191573702001196,1
191573702001197,1
191573702001198,1
191573702001199,1
191573702001200,1
191573702001202,1
191573702001203,1
191573702001204,1
191573702001205,1
191573702001206,1
191573702001207,1
191573702001208,1
191573702001209,1
191573702001216,1
191573702002000,1
191573702002026,1
191573702002027,1
191573702002028,1
191573705002010,1
191573705002011,1
191573705002013,1
191573705002014,1
191573705002015,1
191573705002016,1
191573705002017,1
191573705002018,1
191573705002019,1
191573705002020,1
191573705002021,1
191573705002022,1
191573705002023,1
191573705002024,1
191573705002025,1
191573705002026,1
191573705002027,1
191573705002028,1
191573705002029,1
191573705002030,1
191573705002031,1
191573705002032,1
191573705002033,1
191573705002034,1
191573705002035,1
191573705002036,1
191573705002037,1
191573705002038,1
191573705002039,1
191573705002040,1
191573705002041,1
191573705002042,1
191573705002043,1
191573705002044,1
191573705002045,1
191573705002046,1
191573705002047,1
191573705002048,1
191573705002049,1
191573705002050,1
191573705002051,1
191573705002052,1
191573705002053,1
191573705002054,1
191573705002055,1
191573705002056,1
191573705002057,1
191573705002058,1
191573705002064,1
191573705002065,1
191573705002066,1
191573705002067,1
191573705002068,1
191573705002069,1
191573705002070,1
191573705002195,1
191573701002000,1
191573701002001,1
191573701002002,1
191573701002003,1
191573701002004,1
191573701002005,1
191573701002006,1
191573701002007,1
191573701002031,1
191573701002055,1
191573701002056,1
191573701002057,1
191573701002058,1
191573701002059,1
191573701002060,1
191573701002061,1
191573701002062,1
191573701002063,1
191573701002064,1
191573701002065,1
191573701002066,1
191573701002067,1
191573701002068,1
191573701002069,1
191573701002070,1
191573701002071,1
191573701002072,1
191573701002073,1
191573701002074,1
191573701002075,1
191573701002076,1
191573701002077,1
191573701002078,1
191573701002079,1
191573701002080,1
191573701002081,1
191573701002082,1
191573701002083,1
191573701002084,1
191573701002085,1
191573701002086,1
191573701002087,1
191573701002088,1
191573701002089,1
191573701002090,1
191573701002091,1
191573701002092,1
191573701002093,1
191573701002094,1
191573701002095,1
191573701002096,1
191573701002097,1
191573701002108,1
191573701002109,1
191573701002110,1
191573701002114,1
191573701002115,1
191573701002116,1
191573701002117,1
191573701002118,1
191573701002119,1
191573701002126,1
191573701002127,1
191573701002128,1
191573701002129,1
191573701002130,1
191573701002111,1
191573701002112,1
191573701002113,1
191573701002160,1
191573701003000,1
191573701003001,1
191573701003002,1
191573701003003,1
191573701003004,1
191573701003005,1
191573701003006,1
191573701003007,1
191573701003008,1
191573701003009,1
191573701003010,1
191573701003011,1
191573701003012,1
191573701003014,1
191573701003015,1
191573701003016,1
191573701003017,1
191573701003021,1
191573701003022,1
191573701003023,1
191573701003024,1
191573701003025,1
191573701003029,1
191573701003030,1
191573701003031,1
191573701003032,1
191573701003033,1
191573701003034,1
191573701003035,1
191573701003093,1
191573701003094,1
191573701003095,1
191573701003096,1
191573701003097,1
191573701003098,1
191573701003099,1
191573701003100,1
191573701003101,1
191573701003102,1
191573701003103,1
191573701003109,1
191573701003110,1
191573701003111,1
191573701003112,1
191573701003113,1
191573701003114,1
191573701003119,1
191573701003120,1
191573701003121,1
191573701003122,1
191573701003123,1
191573701003124,1
191573701003125,1
191573701003126,1
191573701003127,1
191573701003137,1
191573701003138,1
191573701003139,1
191573705001000,1
191573705001001,1
191573705001002,1
191573705001003,1
191573705001004,1
191573705001005,1
191573705001006,1
191573705001010,1
191573705001011,1
191573701003013,1
191573701003104,1
191573701003105,1
191573701003106,1
191573701003107,1
191573701003108,1
191573701003115,1
191573701003116,1
191573701003117,1
191573701003118,1
191573702001000,1
191573702001001,1
191573702001002,1
191573702001003,1
191573702001004,1
191573702001005,1
191573702001006,1
191573702001007,1
191573702001008,1
191573702001028,1
191573702001029,1
191573702001030,1
191573702001031,1
191573702001032,1
191573702001033,1
191573702001034,1
191573702001035,1
191573702001036,1
191573702001037,1
191573702001038,1
191573702001039,1
191573702001040,1
191573702001041,1
191573702001042,1
191573702001043,1
191573702001044,1
191573702001045,1
191573702001046,1
191573702001047,1
191573702001048,1
191573702001049,1
191573702001050,1
191573702001051,1
191573702001052,1
191573702001053,1
191573702001054,1
191573702001055,1
191573702001056,1
191573702001057,1
191573702001058,1
191573702001059,1
191573702001060,1
191573702001061,1
191573702001062,1
191573702001063,1
191573702001064,1
191573702001065,1
191573702001072,1
191573702001073,1
191573702001074,1
191573702001075,1
191573702001076,1
191573702001077,1
191573702001078,1
191573702001083,1
191573702001084,1
191573702001085,1
191573702001086,1
191573702001087,1
191573702001088,1
191573702001113,1
191573702001114,1
191573702001259,1
191573702001260,1
191573702001261,1
191573702001009,1
191573702001010,1
191573702001011,1
191573702001012,1
191573702001013,1
191573702001014,1
191573702001015,1
191573702001016,1
191573702001017,1
191573702001018,1
191573702001019,1
191573702001020,1
191573702001021,1
191573702001022,1
191573702001023,1
191573702001024,1
191573702001025,1
191573702001026,1
191573702001027,1
191573702001066,1
191573702001067,1
191573702001068,1
191573702001069,1
191573702001070,1
191573702001071,1
191573702001089,1
191573702001090,1
191573702001091,1
191573702001092,1
191573702001093,1
191573702001094,1
191573702001095,1
191573702001096,1
191573702001097,1
191573702001098,1
191573702001099,1
191573702001100,1
191573702001101,1
191573702001102,1
191573702001103,1
191573702001104,1
191573702001105,1
191573702001106,1
191573702001107,1
191573702001108,1
191573702001109,1
191573702001111,1
191573702001112,1
191573702001211,1
191573702001212,1
191573702001213,1
191573702001214,1
191573702001215,1
191573702001251,1
191573702001253,1
191573702001254,1
191573702001255,1
191573702001256,1
191573702001257,1
191573702001258,1
191573702001262,1
191573703001000,1
191573703002000,1
191573702001110,1
191573702001131,1
191573702001132,1
191573702001133,1
191573702001134,1
191573702001135,1
191573702001152,1
191573702001153,1
191573702001154,1
191573702001162,1
191573702001163,1
191573702001164,1
191573702001165,1
191573702001171,1
191573702001172,1
191573702001173,1
191573702001176,1
191573702001177,1
191573702001178,1
191573702001180,1
191573702001186,1
191573702001187,1
191573702001188,1
191573702001194,1
191573702001201,1
191573702002001,1
191573702002002,1
191573702002003,1
191573702002006,1
191573702002007,1
191573702002010,1
191573702002022,1
191573702002023,1
191573702002024,1
191573702002025,1
191573703001001,1
191573703001002,1
191573703001003,1
191573703001007,1
191573703001040,1
191573703002001,1
191573703002002,1
191573703002003,1
191573703002004,1
191573703002005,1
191573703004006,1
191573703004007,1
191573704001011,1
191573704002013,1
191573704002014,1
191573704002015,1
191573704002016,1
191573704002017,1
191573704003000,1
191573704003021,1
191573704003023,1
191573704004000,1
191573702001166,1
191573702001167,1
191573702001168,1
191573702001169,1
191573702001170,1
191573702001179,1
191573702001181,1
191573702001182,1
191573702001183,1
191573702001184,1
191573702001185,1
191573702001189,1
191573702001190,1
191573702001191,1
191573702001192,1
191573702001193,1
191573702002004,1
191573702002005,1
191573702002009,1
191573702002011,1
191573702002012,1
191573703001004,1
191573703001005,1
191573703001006,1
191573703001008,1
191573703001009,1
191573703001010,1
191573703001011,1
191573703001012,1
191573703001013,1
191573703001014,1
191573703001015,1
191573703001016,1
191573703001017,1
191573703001018,1
191573703001019,1
191573703001020,1
191573703001021,1
191573703001022,1
191573703001023,1
191573703001024,1
191573703001025,1
191573703001026,1
191573703001027,1
191573703001028,1
191573703001029,1
191573703001030,1
191573703001031,1
191573703001032,1
191573703001033,1
191573703001034,1
191573703001035,1
191573703001036,1
191573703001037,1
191573703001038,1
191573703001039,1
191573703002006,1
191573703002007,1
191573703002008,1
191573703002009,1
191573703002010,1
191573703002011,1
191573703002012,1
191573703002013,1
191573703002014,1
191573703002015,1
191573703002016,1
191573703002017,1
191573703002018,1
191573703002019,1
191573703002020,1
191573703002021,1
191573703002022,1
191573703002023,1
191573703002024,1
191573703002025,1
191573703002026,1
191573703002027,1
191573703002028,1
191573703002029,1
191573703002030,1
191573703002031,1
191573703002032,1
191573703002033,1
191573703003000,1
191573703003001,1
191573703003002,1
191573703003003,1
191573703003004,1
191573703003005,1
191573703003006,1
191573703003007,1
191573703003008,1
191573703003009,1
191573703003010,1
191573703003011,1
191573703003012,1
191573703003013,1
191573703003014,1
191573703003015,1
191573703003016,1
191573703003017,1
191573703003018,1
191573703003019,1
191573703003020,1
191573703004000,1
191573703004001,1
191573703004002,1
191573703004003,1
191573703004004,1
191573703004005,1
191573703004008,1
191573703004009,1
191573703004010,1
191573703004011,1
191573703004012,1
191573703004013,1
191573703004014,1
191573703004015,1
191573703004016,1
191573703004017,1
191573703004018,1
191573704001000,1
191573704001001,1
191573704001002,1
191573704001003,1
191573704001004,1
191573704001005,1
191573704001006,1
191573704001007,1
191573704001008,1
191573704001009,1
191573704001010,1
191573704001012,1
191573704001013,1
191573704001014,1
191573704001015,1
191573704001016,1
191573704001017,1
191573704001018,1
191573704001019,1
191573704001020,1
191573704001021,1
191573704001022,1
191573704001023,1
191573704001024,1
191573704001025,1
191573704001026,1
191573704001027,1
191573704001028,1
191573704001029,1
191573704001030,1
191573704001031,1
191573704001032,1
191573704001033,1
191573704001034,1
191573704001035,1
191573704001036,1
191573704001037,1
191573704001038,1
191573704001039,1
191573704001040,1
191573704001041,1
191573704002000,1
191573704002001,1
191573704002002,1
191573704002003,1
191573704002004,1
191573704002005,1
191573704002006,1
191573704002007,1
191573704002008,1
191573704002009,1
191573704002010,1
191573704002011,1
191573704002012,1
191573704002018,1
191573704002019,1
191573704002020,1
191573704002021,1
191573704002022,1
191573704002023,1
191573704002024,1
191573704002025,1
191573704002026,1
191573704002027,1
191573704002028,1
191573704002029,1
191573704002030,1
191573704002031,1
191573704002032,1
191573704002033,1
191573704002034,1
191573704003001,1
191573704003002,1
191573704003003,1
191573704003004,1
191573704003005,1
191573704003006,1
191573704003007,1
191573704003008,1
191573704003009,1
191573704003010,1
191573704003011,1
191573704003012,1
191573704003013,1
191573704003014,1
191573704003015,1
191573704003016,1
191573704003017,1
191573704003018,1
191573704003019,1
191573704003020,1
191573704003022,1
191573704003024,1
191573704004001,1
191573704004002,1
191573704004003,1
191573704004004,1
191573704004005,1
191573704004006,1
191573704004007,1
191573704004008,1
191573704004009,1
191573704004010,1
191573704004011,1
191573704004012,1
191573704004013,1
191573704004014,1
191573704004015,1
191573704004016,1
191573704004017,1
191573704004018,1
191573704004019,1
191573704004020,1
191573704004021,1
191573704004022,1
191573704004023,1
191573704004024,1
191573704004025,1
191573704004026,1
191573704004027,1
191573704004028,1
191573704004029,1
191573704004030,1
191573704004031,1
191573704004032,1
191573704004033,1
191573702001210,1
191573702001217,1
191573702001218,1
191573702001219,1
191573702001220,1
191573702001221,1
191573702001222,1
191573702001223,1
191573702001224,1
191573702001225,1
191573702001226,1
191573702001227,1
191573702001228,1
191573702001229,1
191573702001230,1
191573702001231,1
191573702001232,1
191573702001233,1
191573702001234,1
191573702001235,1
191573702001236,1
191573702001237,1
191573702001238,1
191573702001239,1
191573702001240,1
191573702001241,1
191573702001242,1
191573702001243,1
191573702001244,1
191573702001245,1
191573702001246,1
191573702001247,1
191573702001248,1
191573702001249,1
191573702001250,1
191573702001252,1
191573702002033,1
191573702002034,1
191573702002046,1
191573702002047,1
191573702002048,1
191573702002053,1
191573702002054,1
191573702002055,1
191573702002059,1
191573705002073,1
191573705002074,1
191573705002075,1
191573705002076,1
191573705002077,1
191573705002078,1
191573705002079,1
191573705002080,1
191573705002095,1
191573705002096,1
191573705002114,1
191573705002115,1
191573705002116,1
191573705002121,1
191573705002122,1
191573705002127,1
191573705002128,1
191573702002008,1
191573702002013,1
191573702002014,1
191573702002015,1
191573702002016,1
191573702002017,1
191573702002018,1
191573702002019,1
191573702002020,1
191573702002021,1
191573702002029,1
191573702002030,1
191573702002031,1
191573702002032,1
191573702002035,1
191573702002036,1
191573702002037,1
191573702002038,1
191573702002039,1
191573702002040,1
191573702002041,1
191573702002042,1
191573702002043,1
191573702002044,1
191573702002045,1
191573702002049,1
191573702002050,1
191573702002051,1
191573702002052,1
191573702002056,1
191573702002057,1
191573702002058,1
191573702002064,1
191573702002065,1
191573702002066,1
191573702002067,1
191573702002068,1
191573702002069,1
191573702002070,1
191573702002071,1
191573702002072,1
191573702002073,1
191573702002074,1
191573702002075,1
191573702002076,1
191573702002077,1
191573702002078,1
191573702002079,1
191573702002080,1
191573702002081,1
191573702002082,1
191573702002083,1
191573702002084,1
191573702002085,1
191573702002086,1
191573702002087,1
191573702002088,1
191573702002089,1
191573702002090,1
191573702002091,1
191573702002092,1
191573702002093,1
191573702002094,1
191573702002095,1
191573702002097,1
191573702002098,1
191573702002099,1
191573702002190,1
191573702002060,1
191573702002061,1
191573702003000,1
191573702003001,1
191573702003002,1
191573702003003,1
191573702003004,1
191573702003005,1
191573702003006,1
191573702003007,1
191573702003008,1
191573702003009,1
191573702003010,1
191573702003011,1
191573702003012,1
191573702003013,1
191573702003014,1
191573702003015,1
191573702003016,1
191573702003017,1
191573702003018,1
191573702003019,1
191573702003020,1
191573702003021,1
191573702003022,1
191573702003023,1
191573702003024,1
191573702003025,1
191573702003026,1
191573702003027,1
191573702003028,1
191573702003029,1
191573702003030,1
191573702003031,1
191573702003032,1
191573702003033,1
191573702003035,1
191573702003036,1
191573702003037,1
191573702003038,1
191573702003039,1
191573702003040,1
191573702003041,1
191573702003042,1
191573702003043,1
191573702003044,1
191573702003045,1
191573702003046,1
191573702003053,1
191573702003054,1
191573702003055,1
191573702003056,1
191573702003057,1
191573702003058,1
191573702003059,1
191573702003060,1
191573702003061,1
191573702003062,1
191573702003063,1
191573702003064,1
191573702003065,1
191573702003066,1
191573702003067,1
191573702003069,1
191573702003072,1
191573702003073,1
191573702003074,1
191573702003075,1
191573702003076,1
191573702003077,1
191573702003080,1
191573702003081,1
191573702003082,1
191573702003083,1
191573702003084,1
191573702003085,1
191573702003086,1
191573702003087,1
191573702003088,1
191573702003089,1
191573702003090,1
191573702003091,1
191573702003092,1
191573705002157,1
191573705002158,1
191573705002170,1
191573705002171,1
191573705003109,1
191573705003110,1
191573702002062,1
191573702002063,1
191573702002096,1
191573702002100,1
191573702002101,1
191573702002102,1
191573702002103,1
191573702002104,1
191573702002105,1
191573702002106,1
191573702002107,1
191573702002108,1
191573702002109,1
191573702002110,1
191573702002111,1
191573702002112,1
191573702002113,1
191573702002114,1
191573702002115,1
191573702002116,1
191573702002117,1
191573702002118,1
191573702002119,1
191573702002120,1
191573702002121,1
191573702002122,1
191573702002123,1
191573702002124,1
191573702002125,1
191573702002126,1
191573702002127,1
191573702002128,1
191573702002129,1
191573702002130,1
191573702002131,1
191573702002132,1
191573702002133,1
191573702002134,1
191573702002135,1
191573702002136,1
191573702002137,1
191573702002138,1
191573702002139,1
191573702002140,1
191573702002141,1
191573702002142,1
191573702002143,1
191573702002144,1
191573702002145,1
191573702002146,1
191573702002147,1
191573702002148,1
191573702002149,1
191573702002150,1
191573702002151,1
191573702002152,1
191573702002153,1
191573702002154,1
191573702002155,1
191573702002156,1
191573702002157,1
191573702002158,1
191573702002159,1
191573702002160,1
191573702002161,1
191573702002162,1
191573702002163,1
191573702002164,1
191573702002165,1
191573702002166,1
191573702002167,1
191573702002168,1
191573702002169,1
191573702002170,1
191573702002171,1
191573702002172,1
191573702002173,1
191573702002174,1
191573702002175,1
191573702002176,1
191573702002177,1
191573702002178,1
191573702002179,1
191573702002180,1
191573702002181,1
191573702002182,1
191573702002183,1
191573702002184,1
191573702002185,1
191573702002186,1
191573702002187,1
191573702002188,1
191573702002189,1
191573702002191,1
191573702003034,1
191573702003047,1
191573702003048,1
191573702003049,1
191573702003050,1
191573702003051,1
191573702003052,1
191573702003070,1
191573702003071,1
191573702003078,1
191573702003079,1
191573702003093,1
191573702003068,1
191573705001173,1
191573705001174,1
191573705001175,1
191573705002138,1
191573705002139,1
191573705002140,1
191573705002141,1
191573705002142,1
191573705002143,1
191573705002144,1
191573705002145,1
191573705002146,1
191573705002147,1
191573705002148,1
191573705002149,1
191573705002150,1
191573705002151,1
191573705002152,1
191573705002153,1
191573705002154,1
191573705002155,1
191573705002156,1
191573705002159,1
191573705002160,1
191573705002161,1
191573705002162,1
191573705002163,1
191573705002164,1
191573705002165,1
191573705002166,1
191573705002167,1
191573705002168,1
191573705002169,1
191573705002172,1
191573705002173,1
191573705002174,1
191573705002175,1
191573705002176,1
191573705002177,1
191573705002178,1
191573705002179,1
191573705002180,1
191573705002181,1
191573705002182,1
191573705002183,1
191573705002184,1
191573705002185,1
191573705002188,1
191573705002189,1
191573705002190,1
191573705002192,1
191573705002193,1
191573705002194,1
191573705003001,1
191573705003002,1
191573705003003,1
191573705003004,1
191573705003005,1
191573705003006,1
191573705003007,1
191573705003008,1
191573705003009,1
191573705003010,1
191573705003011,1
191573705003012,1
191573705003013,1
191573705003014,1
191573705003015,1
191573705003016,1
191573705003017,1
191573705003018,1
191573705003019,1
191573705003020,1
191573705003021,1
191573705003022,1
191573705003023,1
191573705003024,1
191573705003025,1
191573705003026,1
191573705003027,1
191573705003028,1
191573705003029,1
191573705003030,1
191573705003031,1
191573705003032,1
191573705003033,1
191573705003034,1
191573705003035,1
191573705003036,1
191573705003037,1
191573705003038,1
191573705003039,1
191573705003040,1
191573705003041,1
191573705003042,1
191573705003043,1
191573705003044,1
191573705003045,1
191573705003046,1
191573705003047,1
191573705003048,1
191573705003049,1
191573705003050,1
191573705003051,1
191573705003052,1
191573705003053,1
191573705003054,1
191573705003055,1
191573705003056,1
191573705003057,1
191573705003058,1
191573705003059,1
191573705003060,1
191573705003061,1
191573705003062,1
191573705003063,1
191573705003064,1
191573705003065,1
191573705003066,1
191573705003067,1
191573705003068,1
191573705003069,1
191573705003070,1
191573705003071,1
191573705003072,1
191573705003073,1
191573705003074,1
191573705003075,1
191573705003076,1
191573705003077,1
191573705003078,1
191573705003079,1
191573705003080,1
191573705003081,1
191573705003082,1
191573705003083,1
191573705003084,1
191573705003085,1
191573705003086,1
191573705003087,1
191573705003088,1
191573705003089,1
191573705003090,1
191573705003091,1
191573705003092,1
191573705003093,1
191573705003094,1
191573705003095,1
191573705003096,1
191573705003097,1
191573705003098,1
191573705003099,1
191573705003100,1
191573705003101,1
191573705003102,1
191573705003103,1
191573705003104,1
191573705003105,1
191573705003106,1
191573705003107,1
191573705003108,1
191573705003111,1
191573705003112,1
191573705003113,1
191573705001007,1
191573705001008,1
191573705001009,1
191573705001012,1
191573705001013,1
191573705001014,1
191573705001015,1
191573705001016,1
191573705001017,1
191573705001018,1
191573705001019,1
191573705001020,1
191573705001021,1
191573705001022,1
191573705001023,1
191573705001024,1
191573705001025,1
191573705001026,1
191573705001027,1
191573705001028,1
191573705001029,1
191573705001030,1
191573705001031,1
191573705001032,1
191573705001033,1
191573705001034,1
191573705001035,1
191573705001036,1
191573705001037,1
191573705001038,1
191573705001039,1
191573705001040,1
191573705001041,1
191573705001042,1
191573705001043,1
191573705001044,1
191573705001045,1
191573705001046,1
191573705001047,1
191573705001048,1
191573705001049,1
191573705001050,1
191573705001051,1
191573705001052,1
191573705001053,1
191573705001054,1
191573705001055,1
191573705001056,1
191573705001057,1
191573705001058,1
191573705001059,1
191573705001060,1
191573705001061,1
191573705001062,1
191573705001063,1
191573705001064,1
191573705001065,1
191573705001066,1
191573705001067,1
191573705001068,1
191573705001069,1
191573705001070,1
191573705001071,1
191573705001077,1
191573705001085,1
191573705001086,1
191573705001181,1
191573705001072,1
191573705001073,1
191573705001074,1
191573705001075,1
191573705001076,1
191573705001078,1
191573705001079,1
191573705001080,1
191573705001081,1
191573705001082,1
191573705001083,1
191573705001084,1
191573705001087,1
191573705001088,1
191573705001089,1
191573705001090,1
191573705001091,1
191573705001092,1
191573705001093,1
191573705001094,1
191573705001095,1
191573705001096,1
191573705001097,1
191573705001098,1
191573705001099,1
191573705001100,1
191573705001101,1
191573705001102,1
191573705001103,1
191573705001104,1
191573705001105,1
191573705001106,1
191573705001107,1
191573705001108,1
191573705001109,1
191573705001110,1
191573705001111,1
191573705001112,1
191573705001113,1
191573705001114,1
191573705001115,1
191573705001116,1
191573705001117,1
191573705001118,1
191573705001119,1
191573705001120,1
191573705001121,1
191573705001122,1
191573705001123,1
191573705001124,1
191573705001125,1
191573705001126,1
191573705001127,1
191573705001128,1
191573705001129,1
191573705001130,1
191573705001131,1
191573705001132,1
191573705001133,1
191573705001134,1
191573705001135,1
191573705001136,1
191573705001137,1
191573705001138,1
191573705001139,1
191573705001140,1
191573705001141,1
191573705001142,1
191573705001143,1
191573705001144,1
191573705001145,1
191573705001146,1
191573705001147,1
191573705001148,1
191573705001149,1
191573705001150,1
191573705001151,1
191573705001152,1
191573705001153,1
191573705001154,1
191573705001155,1
191573705001156,1
191573705001157,1
191573705001158,1
191573705001159,1
191573705001160,1
191573705001161,1
191573705001162,1
191573705001163,1
191573705001164,1
191573705001165,1
191573705001166,1
191573705001167,1
191573705001168,1
191573705001169,1
191573705001170,1
191573705001171,1
191573705001172,1
191573705001176,1
191573705001177,1
191573705001178,1
191573705001179,1
191573705001180,1
191573705002059,1
191573705002060,1
191573705002061,1
191573705002062,1
191573705002071,1
191573705002072,1
191573705002081,1
191573705002082,1
191573705002083,1
191573705002084,1
191573705002085,1
191573705002086,1
191573705002087,1
191573705002088,1
191573705002089,1
191573705002090,1
191573705002091,1
191573705002092,1
191573705002093,1
191573705002094,1
191573705002097,1
191573705002098,1
191573705002099,1
191573705002100,1
191573705002101,1
191573705002102,1
191573705002103,1
191573705002104,1
191573705002105,1
191573705002106,1
191573705002107,1
191573705002108,1
191573705002109,1
191573705002110,1
191573705002111,1
191573705002112,1
191573705002113,1
191573705002117,1
191573705002118,1
191573705002119,1
191573705002120,1
191573705002123,1
191573705002124,1
191573705002125,1
191573705002126,1
191573705002129,1
191573705002130,1
191573705002131,1
191573705002132,1
191573705002133,1
191573705002134,1
191573705002135,1
191573705002136,1
191573705002137,1
191573705003000,1
191573705002186,1
191573705002187,1
191573705002191,1
191573705002196,1
191573705002197,1
191573705002198,1
191599501001000,3
191599501001001,3
191599501001002,3
191599501001003,3
191599501001004,3
191599501001005,3
191599501001029,3
191599501001030,3
191599501001031,3
191599501001032,3
191599501001033,3
191599501001034,3
191599501001035,3
191599501001036,3
191599501001037,3
191599501001038,3
191599501001039,3
191599501001040,3
191599501001041,3
191599501001042,3
191599501001043,3
191599501001044,3
191599501001045,3
191599501001046,3
191599501001047,3
191599501001048,3
191599501001049,3
191599501001050,3
191599501001051,3
191599501001052,3
191599501001053,3
191599501001054,3
191599501001055,3
191599501001056,3
191599501001057,3
191599501001058,3
191599501001059,3
191599501001060,3
191599501001061,3
191599501001062,3
191599501001063,3
191599501001064,3
191599501001066,3
191599501001067,3
191599501001068,3
191599501001069,3
191599501001070,3
191599501001071,3
191599501001072,3
191599501001073,3
191599501001165,3
191599501001166,3
191599501001171,3
191599501001172,3
191599501001175,3
191599501001176,3
191599501001177,3
191599501001178,3
191599501001179,3
191599501001180,3
191599501001181,3
191599501001182,3
191599501001257,3
191599501001258,3
191599501001259,3
191599501001260,3
191599501001261,3
191599501001345,3
191599501001346,3
191599501001350,3
191599501001351,3
191599501001352,3
191599501001353,3
191599501001354,3
191599501001355,3
191599501001356,3
191599501001357,3
191599501001358,3
191599501001359,3
191599501001360,3
191599501001361,3
191599501001362,3
191599501001006,3
191599501001007,3
191599501001008,3
191599501001009,3
191599501001010,3
191599501001011,3
191599501001012,3
191599501001013,3
191599501001014,3
191599501001015,3
191599501001016,3
191599501001017,3
191599501001018,3
191599501001019,3
191599501001020,3
191599501001021,3
191599501001022,3
191599501001023,3
191599501001024,3
191599501001025,3
191599501001026,3
191599501001027,3
191599501001028,3
191599501001065,3
191599501001074,3
191599501001075,3
191599501001076,3
191599501001077,3
191599501001078,3
191599501001079,3
191599501001080,3
191599501001081,3
191599501001082,3
191599501001083,3
191599501001084,3
191599501001085,3
191599501001086,3
191599501001087,3
191599501001088,3
191599501001089,3
191599501001090,3
191599501001091,3
191599501001092,3
191599501001093,3
191599501001094,3
191599501001095,3
191599501001096,3
191599501001097,3
191599501001098,3
191599501001099,3
191599501001100,3
191599501001101,3
191599501001102,3
191599501001103,3
191599501001104,3
191599501001105,3
191599501001106,3
191599501001107,3
191599501001108,3
191599501001109,3
191599501001110,3
191599501001111,3
191599501001112,3
191599501001113,3
191599501001114,3
191599501001115,3
191599501001116,3
191599501001117,3
191599501001118,3
191599501001119,3
191599501001120,3
191599501001121,3
191599501001122,3
191599501001123,3
191599501001124,3
191599501001125,3
191599501001126,3
191599501001127,3
191599501001128,3
191599501001129,3
191599501001130,3
191599501001131,3
191599501001132,3
191599501001133,3
191599501001134,3
191599501001135,3
191599501001136,3
191599501001137,3
191599501001138,3
191599501001139,3
191599501001140,3
191599501001141,3
191599501001142,3
191599501001143,3
191599501001144,3
191599501001145,3
191599501001146,3
191599501001147,3
191599501001148,3
191599501001149,3
191599501001150,3
191599501001151,3
191599501001152,3
191599501001153,3
191599501001154,3
191599501001155,3
191599501001156,3
191599501001157,3
191599501001158,3
191599501001159,3
191599501001160,3
191599501001161,3
191599501001162,3
191599501001163,3
191599501001164,3
191599501001167,3
191599501001168,3
191599501001169,3
191599501001170,3
191599501001173,3
191599501001174,3
191599501001187,3
191599501001202,3
191599501001340,3
191599501001341,3
191599501001343,3
191599501001344,3
191599501001347,3
191599501001348,3
191599501001349,3
191599501001363,3
191599501002000,3
191599501002079,3
191599501002080,3
191599501002081,3
191599501002082,3
191599501002083,3
191599501002084,3
191599501002146,3
191599501002147,3
191599501002148,3
191599501002149,3
191599501002150,3
191599501002151,3
191599501002152,3
191599501001183,3
191599501001184,3
191599501001185,3
191599501001188,3
191599501001189,3
191599501001190,3
191599501001247,3
191599501001248,3
191599501001249,3
191599501001250,3
191599501001251,3
191599501001252,3
191599501001253,3
191599501001254,3
191599501001255,3
191599501001256,3
191599501001262,3
191599501001268,3
191599501001273,3
191599501001274,3
191599501001275,3
191599501001276,3
191599501001277,3
191599501001278,3
191599501001279,3
191599501001280,3
191599501001281,3
191599501001282,3
191599501001283,3
191599501001284,3
191599501001285,3
191599501001286,3
191599501001287,3
191599501001288,3
191599501001289,3
191599501001290,3
191599501001291,3
191599501001292,3
191599501001293,3
191599501001294,3
191599501001295,3
191599501001296,3
191599501001297,3
191599501001298,3
191599501001299,3
191599501001300,3
191599501001301,3
191599501001302,3
191599501001303,3
191599501001304,3
191599501001305,3
191599501001306,3
191599501001307,3
191599501001308,3
191599501001309,3
191599501001310,3
191599501001311,3
191599501001330,3
191599501001331,3
191599501001332,3
191599501001333,3
191599501001336,3
191599501001342,3
191599501001186,3
191599501001191,3
191599501001192,3
191599501001193,3
191599501001194,3
191599501001195,3
191599501001196,3
191599501001197,3
191599501001198,3
191599501001199,3
191599501001200,3
191599501001201,3
191599501001203,3
191599501001204,3
191599501001205,3
191599501001206,3
191599501001207,3
191599501001208,3
191599501001209,3
191599501001210,3
191599501001211,3
191599501001212,3
191599501001213,3
191599501001214,3
191599501001215,3
191599501001216,3
191599501001217,3
191599501001218,3
191599501001219,3
191599501001220,3
191599501001221,3
191599501001222,3
191599501001223,3
191599501001224,3
191599501001225,3
191599501001226,3
191599501001227,3
191599501001228,3
191599501001229,3
191599501001230,3
191599501001231,3
191599501001232,3
191599501001233,3
191599501001234,3
191599501001235,3
191599501001236,3
191599501001237,3
191599501001238,3
191599501001239,3
191599501001240,3
191599501001241,3
191599501001242,3
191599501001243,3
191599501001244,3
191599501001245,3
191599501001246,3
191599501001312,3
191599501001313,3
191599501001314,3
191599501001315,3
191599501001316,3
191599501001317,3
191599501001318,3
191599501001319,3
191599501001320,3
191599501001321,3
191599501001322,3
191599501001323,3
191599501001324,3
191599501001325,3
191599501001326,3
191599501001327,3
191599501001328,3
191599501001329,3
191599501001335,3
191599501001337,3
191599501001338,3
191599501001339,3
191599501002379,3
191599501002380,3
191599501002383,3
191599501002384,3
191599501002401,3
191599501002402,3
191599501002403,3
191599501002404,3
191599501002617,3
191599501002618,3
191599502001000,3
191599502001001,3
191599502001002,3
191599502001010,3
191599502001011,3
191599501001263,3
191599501001264,3
191599501001265,3
191599501001266,3
191599501001267,3
191599501001269,3
191599501001270,3
191599501001271,3
191599501001272,3
191599501001364,3
191599501001334,3
191599502004000,3
191599502004001,3
191599502004002,3
191599502004003,3
191599502004004,3
191599502004005,3
191599502004006,3
191599502004007,3
191599502004008,3
191599502004009,3
191599502004010,3
191599502004011,3
191599502004012,3
191599502004013,3
191599502004014,3
191599502004015,3
191599502004016,3
191599502004017,3
191599502004018,3
191599502004019,3
191599502004020,3
191599502004021,3
191599502004022,3
191599502004023,3
191599502004024,3
191599502004025,3
191599502004026,3
191599502004027,3
191599502004028,3
191599502004029,3
191599502004030,3
191599502004031,3
191599502004032,3
191599502004033,3
191599502004034,3
191599502004035,3
191599502004036,3
191599502004037,3
191599502004038,3
191599502004039,3
191599502004040,3
191599502004041,3
191599502004042,3
191599502004043,3
191599502004044,3
191599502004045,3
191599502004046,3
191599502004047,3
191599502004048,3
191599502004049,3
191599502004050,3
191599502004051,3
191599502004052,3
191599502004053,3
191599502004054,3
191599502004055,3
191599502004056,3
191599502004057,3
191599502004058,3
191599502004066,3
191599502004067,3
191599502004068,3
191599502004069,3
191599502004070,3
191599502004071,3
191599502004072,3
191599502004073,3
191599502004074,3
191599502004075,3
191599502004076,3
191599502004077,3
191599502004078,3
191599502004079,3
191599502004080,3
191599502004081,3
191599502004082,3
191599502004083,3
191599502004084,3
191599502004085,3
191599502004086,3
191599502004087,3
191599502004088,3
191599502004089,3
191599502004090,3
191599502004091,3
191599502004092,3
191599502004093,3
191599502004094,3
191599502004095,3
191599502004096,3
191599502004097,3
191599502004098,3
191599502004099,3
191599502004100,3
191599502004101,3
191599502004102,3
191599502004103,3
191599502004104,3
191599502004105,3
191599502004106,3
191599502004107,3
191599502004108,3
191599502004109,3
191599502004110,3
191599502004111,3
191599502004112,3
191599502004113,3
191599502004114,3
191599502004115,3
191599502004116,3
191599502004117,3
191599502004118,3
191599502004119,3
191599502004120,3
191599502004121,3
191599502004122,3
191599502004123,3
191599502004124,3
191599502004125,3
191599502004126,3
191599502004127,3
191599502004128,3
191599502004129,3
191599502004130,3
191599502004131,3
191599502004132,3
191599502004133,3
191599502004134,3
191599502004135,3
191599502004136,3
191599502004137,3
191599502004138,3
191599502004139,3
191599502004140,3
191599502004141,3
191599502004142,3
191599502004143,3
191599502004144,3
191599502004145,3
191599502004146,3
191599502004147,3
191599502004148,3
191599502004149,3
191599502004150,3
191599502004151,3
191599502004152,3
191599502004153,3
191599502004154,3
191599502004155,3
191599502004156,3
191599502004157,3
191599502004158,3
191599502004159,3
191599502004160,3
191599502004164,3
191599502004165,3
191599502004166,3
191599502004167,3
191599502004168,3
191599502004187,3
191599502004323,3
191599502004324,3
191599502004325,3
191599502004326,3
191599502004327,3
191599502004328,3
191599502004329,3
191599502004330,3
191599502004331,3
191599502004332,3
191599502004333,3
191599502004334,3
191599502004335,3
191599501002001,3
191599501002002,3
191599501002003,3
191599501002007,3
191599501002008,3
191599501002009,3
191599501002010,3
191599501002011,3
191599501002012,3
191599501002013,3
191599501002014,3
191599501002015,3
191599501002062,3
191599501002063,3
191599501002064,3
191599501002065,3
191599501002066,3
191599501002067,3
191599501002068,3
191599501002069,3
191599501002070,3
191599501002071,3
191599501002072,3
191599501002073,3
191599501002074,3
191599501002076,3
191599501002077,3
191599501002078,3
191599501002085,3
191599501002086,3
191599501002087,3
191599501002088,3
191599501002089,3
191599501002090,3
191599501002091,3
191599501002092,3
191599501002093,3
191599501002094,3
191599501002095,3
191599501002096,3
191599501002097,3
191599501002098,3
191599501002099,3
191599501002100,3
191599501002101,3
191599501002102,3
191599501002103,3
191599501002104,3
191599501002105,3
191599501002106,3
191599501002107,3
191599501002108,3
191599501002120,3
191599501002121,3
191599501002122,3
191599501002123,3
191599501002124,3
191599501002125,3
191599501002126,3
191599501002127,3
191599501002128,3
191599501002129,3
191599501002130,3
191599501002131,3
191599501002132,3
191599501002133,3
191599501002134,3
191599501002135,3
191599501002136,3
191599501002137,3
191599501002138,3
191599501002139,3
191599501002140,3
191599501002141,3
191599501002142,3
191599501002143,3
191599501002144,3
191599501002145,3
191599501002155,3
191599501002156,3
191599501002157,3
191599501002158,3
191599501002159,3
191599501002160,3
191599501002161,3
191599501002162,3
191599501002163,3
191599501002168,3
191599501002169,3
191599501002170,3
191599501002378,3
191599501002631,3
191599501002004,3
191599501002005,3
191599501002006,3
191599501002075,3
191599501002016,3
191599501002017,3
191599501002018,3
191599501002019,3
191599501002020,3
191599501002021,3
191599501002022,3
191599501002023,3
191599501002024,3
191599501002025,3
191599501002026,3
191599501002027,3
191599501002028,3
191599501002029,3
191599501002030,3
191599501002031,3
191599501002032,3
191599501002033,3
191599501002034,3
191599501002035,3
191599501002036,3
191599501002037,3
191599501002038,3
191599501002039,3
191599501002040,3
191599501002041,3
191599501002042,3
191599501002043,3
191599501002044,3
191599501002045,3
191599501002046,3
191599501002047,3
191599501002048,3
191599501002049,3
191599501002050,3
191599501002051,3
191599501002052,3
191599501002053,3
191599501002054,3
191599501002055,3
191599501002056,3
191599501002057,3
191599501002058,3
191599501002059,3
191599501002060,3
191599501002061,3
191599501002109,3
191599501002110,3
191599501002111,3
191599501002112,3
191599501002113,3
191599501002114,3
191599501002115,3
191599501002116,3
191599501002117,3
191599501002118,3
191599501002119,3
191599501002164,3
191599501002225,3
191599501002226,3
191599501002227,3
191599501002228,3
191599501002235,3
191599501002236,3
191599501002237,3
191599501002238,3
191599501002239,3
191599501002240,3
191599501002241,3
191599501002242,3
191599501002243,3
191599501002244,3
191599501002245,3
191599501002246,3
191599501002247,3
191599501002248,3
191599501002249,3
191599501002250,3
191599501002251,3
191599501002252,3
191599501002253,3
191599501002254,3
191599501002257,3
191599501002258,3
191599501002259,3
191599501002260,3
191599501002261,3
191599501002262,3
191599501002263,3
191599501002264,3
191599501002265,3
191599501002266,3
191599501002267,3
191599501002268,3
191599501002269,3
191599501002270,3
191599501002277,3
191599501002627,3
191599501002628,3
191599501002633,3
191599501002634,3
191599501002153,3
191599501002154,3
191599501002171,3
191599501002172,3
191599501002177,3
191599501002178,3
191599501002179,3
191599501002180,3
191599501002181,3
191599501002182,3
191599501002183,3
191599501002184,3
191599501002185,3
191599501002186,3
191599501002187,3
191599501002188,3
191599501002189,3
191599501002200,3
191599501002201,3
191599501002292,3
191599501002293,3
191599501002300,3
191599501002351,3
191599501002352,3
191599501002353,3
191599501002360,3
191599501002361,3
191599501002362,3
191599501002363,3
191599501002364,3
191599501002365,3
191599501002366,3
191599501002367,3
191599501002368,3
191599501002369,3
191599501002370,3
191599501002371,3
191599501002372,3
191599501002373,3
191599501002374,3
191599501002375,3
191599501002376,3
191599501002377,3
191599501002381,3
191599501002382,3
191599501002385,3
191599501002386,3
191599501002387,3
191599501002388,3
191599501002389,3
191599501002390,3
191599501002391,3
191599501002392,3
191599501002393,3
191599501002394,3
191599501002395,3
191599501002396,3
191599501002397,3
191599501002398,3
191599501002399,3
191599501002400,3
191599501002405,3
191599501002406,3
191599501002407,3
191599501002408,3
191599501002409,3
191599501002410,3
191599501002411,3
191599501002412,3
191599501002413,3
191599501002414,3
191599501002415,3
191599501002416,3
191599501002417,3
191599501002418,3
191599501002419,3
191599501002420,3
191599501002421,3
191599501002422,3
191599501002423,3
191599501002424,3
191599501002425,3
191599501002426,3
191599501002427,3
191599501002428,3
191599501002429,3
191599501002430,3
191599501002431,3
191599501002432,3
191599501002433,3
191599501002434,3
191599501002435,3
191599501002436,3
191599501002437,3
191599501002439,3
191599501002460,3
191599501002461,3
191599501002619,3
191599501002620,3
191599501002626,3
191599502001003,3
191599502001004,3
191599502001005,3
191599502001006,3
191599502001007,3
191599502001008,3
191599502001009,3
191599502001020,3
191599501002165,3
191599501002166,3
191599501002167,3
191599501002173,3
191599501002174,3
191599501002175,3
191599501002176,3
191599501002190,3
191599501002191,3
191599501002192,3
191599501002193,3
191599501002194,3
191599501002195,3
191599501002196,3
191599501002197,3
191599501002198,3
191599501002199,3
191599501002202,3
191599501002203,3
191599501002204,3
191599501002205,3
191599501002206,3
191599501002207,3
191599501002208,3
191599501002209,3
191599501002210,3
191599501002211,3
191599501002212,3
191599501002213,3
191599501002214,3
191599501002215,3
191599501002216,3
191599501002217,3
191599501002218,3
191599501002294,3
191599501002622,3
191599501002623,3
191599501002629,3
191599501002630,3
191599501002632,3
191599501002219,3
191599501002220,3
191599501002221,3
191599501002222,3
191599501002223,3
191599501002224,3
191599501002229,3
191599501002230,3
191599501002231,3
191599501002232,3
191599501002233,3
191599501002234,3
191599501002255,3
191599501002256,3
191599501002271,3
191599501002272,3
191599501002276,3
191599501002278,3
191599501002279,3
191599501002280,3
191599501002281,3
191599501002282,3
191599501002283,3
191599501002284,3
191599501002285,3
191599501002286,3
191599501002287,3
191599501002288,3
191599501002289,3
191599501002290,3
191599501002291,3
191599501002295,3
191599501002296,3
191599501002297,3
191599501002298,3
191599501002299,3
191599501002301,3
191599501002302,3
191599501002303,3
191599501002304,3
191599501002305,3
191599501002306,3
191599501002307,3
191599501002308,3
191599501002309,3
191599501002310,3
191599501002311,3
191599501002312,3
191599501002313,3
191599501002314,3
191599501002315,3
191599501002316,3
191599501002317,3
191599501002318,3
191599501002319,3
191599501002320,3
191599501002321,3
191599501002322,3
191599501002323,3
191599501002324,3
191599501002325,3
191599501002326,3
191599501002327,3
191599501002328,3
191599501002329,3
191599501002330,3
191599501002331,3
191599501002332,3
191599501002333,3
191599501002334,3
191599501002335,3
191599501002336,3
191599501002337,3
191599501002338,3
191599501002339,3
191599501002340,3
191599501002341,3
191599501002342,3
191599501002343,3
191599501002344,3
191599501002345,3
191599501002346,3
191599501002347,3
191599501002348,3
191599501002349,3
191599501002350,3
191599501002354,3
191599501002355,3
191599501002446,3
191599501002456,3
191599501002480,3
191599501002481,3
191599501002482,3
191599501002483,3
191599501002621,3
191599501002624,3
191599501002625,3
191599501002273,3
191599501002274,3
191599501002275,3
191599501002356,3
191599501002357,3
191599501002358,3
191599501002359,3
191599501002438,3
191599501002440,3
191599501002441,3
191599501002442,3
191599501002443,3
191599501002444,3
191599501002445,3
191599501002447,3
191599501002449,3
191599501002450,3
191599501002451,3
191599501002452,3
191599501002453,3
191599501002454,3
191599501002455,3
191599501002457,3
191599501002458,3
191599501002459,3
191599501002462,3
191599501002463,3
191599501002472,3
191599501002473,3
191599501002474,3
191599501002475,3
191599501002476,3
191599501002477,3
191599501002495,3
191599501002496,3
191599501002497,3
191599501002508,3
191599501002509,3
191599501002511,3
191599501002518,3
191599501002519,3
191599501002520,3
191599501002521,3
191599501002527,3
191599501002528,3
191599501002529,3
191599501002605,3
191599501002606,3
191599501002607,3
191599501002608,3
191599501002448,3
191599501002498,3
191599501002499,3
191599501002500,3
191599501002501,3
191599501002502,3
191599501002503,3
191599501002504,3
191599501002505,3
191599501002507,3
191599501002510,3
191599501002512,3
191599501002513,3
191599501002514,3
191599501002464,3
191599501002465,3
191599501002466,3
191599501002467,3
191599501002468,3
191599501002469,3
191599501002470,3
191599501002471,3
191599501002522,3
191599501002523,3
191599501002524,3
191599501002525,3
191599501002526,3
191599501002530,3
191599501002531,3
191599501002532,3
191599501002533,3
191599501002536,3
191599501002537,3
191599501002538,3
191599501002542,3
191599501002543,3
191599501002595,3
191599501002596,3
191599501002597,3
191599501002598,3
191599501002599,3
191599501002600,3
191599501002601,3
191599501002602,3
191599501002603,3
191599501002604,3
191599501002610,3
191599501002611,3
191599501002612,3
191599501002613,3
191599502001019,3
191599502002048,3
191599502002049,3
191599502002050,3
191599502002051,3
191599502002085,3
191599502002086,3
191599502003039,3
191599502003040,3
191599502003041,3
191599502003042,3
191599502003043,3
191599502003044,3
191599502003045,3
191599502003046,3
191599502003047,3
191599502003048,3
191599502003049,3
191599502003050,3
191599502003051,3
191599502003052,3
191599502003053,3
191599502003054,3
191599502003055,3
191599502003056,3
191599502003057,3
191599502003058,3
191599502003059,3
191599502003061,3
191599502003062,3
191599502003063,3
191599502003064,3
191599502003065,3
191599502003066,3
191599502003067,3
191599502003068,3
191599502003252,3
191599501002478,3
191599501002479,3
191599501002484,3
191599501002485,3
191599501002486,3
191599501002487,3
191599501002488,3
191599501002489,3
191599501002490,3
191599501002491,3
191599501002492,3
191599501002493,3
191599501002494,3
191599501002506,3
191599501002515,3
191599501002516,3
191599501002517,3
191599501002534,3
191599501002535,3
191599501002539,3
191599501002540,3
191599501002541,3
191599501002544,3
191599501002545,3
191599501002546,3
191599501002547,3
191599501002548,3
191599501002549,3
191599501002550,3
191599501002551,3
191599501002552,3
191599501002553,3
191599501002554,3
191599501002555,3
191599501002556,3
191599501002557,3
191599501002558,3
191599501002559,3
191599501002560,3
191599501002561,3
191599501002562,3
191599501002563,3
191599501002564,3
191599501002565,3
191599501002566,3
191599501002567,3
191599501002568,3
191599501002569,3
191599501002570,3
191599501002571,3
191599501002572,3
191599501002573,3
191599501002574,3
191599501002575,3
191599501002576,3
191599501002577,3
191599501002578,3
191599501002579,3
191599501002580,3
191599501002581,3
191599501002582,3
191599501002583,3
191599501002584,3
191599501002585,3
191599501002586,3
191599501002587,3
191599501002588,3
191599501002589,3
191599501002590,3
191599501002591,3
191599501002592,3
191599501002593,3
191599501002594,3
191599501002609,3
191599501002614,3
191599501002615,3
191599501002616,3
191599502001012,3
191599502001013,3
191599502001014,3
191599502001015,3
191599502001016,3
191599502001017,3
191599502001018,3
191599502001021,3
191599502001022,3
191599502001023,3
191599502001024,3
191599502001025,3
191599502001026,3
191599502001027,3
191599502001028,3
191599502001029,3
191599502001030,3
191599502001031,3
191599502001032,3
191599502001033,3
191599502001034,3
191599502001035,3
191599502001036,3
191599502001037,3
191599502001038,3
191599502001039,3
191599502001040,3
191599502001041,3
191599502001042,3
191599502001043,3
191599502001044,3
191599502001045,3
191599502001046,3
191599502001047,3
191599502001048,3
191599502001049,3
191599502001050,3
191599502001051,3
191599502001052,3
191599502001053,3
191599502001054,3
191599502001055,3
191599502001056,3
191599502001057,3
191599502001058,3
191599502001059,3
191599502001060,3
191599502001061,3
191599502001062,3
191599502001063,3
191599502001064,3
191599502001065,3
191599502001066,3
191599502001067,3
191599502001068,3
191599502001069,3
191599502001070,3
191599502001071,3
191599502001072,3
191599502001073,3
191599502001074,3
191599502001075,3
191599502001076,3
191599502001077,3
191599502001078,3
191599502001079,3
191599502002001,3
191599502002002,3
191599502002003,3
191599502002004,3
191599502002005,3
191599502002006,3
191599502002008,3
191599502002009,3
191599502002010,3
191599502002011,3
191599502002012,3
191599502002013,3
191599502002014,3
191599502002015,3
191599502002016,3
191599502002017,3
191599502002018,3
191599502002019,3
191599502002020,3
191599502002021,3
191599502002022,3
191599502002023,3
191599502002024,3
191599502002025,3
191599502002026,3
191599502002027,3
191599502002028,3
191599502002029,3
191599502002030,3
191599502002031,3
191599502002032,3
191599502002033,3
191599502002034,3
191599502002035,3
191599502002036,3
191599502002037,3
191599502002038,3
191599502002039,3
191599502002040,3
191599502002041,3
191599502002042,3
191599502002043,3
191599502002044,3
191599502002045,3
191599502002046,3
191599502002047,3
191599502002052,3
191599502002053,3
191599502002054,3
191599502002055,3
191599502002056,3
191599502002057,3
191599502002058,3
191599502002059,3
191599502002060,3
191599502002061,3
191599502002062,3
191599502002063,3
191599502002064,3
191599502002065,3
191599502002066,3
191599502002067,3
191599502002068,3
191599502002069,3
191599502002070,3
191599502002071,3
191599502002072,3
191599502002073,3
191599502002074,3
191599502002075,3
191599502002076,3
191599502002077,3
191599502002078,3
191599502002079,3
191599502002080,3
191599502002081,3
191599502002082,3
191599502002083,3
191599502002084,3
191599502002089,3
191599502003007,3
191599502003011,3
191599502002000,3
191599502002007,3
191599502002087,3
191599502002088,3
191599502003000,3
191599502003001,3
191599502003002,3
191599502003003,3
191599502003004,3
191599502003005,3
191599502003006,3
191599502003008,3
191599502003009,3
191599502003010,3
191599502003012,3
191599502003013,3
191599502003014,3
191599502003015,3
191599502003016,3
191599502003017,3
191599502003018,3
191599502003019,3
191599502003020,3
191599502003021,3
191599502003022,3
191599502003023,3
191599502003024,3
191599502003025,3
191599502003026,3
191599502003027,3
191599502003028,3
191599502003029,3
191599502003030,3
191599502003031,3
191599502003032,3
191599502003033,3
191599502003034,3
191599502003035,3
191599502003036,3
191599502003037,3
191599502003038,3
191599502003060,3
191599502003069,3
191599502003070,3
191599502003071,3
191599502003253,3
191599502003254,3
191599502003255,3
191599502003256,3
191599502003257,3
191599502003258,3
191599502003259,3
191599502003260,3
191599502003261,3
191599502003262,3
191599502003263,3
191599502003264,3
191599502003265,3
191599502003266,3
191599502003267,3
191599502003268,3
191599502003269,3
191599502003274,3
191599502003275,3
191599502003276,3
191599502003277,3
191599502004059,3
191599502004060,3
191599502004061,3
191599502004062,3
191599502004063,3
191599502004064,3
191599502004065,3
191599502004169,3
191599502004170,3
191599502004171,3
191599502004172,3
191599502004175,3
191599502004176,3
191599502004177,3
191599502004231,3
191599502004232,3
191599502004233,3
191599502004297,3
191599502003072,3
191599502003073,3
191599502003074,3
191599502003075,3
191599502003076,3
191599502003080,3
191599502003081,3
191599502003082,3
191599502003087,3
191599502003088,3
191599502003089,3
191599502003090,3
191599502003091,3
191599502003092,3
191599502003093,3
191599502003094,3
191599502003095,3
191599502003096,3
191599502003097,3
191599502003098,3
191599502003099,3
191599502003100,3
191599502003101,3
191599502003102,3
191599502003103,3
191599502003104,3
191599502003135,3
191599502003136,3
191599502003137,3
191599502003138,3
191599502003139,3
191599502003140,3
191599502003141,3
191599502003142,3
191599502003143,3
191599502003144,3
191599502003145,3
191599502003146,3
191599502003147,3
191599502003148,3
191599502003149,3
191599502003150,3
191599502003151,3
191599502003152,3
191599502003153,3
191599502003154,3
191599502003155,3
191599502003156,3
191599502003157,3
191599502003158,3
191599502003159,3
191599502003160,3
191599502003161,3
191599502003162,3
191599502003163,3
191599502003164,3
191599502003165,3
191599502003166,3
191599502003173,3
191599502003174,3
191599502003206,3
191599502003209,3
191599502003210,3
191599502003211,3
191599502003212,3
191599502003213,3
191599502003214,3
191599502003216,3
191599502003251,3
191599502003077,3
191599502003078,3
191599502003079,3
191599502003083,3
191599502003084,3
191599502003085,3
191599502003086,3
191599502003167,3
191599502003168,3
191599502003169,3
191599502003170,3
191599502003171,3
191599502003172,3
191599502003273,3
191599502004174,3
191599502004228,3
191599502004229,3
191599502004230,3
191599502004234,3
191599502004235,3
191599502004236,3
191599502004237,3
191599502004238,3
191599502004239,3
191599502004240,3
191599502004241,3
191599502004242,3
191599502004243,3
191599502004244,3
191599502004245,3
191599502004246,3
191599502004247,3
191599502004248,3
191599502004249,3
191599502004250,3
191599502004251,3
191599502004252,3
191599502004253,3
191599502004254,3
191599502004255,3
191599502004256,3
191599502004257,3
191599502004258,3
191599502004259,3
191599502004260,3
191599502004261,3
191599502004262,3
191599502004263,3
191599502004264,3
191599502004265,3
191599502004266,3
191599502004270,3
191599502004271,3
191599502004272,3
191599502004273,3
191599502004274,3
191599502004275,3
191599502004276,3
191599502004277,3
191599502004278,3
191599502004279,3
191599502004280,3
191599502004281,3
191599502004282,3
191599502004283,3
191599502004284,3
191599502004285,3
191599502004292,3
191599502004293,3
191599502004294,3
191599502004295,3
191599502004296,3
191599502004298,3
191599502004311,3
191599502004314,3
191599502003105,3
191599502003106,3
191599502003107,3
191599502003108,3
191599502003109,3
191599502003110,3
191599502003111,3
191599502003112,3
191599502003113,3
191599502003114,3
191599502003115,3
191599502003116,3
191599502003117,3
191599502003118,3
191599502003119,3
191599502003120,3
191599502003121,3
191599502003122,3
191599502003123,3
191599502003124,3
191599502003125,3
191599502003126,3
191599502003127,3
191599502003128,3
191599502003129,3
191599502003130,3
191599502003131,3
191599502003132,3
191599502003133,3
191599502003134,3
191599502003175,3
191599502003176,3
191599502003177,3
191599502003178,3
191599502003179,3
191599502003180,3
191599502003181,3
191599502003182,3
191599502003183,3
191599502003184,3
191599502003185,3
191599502003186,3
191599502003187,3
191599502003188,3
191599502003189,3
191599502003190,3
191599502003191,3
191599502003192,3
191599502003193,3
191599502003194,3
191599502003195,3
191599502003196,3
191599502003197,3
191599502003198,3
191599502003199,3
191599502003200,3
191599502003201,3
191599502003202,3
191599502003203,3
191599502003204,3
191599502003205,3
191599502003207,3
191599502003208,3
191599502003215,3
191599502003217,3
191599502003218,3
191599502003219,3
191599502003220,3
191599502003221,3
191599502003222,3
191599502003223,3
191599502003224,3
191599502003225,3
191599502003226,3
191599502003227,3
191599502003228,3
191599502003229,3
191599502003230,3
191599502003231,3
191599502003232,3
191599502003233,3
191599502003234,3
191599502003235,3
191599502003236,3
191599502003237,3
191599502003238,3
191599502003239,3
191599502003240,3
191599502003241,3
191599502003242,3
191599502003243,3
191599502003244,3
191599502003245,3
191599502003246,3
191599502003247,3
191599502003248,3
191599502003249,3
191599502003250,3
191599502003270,3
191599502003271,3
191599502003272,3
191599502004161,3
191599502004162,3
191599502004163,3
191599502004173,3
191599502004178,3
191599502004179,3
191599502004180,3
191599502004181,3
191599502004182,3
191599502004183,3
191599502004184,3
191599502004185,3
191599502004186,3
191599502004188,3
191599502004189,3
191599502004190,3
191599502004191,3
191599502004192,3
191599502004193,3
191599502004194,3
191599502004195,3
191599502004196,3
191599502004197,3
191599502004198,3
191599502004199,3
191599502004200,3
191599502004201,3
191599502004202,3
191599502004203,3
191599502004204,3
191599502004205,3
191599502004206,3
191599502004207,3
191599502004208,3
191599502004209,3
191599502004210,3
191599502004211,3
191599502004212,3
191599502004213,3
191599502004214,3
191599502004215,3
191599502004216,3
191599502004217,3
191599502004218,3
191599502004219,3
191599502004220,3
191599502004221,3
191599502004222,3
191599502004223,3
191599502004224,3
191599502004225,3
191599502004226,3
191599502004227,3
191599502004267,3
191599502004268,3
191599502004269,3
191599502004286,3
191599502004287,3
191599502004288,3
191599502004289,3
191599502004290,3
191599502004291,3
191599502004299,3
191599502004300,3
191599502004301,3
191599502004302,3
191599502004303,3
191599502004304,3
191599502004305,3
191599502004306,3
191599502004307,3
191599502004308,3
191599502004309,3
191599502004310,3
191599502004312,3
191599502004313,3
191599502004315,3
191599502004316,3
191599502004317,3
191599502004318,3
191599502004319,3
191599502004320,3
191599502004321,3
191599502004322,3
191610801001000,4
191610801001001,4
191610801001002,4
191610801001003,4
191610801001004,4
191610801001005,4
191610801001006,4
191610801001026,4
191610801001027,4
191610801001028,4
191610801001029,4
191610801001030,4
191610801001031,4
191610801001032,4
191610801001033,4
191610801001034,4
191610801001035,4
191610801001036,4
191610801001037,4
191610801001038,4
191610801001039,4
191610801001040,4
191610801001041,4
191610801001046,4
191610801001047,4
191610801001048,4
191610801001049,4
191610801001050,4
191610801001051,4
191610801001052,4
191610801001053,4
191610801001054,4
191610801001055,4
191610801001056,4
191610801001057,4
191610801001058,4
191610801001059,4
191610801001060,4
191610801001061,4
191610801001062,4
191610801001063,4
191610801001064,4
191610801001065,4
191610801001066,4
191610801001067,4
191610801001068,4
191610801001069,4
191610801001070,4
191610801001071,4
191610801001072,4
191610801001073,4
191610801001074,4
191610801001075,4
191610801001076,4
191610801001077,4
191610801001078,4
191610801001079,4
191610801001083,4
191610801001084,4
191610801001085,4
191610801001086,4
191610801001087,4
191610801001088,4
191610801001089,4
191610801001094,4
191610801001097,4
191610801001117,4
191610801001118,4
191610801001119,4
191610801001120,4
191610801001121,4
191610801001122,4
191610801001123,4
191610801001124,4
191610801001162,4
191610801001163,4
191610801001164,4
191610801001165,4
191610801001166,4
191610801001190,4
191610801001191,4
191610801001192,4
191610801001236,4
191610801001007,4
191610801001008,4
191610801001009,4
191610801001010,4
191610801001011,4
191610801001012,4
191610801001013,4
191610801001014,4
191610801001015,4
191610801001016,4
191610801001017,4
191610801001018,4
191610801001019,4
191610801001020,4
191610801001021,4
191610801001022,4
191610801001023,4
191610801001024,4
191610801001025,4
191610801001042,4
191610801001043,4
191610801001044,4
191610801001045,4
191610801001125,4
191610801001126,4
191610801001127,4
191610801001128,4
191610801001129,4
191610801001130,4
191610801001131,4
191610801001132,4
191610801001133,4
191610801001134,4
191610801001135,4
191610801001136,4
191610801001137,4
191610801001138,4
191610801001139,4
191610801001140,4
191610801001141,4
191610801001142,4
191610801001143,4
191610801001144,4
191610801001145,4
191610801001146,4
191610801001147,4
191610801001148,4
191610801001149,4
191610801001150,4
191610801001151,4
191610801001152,4
191610801001153,4
191610801001154,4
191610801001155,4
191610801001156,4
191610801001157,4
191610801001158,4
191610801001159,4
191610801001160,4
191610801001161,4
191610801001167,4
191610801001168,4
191610801001169,4
191610801001170,4
191610801001171,4
191610801001172,4
191610801001173,4
191610801001174,4
191610801001175,4
191610801001176,4
191610801001177,4
191610801001178,4
191610801001179,4
191610801001180,4
191610801001181,4
191610801001182,4
191610801001183,4
191610801001184,4
191610801001185,4
191610801001186,4
191610801001235,4
191610801001080,4
191610801001081,4
191610801001082,4
191610801001090,4
191610801001091,4
191610801001092,4
191610801001093,4
191610801001095,4
191610801001096,4
191610801001098,4
191610801001099,4
191610801001100,4
191610801001101,4
191610801001102,4
191610801001103,4
191610801001104,4
191610801001105,4
191610801001106,4
191610801001107,4
191610801001108,4
191610801001109,4
191610801001110,4
191610801001111,4
191610801001203,4
191610801001204,4
191610801001205,4
191610801001206,4
191610801001207,4
191610801001208,4
191610801001209,4
191610801001210,4
191610801001211,4
191610801001212,4
191610801001213,4
191610801001214,4
191610801001215,4
191610801001216,4
191610801001217,4
191610801001218,4
191610801001219,4
191610801001220,4
191610801001221,4
191610801001222,4
191610801001223,4
191610801001224,4
191610801001225,4
191610801001226,4
191610801001227,4
191610801001228,4
191610801001229,4
191610801001230,4
191610801001253,4
191610804001000,4
191610804001003,4
191610804001023,4
191610804001024,4
191610804001025,4
191610804001026,4
191610804001027,4
191610804001028,4
191610804001029,4
191610804001030,4
191610804001031,4
191610804001032,4
191610804001053,4
191610804001054,4
191610804001055,4
191610804001056,4
191610804001057,4
191610804001058,4
191610804001066,4
191610801001112,4
191610801001113,4
191610801001114,4
191610801001115,4
191610801001116,4
191610801001187,4
191610801001188,4
191610801001189,4
191610801001193,4
191610801001194,4
191610801001195,4
191610801001196,4
191610801001197,4
191610801001198,4
191610801001199,4
191610801001200,4
191610801001201,4
191610801001202,4
191610801001231,4
191610801001232,4
191610801001233,4
191610801001234,4
191610801001237,4
191610801001238,4
191610801001239,4
191610801001240,4
191610801001241,4
191610801001242,4
191610801001243,4
191610801001244,4
191610801001245,4
191610801001246,4
191610801001247,4
191610801001248,4
191610801001249,4
191610801001250,4
191610801001251,4
191610801001252,4
191610803001009,4
191610803001010,4
191610803001011,4
191610803001012,4
191610803001013,4
191610803001014,4
191610803001015,4
191610803001016,4
191610803001017,4
191610803001018,4
191610803001019,4
191610803001020,4
191610803001021,4
191610803001022,4
191610803001023,4
191610804001035,4
191610804001036,4
191610804001060,4
191610804001061,4
191610804001062,4
191610804001063,4
191610804001064,4
191610804001065,4
191610804002000,4
191610804002001,4
191610804002002,4
191610804002003,4
191610804002004,4
191610804002005,4
191610804002006,4
191610804002007,4
191610804002008,4
191610804002009,4
191610804002010,4
191610804002031,4
191610804002032,4
191610804002059,4
191610804002060,4
191610804003025,4
191610804003026,4
191610804004029,4
191610801002000,4
191610801002001,4
191610801002002,4
191610801002003,4
191610801002004,4
191610801002005,4
191610801002006,4
191610801002007,4
191610801002008,4
191610801002009,4
191610801002010,4
191610801002011,4
191610801002012,4
191610801002013,4
191610801002014,4
191610801002015,4
191610801002016,4
191610801002017,4
191610801002018,4
191610801002019,4
191610801002020,4
191610801002021,4
191610801002022,4
191610801002023,4
191610801002024,4
191610801002025,4
191610801002026,4
191610801002027,4
191610801002028,4
191610801002029,4
191610801002030,4
191610801002031,4
191610801002032,4
191610801002033,4
191610801002034,4
191610801002035,4
191610801002036,4
191610801002037,4
191610801002038,4
191610801002039,4
191610801002040,4
191610801002041,4
191610801002042,4
191610801002043,4
191610801002044,4
191610801002045,4
191610801002046,4
191610801002047,4
191610801002048,4
191610801002049,4
191610801002050,4
191610801002051,4
191610801002052,4
191610801002053,4
191610801002054,4
191610801002055,4
191610801002056,4
191610801002057,4
191610801003101,4
191610801003102,4
191610801003118,4
191610801003119,4
191610801003120,4
191610801003138,4
191610801003139,4
191610801003140,4
191610801003141,4
191610801003146,4
191610801003147,4
191610801003148,4
191610801003149,4
191610801003150,4
191610801003164,4
191610801003165,4
191610801003166,4
191610801003167,4
191610801003168,4
191610801003169,4
191610801003170,4
191610801003171,4
191610801003172,4
191610801003173,4
191610801003174,4
191610801003175,4
191610801003176,4
191610801003177,4
191610801003178,4
191610801003179,4
191610801003180,4
191610801003181,4
191610801003182,4
191610801003183,4
191610801003184,4
191610801003185,4
191610801003186,4
191610801003187,4
191610801003188,4
191610801003189,4
191610801003219,4
191610801003222,4
191610801003223,4
191610801003000,4
191610801003001,4
191610801003002,4
191610801003003,4
191610801003004,4
191610801003005,4
191610801003006,4
191610801003007,4
191610801003026,4
191610801003027,4
191610801003028,4
191610801003036,4
191610801003037,4
191610801003038,4
191610801003039,4
191610801003040,4
191610801003041,4
191610801003042,4
191610801003043,4
191610801003044,4
191610801003045,4
191610801003046,4
191610801003047,4
191610801003048,4
191610801003049,4
191610801003050,4
191610801003051,4
191610801003052,4
191610801003053,4
191610801003054,4
191610801003055,4
191610801003056,4
191610801003057,4
191610801003058,4
191610801003059,4
191610801003060,4
191610801003061,4
191610801003062,4
191610801003063,4
191610801003064,4
191610801003065,4
191610801003066,4
191610801003067,4
191610801003068,4
191610801003069,4
191610801003070,4
191610801003071,4
191610801003072,4
191610801003073,4
191610801003076,4
191610801003077,4
191610801003078,4
191610801003079,4
191610801003080,4
191610801003081,4
191610801003082,4
191610801003083,4
191610801003084,4
191610801003085,4
191610801003086,4
191610801003087,4
191610801003088,4
191610801003089,4
191610801003090,4
191610801003091,4
191610801003092,4
191610801003093,4
191610801003094,4
191610801003095,4
191610801003097,4
191610801003098,4
191610801003099,4
191610801003100,4
191610801003121,4
191610801003122,4
191610801003123,4
191610801003124,4
191610801003125,4
191610801003224,4
191610801003225,4
191610801003226,4
191610801003008,4
191610801003009,4
191610801003010,4
191610801003011,4
191610801003012,4
191610801003013,4
191610801003014,4
191610801003015,4
191610801003016,4
191610801003017,4
191610801003018,4
191610801003019,4
191610801003020,4
191610801003021,4
191610801003022,4
191610801003023,4
191610801003024,4
191610801003025,4
191610801003029,4
191610801003030,4
191610801003031,4
191610801003032,4
191610801003033,4
191610801003034,4
191610801003035,4
191610801003074,4
191610801003075,4
191610801003096,4
191610801003196,4
191610801003197,4
191610801003198,4
191610801003199,4
191610801003200,4
191610801003201,4
191610801003202,4
191610801003203,4
191610801003204,4
191610801003205,4
191610801003206,4
191610801003207,4
191610801003208,4
191610801003209,4
191610801003210,4
191610801003211,4
191610801003212,4
191610801003213,4
191610801003214,4
191610801003215,4
191610801003216,4
191610801003217,4
191610801003218,4
191610801003220,4
191610801003221,4
191610801004000,4
191610801004001,4
191610801004002,4
191610801004003,4
191610801004004,4
191610801004005,4
191610801004006,4
191610801004007,4
191610801004008,4
191610801004009,4
191610801004010,4
191610801004011,4
191610801004012,4
191610801004013,4
191610801004014,4
191610801004015,4
191610801004016,4
191610801004017,4
191610801004018,4
191610801004019,4
191610801004020,4
191610801004021,4
191610801004022,4
191610801004023,4
191610801004024,4
191610801004025,4
191610801004026,4
191610801004027,4
191610801004028,4
191610801004029,4
191610801004030,4
191610801004031,4
191610801004032,4
191610801004033,4
191610801004034,4
191610801004035,4
191610801004036,4
191610801004037,4
191610801004038,4
191610801004039,4
191610801003103,4
191610801003104,4
191610801003105,4
191610801003106,4
191610801003107,4
191610801003108,4
191610801003109,4
191610801003110,4
191610801003111,4
191610801003112,4
191610801003113,4
191610801003114,4
191610801003115,4
191610801003116,4
191610801003117,4
191610801003126,4
191610801003127,4
191610801003128,4
191610801003129,4
191610801003130,4
191610801003131,4
191610801003132,4
191610801003133,4
191610801003134,4
191610801003135,4
191610801003136,4
191610801003137,4
191610801003142,4
191610801003143,4
191610801003144,4
191610801003145,4
191610801003151,4
191610801003152,4
191610801003153,4
191610801003154,4
191610801003155,4
191610801003156,4
191610801003157,4
191610801003158,4
191610801003159,4
191610801003160,4
191610801003161,4
191610801003162,4
191610801003163,4
191610801003190,4
191610801003191,4
191610801003192,4
191610801003193,4
191610801003194,4
191610801003195,4
191610802001000,4
191610802001202,4
191610803001006,4
191610803001007,4
191610803001008,4
191610803001024,4
191610803001025,4
191610803001026,4
191610803001027,4
191610803001028,4
191610803001029,4
191610803001030,4
191610803001031,4
191610803001032,4
191610803001033,4
191610803001034,4
191610803001035,4
191610803001036,4
191610803001037,4
191610803001038,4
191610803001039,4
191610803001040,4
191610803001041,4
191610803001042,4
191610803001043,4
191610803001044,4
191610803001045,4
191610803001046,4
191610803001047,4
191610803001048,4
191610803001049,4
191610803001050,4
191610803001051,4
191610803001052,4
191610803001053,4
191610803001054,4
191610803001055,4
191610803001056,4
191610803001061,4
191610803001062,4
191610803001063,4
191610803001064,4
191610803001065,4
191610803001066,4
191610803001067,4
191610803001068,4
191610803001069,4
191610803001070,4
191610803001071,4
191610803001072,4
191610803001075,4
191610803001076,4
191610803001078,4
191610803001079,4
191610803001080,4
191610803001081,4
191610803001082,4
191610803001083,4
191610803001084,4
191610803001113,4
191610803001114,4
191610803001122,4
191610803001137,4
191610803003000,4
191610803003025,4
191610803003027,4
191610803004000,4
191610803004001,4
191610803004002,4
191610803004003,4
191610803004041,4
191610802001001,4
191610802001002,4
191610802001003,4
191610802001004,4
191610802001005,4
191610802001006,4
191610802001007,4
191610802001008,4
191610802001009,4
191610802001010,4
191610802001011,4
191610802001012,4
191610802001017,4
191610802001018,4
191610802001019,4
191610802001020,4
191610802001021,4
191610802001022,4
191610802001023,4
191610802001024,4
191610802001025,4
191610802001026,4
191610802001027,4
191610802001028,4
191610802001029,4
191610802001030,4
191610802001031,4
191610802001032,4
191610802001033,4
191610802001034,4
191610802001035,4
191610802001036,4
191610802001037,4
191610802001038,4
191610802001039,4
191610802001040,4
191610802001041,4
191610802001045,4
191610802001046,4
191610802001047,4
191610802001048,4
191610802001049,4
191610802001050,4
191610802001051,4
191610802001052,4
191610802001053,4
191610802001054,4
191610802001055,4
191610802001056,4
191610802001057,4
191610802001058,4
191610802001059,4
191610802001069,4
191610802001070,4
191610802001071,4
191610802001072,4
191610802001073,4
191610802001074,4
191610802001075,4
191610802001079,4
191610802001080,4
191610802001081,4
191610802001082,4
191610802001083,4
191610802001084,4
191610802001085,4
191610802001086,4
191610802001013,4
191610802001014,4
191610802001015,4
191610802001016,4
191610802001042,4
191610802001043,4
191610802001044,4
191610802001060,4
191610802001061,4
191610802001062,4
191610802001063,4
191610802001064,4
191610802001065,4
191610802001066,4
191610802001067,4
191610802001068,4
191610802001076,4
191610802001109,4
191610802002000,4
191610802002001,4
191610802002002,4
191610802002003,4
191610802002004,4
191610802002005,4
191610802002006,4
191610802002007,4
191610802002008,4
191610802002009,4
191610802002010,4
191610802002011,4
191610802002012,4
191610802002013,4
191610802002014,4
191610802002015,4
191610802002016,4
191610802002017,4
191610802002018,4
191610802002019,4
191610802002020,4
191610802002021,4
191610802002022,4
191610802002023,4
191610802002024,4
191610802002025,4
191610802002026,4
191610802002027,4
191610802002028,4
191610802002029,4
191610802002030,4
191610802002031,4
191610802002032,4
191610802002033,4
191610802002034,4
191610802002035,4
191610802002036,4
191610802002037,4
191610802002038,4
191610802002039,4
191610802002040,4
191610802002041,4
191610802002042,4
191610802002043,4
191610802002044,4
191610802002045,4
191610802002046,4
191610802002047,4
191610802002048,4
191610802002049,4
191610802002050,4
191610802002051,4
191610802002052,4
191610802002053,4
191610802002054,4
191610802002055,4
191610802002056,4
191610802002057,4
191610802002058,4
191610802002059,4
191610802002060,4
191610802002061,4
191610802002062,4
191610802002063,4
191610802002064,4
191610802002065,4
191610802002066,4
191610802002067,4
191610802002109,4
191610802002110,4
191610802002111,4
191610802002112,4
191610802002113,4
191610802002114,4
191610802003000,4
191610802003001,4
191610802003002,4
191610802003003,4
191610802003004,4
191610802003005,4
191610802003006,4
191610802003007,4
191610802003008,4
191610802003009,4
191610802003010,4
191610802003011,4
191610802003012,4
191610802003013,4
191610802003014,4
191610802003015,4
191610802003016,4
191610802003017,4
191610802003018,4
191610802003019,4
191610802003020,4
191610802003021,4
191610802003022,4
191610802003023,4
191610802003024,4
191610802003025,4
191610802003026,4
191610802003027,4
191610802003028,4
191610802003029,4
191610802003030,4
191610802003031,4
191610802003032,4
191610802003033,4
191610802003034,4
191610802003035,4
191610802003036,4
191610802003037,4
191610802001077,4
191610802001078,4
191610802001087,4
191610802001088,4
191610802001089,4
191610802001090,4
191610802001091,4
191610802001092,4
191610802001093,4
191610802001094,4
191610802001095,4
191610802001096,4
191610802001097,4
191610802001098,4
191610802001099,4
191610802001100,4
191610802001101,4
191610802001102,4
191610802001103,4
191610802001104,4
191610802001105,4
191610802001106,4
191610802001107,4
191610802001110,4
191610802001111,4
191610802001115,4
191610802001116,4
191610802001117,4
191610802001118,4
191610802001119,4
191610802001120,4
191610802001121,4
191610802001122,4
191610802001123,4
191610802001124,4
191610802001125,4
191610802001126,4
191610802001127,4
191610802001128,4
191610802001129,4
191610802001130,4
191610802001131,4
191610802001132,4
191610802001133,4
191610802001134,4
191610802001135,4
191610802001138,4
191610802001139,4
191610802001140,4
191610802001142,4
191610802001143,4
191610802001144,4
191610802001145,4
191610802001146,4
191610802001147,4
191610802001148,4
191610802001149,4
191610802001150,4
191610802001151,4
191610802001152,4
191610802001153,4
191610802001154,4
191610802001178,4
191610802001179,4
191610802001180,4
191610802001181,4
191610802001182,4
191610802001183,4
191610802001184,4
191610802001185,4
191610802001186,4
191610802001187,4
191610802001188,4
191610802001189,4
191610802001190,4
191610802001191,4
191610802001197,4
191610802001198,4
191610802001199,4
191610802001200,4
191610802001201,4
191610802004014,4
191610802004015,4
191610802004043,4
191610802004044,4
191610802004045,4
191610802004046,4
191610802004051,4
191610802004052,4
191610802001108,4
191610802001112,4
191610802001113,4
191610802001114,4
191610802001136,4
191610802001137,4
191610802001141,4
191610802002068,4
191610802002069,4
191610802002070,4
191610802002071,4
191610802002072,4
191610802002073,4
191610802002074,4
191610802002075,4
191610802002076,4
191610802002077,4
191610802002078,4
191610802002079,4
191610802002080,4
191610802002081,4
191610802002082,4
191610802002083,4
191610802002084,4
191610802002085,4
191610802002086,4
191610802002087,4
191610802002088,4
191610802002089,4
191610802002090,4
191610802002091,4
191610802002092,4
191610802002093,4
191610802002094,4
191610802002095,4
191610802002096,4
191610802002097,4
191610802002098,4
191610802002099,4
191610802002100,4
191610802002101,4
191610802002102,4
191610802002103,4
191610802002104,4
191610802002105,4
191610802002106,4
191610802002107,4
191610802002108,4
191610802002115,4
191610802001155,4
191610802001156,4
191610802001157,4
191610802001158,4
191610802001159,4
191610802001160,4
191610802001161,4
191610802001162,4
191610802001163,4
191610802001164,4
191610802001165,4
191610802001166,4
191610802001167,4
191610802001168,4
191610802001169,4
191610802001170,4
191610802001171,4
191610802001172,4
191610802001173,4
191610802001174,4
191610802001175,4
191610802001176,4
191610802001177,4
191610802001192,4
191610802001193,4
191610802001194,4
191610802001195,4
191610802001196,4
191610802004000,4
191610802004001,4
191610802004039,4
191610802004040,4
191610802004050,4
191610803001135,4
191610803001136,4
191610803001143,4
191610803001144,4
191610803001146,4
191610803002036,4
191610803002037,4
191610803002038,4
191610803002039,4
191610803002040,4
191610803002041,4
191610803002042,4
191610803002043,4
191610803002044,4
191610803002045,4
191610803002046,4
191610803002047,4
191610803002048,4
191610803002049,4
191610803002050,4
191610803002100,4
191610803002103,4
191610803002107,4
191610803003032,4
191610803004031,4
191610803004032,4
191610803004033,4
191610803004039,4
191610803004040,4
191610803004042,4
191610802004002,4
191610802004003,4
191610802004004,4
191610802004005,4
191610802004006,4
191610802004007,4
191610802004008,4
191610802004009,4
191610802004010,4
191610802004011,4
191610802004012,4
191610802004013,4
191610802004016,4
191610802004017,4
191610802004018,4
191610802004019,4
191610802004020,4
191610802004021,4
191610802004022,4
191610802004023,4
191610802004024,4
191610802004025,4
191610802004026,4
191610802004027,4
191610802004028,4
191610802004029,4
191610802004030,4
191610802004031,4
191610802004032,4
191610802004033,4
191610802004034,4
191610802004035,4
191610802004036,4
191610802004037,4
191610802004038,4
191610802004041,4
191610802004042,4
191610802004047,4
191610802004048,4
191610802004049,4
191610802004053,4
191610802004054,4
191610802004055,4
191610803001000,4
191610803001001,4
191610803001002,4
191610803001003,4
191610803001004,4
191610803001005,4
191610803001057,4
191610803001058,4
191610803001059,4
191610803001060,4
191610803001085,4
191610803001086,4
191610803001087,4
191610803001088,4
191610803001089,4
191610803001090,4
191610803001091,4
191610803001092,4
191610803001093,4
191610803001094,4
191610803001095,4
191610803001096,4
191610803001097,4
191610803001098,4
191610803001099,4
191610803001100,4
191610803001101,4
191610803001102,4
191610803001103,4
191610803001104,4
191610803001105,4
191610803001106,4
191610803001107,4
191610803001108,4
191610803001109,4
191610803001110,4
191610803001111,4
191610803001112,4
191610803001115,4
191610803001116,4
191610803001117,4
191610803001118,4
191610803001119,4
191610803001120,4
191610803001121,4
191610803001123,4
191610803001124,4
191610803001128,4
191610803001129,4
191610803001130,4
191610803001131,4
191610803001138,4
191610803001139,4
191610803001140,4
191610803001142,4
191610803002000,4
191610803002001,4
191610803002002,4
191610803002003,4
191610803002004,4
191610803002005,4
191610803002006,4
191610803002007,4
191610803002008,4
191610803002009,4
191610803002014,4
191610803002015,4
191610803002016,4
191610803002017,4
191610803002018,4
191610803002019,4
191610803002104,4
191610803002110,4
191610803002111,4
191610803001073,4
191610803001074,4
191610803001077,4
191610803001141,4
191610803001145,4
191610803003001,4
191610803003002,4
191610803003003,4
191610803003004,4
191610803003005,4
191610803003006,4
191610803003007,4
191610803003008,4
191610803003009,4
191610803003010,4
191610803003011,4
191610803003012,4
191610803003013,4
191610803003014,4
191610803003015,4
191610803003016,4
191610803003017,4
191610803003018,4
191610803003019,4
191610803003020,4
191610803003021,4
191610803003022,4
191610803003023,4
191610803003024,4
191610803003026,4
191610803003028,4
191610803003029,4
191610803003030,4
191610803003031,4
191610803003033,4
191610803003034,4
191610803003035,4
191610803004004,4
191610803004005,4
191610803004006,4
191610803004007,4
191610803004008,4
191610803004009,4
191610803004010,4
191610803004011,4
191610803004012,4
191610803004013,4
191610803004014,4
191610803004015,4
191610803004016,4
191610803004017,4
191610803004018,4
191610803004019,4
191610803004020,4
191610803004021,4
191610803004022,4
191610803004023,4
191610803004024,4
191610803004025,4
191610803004026,4
191610803004027,4
191610803004028,4
191610803004029,4
191610803004030,4
191610803004034,4
191610803004035,4
191610803004036,4
191610803004037,4
191610803004038,4
191610803004043,4
191610803004044,4
191610803004045,4
191610803004046,4
191610803004047,4
191610803004048,4
191610803001125,4
191610803001126,4
191610803001127,4
191610803001132,4
191610803001133,4
191610803001134,4
191610803002010,4
191610803002011,4
191610803002012,4
191610803002013,4
191610803002020,4
191610803002021,4
191610803002022,4
191610803002023,4
191610803002024,4
191610803002025,4
191610803002026,4
191610803002027,4
191610803002028,4
191610803002029,4
191610803002030,4
191610803002031,4
191610803002032,4
191610803002033,4
191610803002034,4
191610803002035,4
191610803002051,4
191610803002052,4
191610803002053,4
191610803002054,4
191610803002055,4
191610803002056,4
191610803002057,4
191610803002058,4
191610803002059,4
191610803002060,4
191610803002061,4
191610803002062,4
191610803002063,4
191610803002064,4
191610803002065,4
191610803002066,4
191610803002067,4
191610803002068,4
191610803002069,4
191610803002070,4
191610803002071,4
191610803002072,4
191610803002073,4
191610803002074,4
191610803002075,4
191610803002076,4
191610803002077,4
191610803002078,4
191610803002079,4
191610803002080,4
191610803002081,4
191610803002082,4
191610803002083,4
191610803002084,4
191610803002085,4
191610803002086,4
191610803002087,4
191610803002088,4
191610803002089,4
191610803002090,4
191610803002091,4
191610803002092,4
191610803002093,4
191610803002094,4
191610803002095,4
191610803002096,4
191610803002097,4
191610803002098,4
191610803002099,4
191610803002101,4
191610803002102,4
191610803002105,4
191610803002106,4
191610803002108,4
191610803002109,4
191610804001001,4
191610804001002,4
191610804001004,4
191610804001005,4
191610804001006,4
191610804001007,4
191610804001008,4
191610804001009,4
191610804001010,4
191610804001011,4
191610804001012,4
191610804001013,4
191610804001014,4
191610804001015,4
191610804001016,4
191610804001017,4
191610804001018,4
191610804001019,4
191610804001020,4
191610804001021,4
191610804001022,4
191610804001033,4
191610804001034,4
191610804001037,4
191610804001038,4
191610804001039,4
191610804001040,4
191610804001041,4
191610804001042,4
191610804001043,4
191610804001044,4
191610804001045,4
191610804001046,4
191610804001047,4
191610804001048,4
191610804001049,4
191610804001050,4
191610804001051,4
191610804001052,4
191610804001059,4
191610804002011,4
191610804002012,4
191610804002013,4
191610804002014,4
191610804002015,4
191610804002016,4
191610804002017,4
191610804002018,4
191610804002019,4
191610804002020,4
191610804002021,4
191610804002022,4
191610804002023,4
191610804002024,4
191610804002025,4
191610804002026,4
191610804002027,4
191610804002028,4
191610804002029,4
191610804002030,4
191610804002033,4
191610804002034,4
191610804002035,4
191610804002036,4
191610804002037,4
191610804002038,4
191610804002039,4
191610804002040,4
191610804002041,4
191610804002042,4
191610804002043,4
191610804002044,4
191610804002045,4
191610804002046,4
191610804002047,4
191610804002048,4
191610804002049,4
191610804002050,4
191610804002051,4
191610804002052,4
191610804002053,4
191610804002054,4
191610804002055,4
191610804002056,4
191610804002057,4
191610804002058,4
191610804002061,4
191610804002062,4
191610804002063,4
191610804002064,4
191610804003000,4
191610804003001,4
191610804003002,4
191610804003003,4
191610804003004,4
191610804003005,4
191610804003006,4
191610804003007,4
191610804003008,4
191610804003009,4
191610804003010,4
191610804003011,4
191610804003012,4
191610804003013,4
191610804003014,4
191610804003015,4
191610804003016,4
191610804003017,4
191610804003018,4
191610804003019,4
191610804003020,4
191610804003021,4
191610804003022,4
191610804003023,4
191610804003024,4
191610804003027,4
191610804003028,4
191610804003029,4
191610804004000,4
191610804004001,4
191610804004002,4
191610804004003,4
191610804004004,4
191610804004005,4
191610804004006,4
191610804004007,4
191610804004008,4
191610804004009,4
191610804004010,4
191610804004011,4
191610804004012,4
191610804004013,4
191610804004014,4
191610804004015,4
191610804004016,4
191610804004017,4
191610804004018,4
191610804004019,4
191610804004020,4
191610804004021,4
191610804004022,4
191610804004023,4
191610804004024,4
191610804004025,4
191610804004026,4
191610804004027,4
191610804004028,4
191610804004030,4
191630101011000,2
191630101011001,2
191630101011002,2
191630101011003,2
191630101011004,2
191630101011005,2
191630101011006,2
191630101011007,2
191630101011008,2
191630101011009,2
191630101011010,2
191630101011011,2
191630101011012,2
191630101011013,2
191630101011014,2
191630101011015,2
191630101011016,2
191630101011017,2
191630101011018,2
191630101011019,2
191630101011020,2
191630101011021,2
191630101011022,2
191630101011023,2
191630101011024,2
191630101011025,2
191630101011026,2
191630101011027,2
191630101011028,2
191630101011029,2
191630101011030,2
191630101011031,2
191630101011032,2
191630101011033,2
191630101011034,2
191630101011035,2
191630101011044,2
191630101012006,2
191630101012007,2
191630101012008,2
191630101012021,2
191630101012068,2
191630101012069,2
191630102021000,2
191630102021001,2
191630102021002,2
191630102021003,2
191630102021004,2
191630102021008,2
191630102021009,2
191630102021010,2
191630102021011,2
191630102021012,2
191630102021013,2
191630102021014,2
191630102021015,2
191630102021016,2
191630102021017,2
191630102021035,2
191630102021036,2
191630102021037,2
191630102021038,2
191630102021039,2
191630102021040,2
191630102021041,2
191630102021042,2
191630102021044,2
191630102021045,2
191630102022000,2
191630102022001,2
191630102022002,2
191630102022003,2
191630102022004,2
191630102022005,2
191630102022006,2
191630102022007,2
191630102022008,2
191630102022009,2
191630102022010,2
191630102022011,2
191630102022012,2
191630102022013,2
191630102022014,2
191630102022015,2
191630102022016,2
191630102022017,2
191630102022018,2
191630102022019,2
191630102022020,2
191630102022021,2
191630102022022,2
191630102022023,2
191630102023000,2
191630102023001,2
191630102024000,2
191630102024081,2
191630102024084,2
191630101011036,2
191630101011037,2
191630101011038,2
191630101011039,2
191630101011040,2
191630101011041,2
191630101011042,2
191630101011043,2
191630101011045,2
191630101011046,2
191630101011047,2
191630101011048,2
191630101011049,2
191630101011050,2
191630101014024,2
191630101014025,2
191630101014026,2
191630101014033,2
191630102023002,2
191630102023003,2
191630102023004,2
191630102023005,2
191630102023006,2
191630102023007,2
191630102023008,2
191630102023009,2
191630102023010,2
191630102023011,2
191630102023012,2
191630102023013,2
191630102023014,2
191630102023015,2
191630102023016,2
191630102023054,2
191630102023055,2
191630102024080,2
191630102024082,2
191630102024083,2
191630101012000,2
191630101012001,2
191630101012002,2
191630101012003,2
191630101012004,2
191630101012005,2
191630101012009,2
191630101012010,2
191630101012011,2
191630101012012,2
191630101012013,2
191630101012014,2
191630101012015,2
191630101012016,2
191630101012017,2
191630101012018,2
191630101012019,2
191630101012020,2
191630101012022,2
191630101012023,2
191630101012025,2
191630101012026,2
191630101012027,2
191630101012028,2
191630101012029,2
191630101012030,2
191630101012031,2
191630101012032,2
191630101012033,2
191630101012034,2
191630101012035,2
191630101012036,2
191630101012037,2
191630101012038,2
191630101012039,2
191630101012040,2
191630101012041,2
191630101012042,2
191630101012043,2
191630101012044,2
191630101012045,2
191630101012046,2
191630101012047,2
191630101012048,2
191630101012050,2
191630101012051,2
191630101012058,2
191630101012059,2
191630101012062,2
191630101012072,2
191630101013003,2
191630101013004,2
191630101013011,2
191630101013012,2
191630101013013,2
191630101013035,2
191630101013037,2
191630101014000,2
191630101014002,2
191630101012024,2
191630101013000,2
191630101013001,2
191630101013002,2
191630101013005,2
191630101013006,2
191630101013007,2
191630101013008,2
191630101013009,2
191630101013010,2
191630101013014,2
191630101013015,2
191630101013016,2
191630101013017,2
191630101013018,2
191630101013019,2
191630101013020,2
191630101013021,2
191630101013022,2
191630101013023,2
191630101013024,2
191630101013025,2
191630101013026,2
191630101013027,2
191630101013028,2
191630101013029,2
191630101013030,2
191630101013031,2
191630101013032,2
191630101013033,2
191630101013034,2
191630101013038,2
191630101013039,2
191630101013040,2
191630101013041,2
191630101013042,2
191630101013043,2
191630101014001,2
191630101012049,2
191630101012052,2
191630101012053,2
191630101012054,2
191630101012055,2
191630101012056,2
191630101012057,2
191630101012060,2
191630101012061,2
191630101012063,2
191630101012064,2
191630101012065,2
191630101012066,2
191630101012067,2
191630101012070,2
191630101012071,2
191630101013036,2
191630101014003,2
191630101014004,2
191630101014005,2
191630101014006,2
191630101014007,2
191630101014008,2
191630101014009,2
191630101014010,2
191630101014011,2
191630101014012,2
191630101014013,2
191630101014014,2
191630101014015,2
191630101014016,2
191630101014017,2
191630101014018,2
191630101014019,2
191630101014020,2
191630101014021,2
191630101014022,2
191630101014023,2
191630101014027,2
191630101014042,2
191630101014043,2
191630101014045,2
191630101014048,2
191630101014050,2
191630101014051,2
191630101014052,2
191630101031001,2
191630101031011,2
191630101041000,2
191630101041001,2
191630101041002,2
191630101041003,2
191630101014028,2
191630101014029,2
191630101014030,2
191630101014031,2
191630101014032,2
191630101014035,2
191630101014036,2
191630101014037,2
191630101014038,2
191630101014039,2
191630101014040,2
191630101014041,2
191630101014053,2
191630101031004,2
191630101031005,2
191630101031006,2
191630101031007,2
191630101031036,2
191630101031037,2
191630101032000,2
191630101032001,2
191630101032002,2
191630101032003,2
191630101032004,2
191630101032005,2
191630101032006,2
191630101032007,2
191630101032008,2
191630101032009,2
191630101032010,2
191630101032011,2
191630101032012,2
191630101032013,2
191630101032014,2
191630101032015,2
191630101032016,2
191630101032017,2
191630101032018,2
191630101032019,2
191630101032020,2
191630137062000,2
191630137062001,2
191630137062002,2
191630137062003,2
191630137062004,2
191630137062005,2
191630137062006,2
191630137062007,2
191630137062008,2
191630137063000,2
191630137063001,2
191630137063002,2
191630137063003,2
191630137063004,2
191630137063005,2
191630137063006,2
191630137063007,2
191630137063008,2
191630137063009,2
191630137063010,2
191630137063011,2
191630137063012,2
191630137063013,2
191630137063014,2
191630137063015,2
191630137063016,2
191630137063017,2
191630137063018,2
191630137063019,2
191630137063020,2
191630137063022,2
191630137063023,2
191630137063024,2
191630137063027,2
191630137063033,2
191630101014034,2
191630101014046,2
191630101014047,2
191630102023061,2
191630102023062,2
191630129011000,2
191630129011001,2
191630129011002,2
191630129011003,2
191630129011004,2
191630129011005,2
191630129011006,2
191630129011007,2
191630129011008,2
191630129011009,2
191630129011010,2
191630129011011,2
191630129011012,2
191630129011013,2
191630129011014,2
191630129011015,2
191630129011016,2
191630129011017,2
191630129011018,2
191630129011019,2
191630129011020,2
191630129011021,2
191630129011022,2
191630129011023,2
191630129011024,2
191630129011025,2
191630129011026,2
191630129011027,2
191630129011028,2
191630129011029,2
191630129011030,2
191630129011031,2
191630129012000,2
191630129012001,2
191630129012002,2
191630129012003,2
191630129012004,2
191630129012005,2
191630129012006,2
191630129012007,2
191630129012008,2
191630129012009,2
191630129012010,2
191630101014044,2
191630101014049,2
191630101031000,2
191630101031012,2
191630101031013,2
191630101031014,2
191630101031015,2
191630101031016,2
191630101031017,2
191630101031018,2
191630101031019,2
191630101031020,2
191630101031035,2
191630101031040,2
191630101031041,2
191630101031042,2
191630101031043,2
191630101031044,2
191630101041004,2
191630101041005,2
191630101041006,2
191630101041007,2
191630101041008,2
191630101041009,2
191630101041010,2
191630101041011,2
191630101041012,2
191630101041013,2
191630101041014,2
191630101041015,2
191630101041016,2
191630101041017,2
191630101041018,2
191630101041019,2
191630101041020,2
191630101041021,2
191630101041022,2
191630101041023,2
191630101041024,2
191630101041025,2
191630101041026,2
191630101041027,2
191630101041028,2
191630101041029,2
191630101041030,2
191630101041031,2
191630101041032,2
191630101041033,2
191630101041034,2
191630101041035,2
191630101041036,2
191630101041037,2
191630101041038,2
191630101041039,2
191630101041040,2
191630101041041,2
191630101041042,2
191630101041043,2
191630101041044,2
191630101041045,2
191630101041046,2
191630101041047,2
191630101041048,2
191630101041049,2
191630101042000,2
191630101042001,2
191630101042002,2
191630101042003,2
191630101042004,2
191630101042005,2
191630101042006,2
191630101042007,2
191630101042008,2
191630101042009,2
191630101042010,2
191630101042011,2
191630101042012,2
191630101042013,2
191630101042014,2
191630101042015,2
191630101042016,2
191630101042017,2
191630101042018,2
191630101042019,2
191630101042020,2
191630101042021,2
191630101042022,2
191630101042023,2
191630101042024,2
191630101042025,2
191630101042026,2
191630101042027,2
191630101042028,2
191630101042029,2
191630101042030,2
191630101042031,2
191630101042032,2
191630101042033,2
191630101042034,2
191630101042035,2
191630101042036,2
191630101042037,2
191630101042038,2
191630101042039,2
191630101042040,2
191630101042041,2
191630101042042,2
191630101042043,2
191630101042044,2
191630101042045,2
191630101042046,2
191630101042047,2
191630101042048,2
191630101042049,2
191630101042050,2
191630101042051,2
191630101042052,2
191630101042053,2
191630101043000,2
191630101043001,2
191630101043002,2
191630101043003,2
191630101043004,2
191630101043005,2
191630101043006,2
191630101043007,2
191630101043008,2
191630101043009,2
191630101043010,2
191630101043011,2
191630101043012,2
191630101043013,2
191630101043014,2
191630101043015,2
191630101043016,2
191630101043017,2
191630101043018,2
191630101043019,2
191630101043020,2
191630101043021,2
191630101043022,2
191630101043023,2
191630101043024,2
191630101043025,2
191630101043026,2
191630101043027,2
191630101043028,2
191630101043029,2
191630101043030,2
191630101043031,2
191630101043032,2
191630101043033,2
191630101043034,2
191630101043035,2
191630101043036,2
191630101043037,2
191630101043038,2
191630101043039,2
191630101043040,2
191630101043041,2
191630101043042,2
191630101043043,2
191630101043044,2
191630101043045,2
191630101043046,2
191630101043047,2
191630101043048,2
191630101043049,2
191630101031002,2
191630101031003,2
191630101031008,2
191630101031009,2
191630101031010,2
191630101031021,2
191630101031022,2
191630101031023,2
191630101031024,2
191630101031025,2
191630101031026,2
191630101031027,2
191630101031028,2
191630101031029,2
191630101031030,2
191630101031031,2
191630101031032,2
191630101031033,2
191630101031034,2
191630101031038,2
191630101031039,2
191630101031045,2
191630101031046,2
191630101031047,2
191630101031048,2
191630101031049,2
191630101031050,2
191630101031051,2
191630101031052,2
191630137021000,2
191630137021001,2
191630137021002,2
191630137021003,2
191630137021004,2
191630137021005,2
191630137021006,2
191630137021010,2
191630137021011,2
191630137021012,2
191630137021013,2
191630137021028,2
191630137021030,2
191630102011000,2
191630102011001,2
191630102011002,2
191630102011003,2
191630102011004,2
191630102011005,2
191630102011006,2
191630102011007,2
191630102011008,2
191630102011009,2
191630102011010,2
191630102011011,2
191630102011012,2
191630102011013,2
191630102011014,2
191630102011015,2
191630102011016,2
191630102011017,2
191630102011018,2
191630102011019,2
191630102011020,2
191630102011021,2
191630102011022,2
191630102011023,2
191630102011024,2
191630102011025,2
191630102011026,2
191630102011027,2
191630102011028,2
191630102011029,2
191630102011030,2
191630102011031,2
191630102011032,2
191630102011033,2
191630102011034,2
191630102011035,2
191630102011036,2
191630102011037,2
191630102011038,2
191630102011039,2
191630102011040,2
191630102011041,2
191630102011042,2
191630102011043,2
191630102011044,2
191630102011045,2
191630102011046,2
191630102011047,2
191630102011048,2
191630102011049,2
191630102012000,2
191630102012001,2
191630102012002,2
191630102012003,2
191630102012004,2
191630102012005,2
191630102012006,2
191630102012007,2
191630102012008,2
191630102012009,2
191630102012010,2
191630102012019,2
191630102012020,2
191630102012021,2
191630102012022,2
191630102012023,2
191630102012024,2
191630102012025,2
191630102012026,2
191630102012027,2
191630102012028,2
191630102012029,2
191630102012030,2
191630102012031,2
191630102012032,2
191630102012033,2
191630102012034,2
191630102012035,2
191630102012036,2
191630102012037,2
191630102012038,2
191630102012039,2
191630102012040,2
191630102012041,2
191630102012042,2
191630102012043,2
191630102012044,2
191630102012045,2
191630102012046,2
191630102012047,2
191630102013000,2
191630102013001,2
191630102013002,2
191630102013003,2
191630102013004,2
191630102013005,2
191630102013006,2
191630102013007,2
191630102013008,2
191630102013009,2
191630102013010,2
191630102013011,2
191630102013012,2
191630102013013,2
191630102013014,2
191630102013015,2
191630102013016,2
191630102013017,2
191630102013018,2
191630102013019,2
191630102013020,2
191630102013021,2
191630102013022,2
191630102013023,2
191630102013024,2
191630102013025,2
191630102013026,2
191630102013027,2
191630102013028,2
191630102013029,2
191630102013030,2
191630102013031,2
191630102013032,2
191630102013033,2
191630102013034,2
191630102013035,2
191630102013036,2
191630102013037,2
191630102013038,2
191630102013039,2
191630102013040,2
191630102013041,2
191630102013042,2
191630102013043,2
191630102013044,2
191630102013045,2
191630102013046,2
191630102013047,2
191630102013048,2
191630102013049,2
191630102013050,2
191630102013051,2
191630102013052,2
191630102013053,2
191630102013054,2
191630102013055,2
191630102013056,2
191630102013057,2
191630102013058,2
191630102013059,2
191630102013060,2
191630102013061,2
191630102013062,2
191630102023017,2
191630102023018,2
191630102023019,2
191630102023020,2
191630102023021,2
191630102023022,2
191630102023023,2
191630102023024,2
191630102023025,2
191630102023028,2
191630102023048,2
191630102023051,2
191630102023052,2
191630102023053,2
191630102023057,2
191630102023060,2
191630102024071,2
191630102024074,2
191630102012011,2
191630102012012,2
191630102012013,2
191630102012014,2
191630102012017,2
191630102012018,2
191630102012048,2
191630102023036,2
191630102023037,2
191630102023038,2
191630102023039,2
191630102023040,2
191630102023063,2
191630102024034,2
191630102024035,2
191630102024037,2
191630102024044,2
191630102024045,2
191630102024046,2
191630102024047,2
191630102024062,2
191630102024070,2
191630102024072,2
191630102024073,2
191630102024078,2
191630102024079,2
191630102012015,2
191630102012016,2
191630102024038,2
191630102024039,2
191630102024069,2
191630103002050,2
191630103002051,2
191630103002052,2
191630103002053,2
191630103002054,2
191630103002058,2
191630103002059,2
191630103002060,2
191630103002061,2
191630103002062,2
191630103002063,2
191630103002064,2
191630103002065,2
191630103002066,2
191630103002067,2
191630103002068,2
191630103002069,2
191630103002070,2
191630103002071,2
191630103002072,2
191630103002073,2
191630103002074,2
191630103002075,2
191630103002076,2
191630103002077,2
191630103002078,2
191630103002079,2
191630103002080,2
191630103002081,2
191630103002082,2
191630103002083,2
191630103002084,2
191630103002085,2
191630103002086,2
191630103002087,2
191630103002088,2
191630103002089,2
191630103002090,2
191630103002091,2
191630103002092,2
191630103002093,2
191630103002094,2
191630103002095,2
191630103002096,2
191630103002097,2
191630103002098,2
191630103002099,2
191630103002100,2
191630103002104,2
191630103002107,2
191630103002109,2
191630103002110,2
191630103002111,2
191630103002112,2
191630103002113,2
191630103002114,2
191630103002115,2
191630103002116,2
191630103002118,2
191630103002122,2
191630103002123,2
191630103002125,2
191630102021005,2
191630102021006,2
191630102021007,2
191630102021018,2
191630102021019,2
191630102021020,2
191630102021021,2
191630102021022,2
191630102021023,2
191630102021024,2
191630102021025,2
191630102021027,2
191630102021028,2
191630102021029,2
191630102021030,2
191630102021031,2
191630102021032,2
191630102021033,2
191630102021034,2
191630102021043,2
191630102024001,2
191630102024002,2
191630102024003,2
191630102024004,2
191630102024007,2
191630102024008,2
191630102024009,2
191630102024010,2
191630102024011,2
191630102024012,2
191630102024014,2
191630102024017,2
191630102024018,2
191630102024019,2
191630102024021,2
191630102024022,2
191630102024023,2
191630102024036,2
191630102024052,2
191630102024063,2
191630102024065,2
191630102024067,2
191630102024075,2
191630102024076,2
191630102024077,2
191630102021026,2
191630102024015,2
191630102024016,2
191630102024024,2
191630102024025,2
191630102024026,2
191630102024027,2
191630102024028,2
191630102024029,2
191630102024030,2
191630102024031,2
191630102024032,2
191630102024033,2
191630102024040,2
191630102024041,2
191630102024042,2
191630102024043,2
191630103002000,2
191630103002001,2
191630103002002,2
191630103002003,2
191630103002004,2
191630103002005,2
191630103002006,2
191630103002007,2
191630103002008,2
191630103002009,2
191630103002010,2
191630103002014,2
191630103002015,2
191630103002019,2
191630103002020,2
191630103002021,2
191630103002022,2
191630103002023,2
191630103002024,2
191630103002026,2
191630103002027,2
191630103002028,2
191630103002029,2
191630103002030,2
191630103002031,2
191630103002032,2
191630103002033,2
191630103002034,2
191630103002043,2
191630103002044,2
191630103002045,2
191630103002046,2
191630103002047,2
191630103002048,2
191630103002055,2
191630103002056,2
191630103002057,2
191630103002124,2
191630103002126,2
191630103002127,2
191630102023026,2
191630102023027,2
191630102023029,2
191630102023030,2
191630102023031,2
191630102023032,2
191630102023033,2
191630102023034,2
191630102023045,2
191630102023046,2
191630102023047,2
191630102023059,2
191630126011000,2
191630126011001,2
191630126011002,2
191630126011003,2
191630126011007,2
191630126011008,2
191630126011009,2
191630126011010,2
191630126011011,2
191630126011018,2
191630126012008,2
191630126012017,2
191630126012018,2
191630126012019,2
191630126012020,2
191630126012021,2
191630126012022,2
191630126012023,2
191630126012024,2
191630126012025,2
191630126013000,2
191630126013001,2
191630126013002,2
191630126013003,2
191630126013004,2
191630126013005,2
191630126013006,2
191630126013007,2
191630126013008,2
191630126013009,2
191630126013010,2
191630126013011,2
191630126013012,2
191630126013013,2
191630126013014,2
191630126013021,2
191630128011001,2
191630128011002,2
191630128011003,2
191630128011004,2
191630128011005,2
191630128011006,2
191630128011012,2
191630128011013,2
191630128011015,2
191630128011018,2
191630128011026,2
191630102023035,2
191630102023041,2
191630102023042,2
191630102023043,2
191630102023044,2
191630103002117,2
191630103002119,2
191630103002120,2
191630103002121,2
191630125013000,2
191630125013001,2
191630125013004,2
191630125013005,2
191630125013006,2
191630125013013,2
191630125013014,2
191630125013015,2
191630126012000,2
191630126012001,2
191630126012002,2
191630126012003,2
191630126012004,2
191630126012005,2
191630126012006,2
191630126012007,2
191630126012009,2
191630126012010,2
191630126012011,2
191630126012012,2
191630126012013,2
191630126012014,2
191630126012015,2
191630126012016,2
191630126012026,2
191630126012027,2
191630126013015,2
191630126013016,2
191630126013017,2
191630126013018,2
191630126013019,2
191630126013020,2
191630126013022,2
191630126013023,2
191630126013024,2
191630126013025,2
191630126013026,2
191630126013027,2
191630126021000,2
191630126021001,2
191630126021002,2
191630126021003,2
191630126021004,2
191630126021005,2
191630126021006,2
191630126021007,2
191630126021008,2
191630126021009,2
191630126021010,2
191630126021011,2
191630126021012,2
191630126022000,2
191630126022001,2
191630126022002,2
191630126022003,2
191630102023049,2
191630102023050,2
191630102023056,2
191630102023058,2
191630128011000,2
191630128011007,2
191630128011008,2
191630128011009,2
191630128011010,2
191630128011011,2
191630128011021,2
191630128011027,2
191630128011028,2
191630128011029,2
191630128011030,2
191630128011031,2
191630128011032,2
191630128011033,2
191630128011034,2
191630128011035,2
191630128011036,2
191630128011037,2
191630128011038,2
191630128011039,2
191630129013000,2
191630129013001,2
191630129013002,2
191630129013003,2
191630129013004,2
191630129013005,2
191630129013006,2
191630129013007,2
191630129013008,2
191630129013009,2
191630129013010,2
191630129013011,2
191630129013012,2
191630129013013,2
191630129013014,2
191630129013015,2
191630129013016,2
191630129013017,2
191630129013018,2
191630129013019,2
191630129013020,2
191630129013021,2
191630129013022,2
191630129023000,2
191630129023001,2
191630129023002,2
191630129023003,2
191630129023004,2
191630129023005,2
191630129023006,2
191630129023007,2
191630129023008,2
191630129023009,2
191630129023010,2
191630102024005,2
191630102024006,2
191630102024013,2
191630102024020,2
191630102024048,2
191630102024049,2
191630102024050,2
191630102024051,2
191630102024053,2
191630102024054,2
191630102024055,2
191630102024056,2
191630102024057,2
191630102024058,2
191630102024059,2
191630102024060,2
191630102024061,2
191630102024064,2
191630102024066,2
191630102024068,2
191630103001000,2
191630103001001,2
191630103001002,2
191630103001003,2
191630103001004,2
191630103001005,2
191630103001006,2
191630103001007,2
191630103001008,2
191630103001009,2
191630103001010,2
191630103001011,2
191630103001012,2
191630103001013,2
191630103001014,2
191630103001015,2
191630103001016,2
191630103001017,2
191630103001018,2
191630103001019,2
191630103001020,2
191630103001021,2
191630103001022,2
191630103001023,2
191630103001024,2
191630103001025,2
191630103001026,2
191630103001027,2
191630103001028,2
191630103001029,2
191630103001030,2
191630103001031,2
191630103001032,2
191630103001033,2
191630103001034,2
191630103001035,2
191630103001038,2
191630103001039,2
191630103001046,2
191630103001047,2
191630103001048,2
191630103001049,2
191630103001050,2
191630103001051,2
191630103001052,2
191630103001053,2
191630103001054,2
191630103001055,2
191630103001056,2
191630103001057,2
191630103001058,2
191630103001059,2
191630103001060,2
191630103001061,2
191630103001062,2
191630103001063,2
191630103001064,2
191630103001065,2
191630103001066,2
191630103001067,2
191630103001068,2
191630103001069,2
191630103001070,2
191630103001071,2
191630103001072,2
191630103001073,2
191630103001074,2
191630103001075,2
191630103001076,2
191630103001077,2
191630103001078,2
191630103001079,2
191630103001080,2
191630103001086,2
191630103001087,2
191630103001091,2
191630103001092,2
191630103001137,2
191630103002011,2
191630103002012,2
191630103002013,2
191630103002017,2
191630103001036,2
191630103001037,2
191630103001040,2
191630103001041,2
191630103001042,2
191630103001043,2
191630103001044,2
191630103001045,2
191630103002016,2
191630103002018,2
191630103002025,2
191630103002035,2
191630103002036,2
191630103002037,2
191630103002038,2
191630103002039,2
191630103002040,2
191630103002041,2
191630103002042,2
191630103002049,2
191630103001081,2
191630103001082,2
191630103001083,2
191630103001084,2
191630103001085,2
191630103001088,2
191630103001089,2
191630103001090,2
191630103001093,2
191630103001094,2
191630103001095,2
191630103001096,2
191630103001097,2
191630103001098,2
191630103001099,2
191630103001100,2
191630103001101,2
191630103001102,2
191630103001103,2
191630103001104,2
191630103001105,2
191630103001106,2
191630103001107,2
191630103001108,2
191630103001109,2
191630103001110,2
191630103001111,2
191630103001112,2
191630103001113,2
191630103001114,2
191630103001115,2
191630103001116,2
191630103001118,2
191630103001119,2
191630103001120,2
191630103001121,2
191630103001122,2
191630103001123,2
191630103001124,2
191630103001125,2
191630103001126,2
191630103001127,2
191630103001128,2
191630103001129,2
191630103001130,2
191630103001132,2
191630103001133,2
191630103001135,2
191630103001136,2
191630103001117,2
191630103001134,2
191630103002101,2
191630103002102,2
191630103002103,2
191630103002105,2
191630103002106,2
191630103002108,2
191630104011008,2
191630104011009,2
191630104011010,2
191630104011011,2
191630104011012,2
191630104012000,2
191630104012001,2
191630104012002,2
191630104012003,2
191630104012004,2
191630104012005,2
191630104012006,2
191630104012007,2
191630104012008,2
191630104012009,2
191630104012010,2
191630104012011,2
191630104012012,2
191630104012013,2
191630104012014,2
191630104012015,2
191630104012016,2
191630104012017,2
191630104012018,2
191630104012019,2
191630104012020,2
191630104012021,2
191630104012022,2
191630104015000,2
191630104015001,2
191630104015002,2
191630104015003,2
191630104015004,2
191630104015005,2
191630104015006,2
191630104015007,2
191630104015008,2
191630104015009,2
191630104015010,2
191630104015011,2
191630104015012,2
191630104015013,2
191630104015014,2
191630104015015,2
191630104015016,2
191630104015017,2
191630104015018,2
191630104015019,2
191630104015020,2
191630104015021,2
191630104015022,2
191630104015023,2
191630104015024,2
191630104015025,2
191630104015026,2
191630103001131,2
191630104011000,2
191630104011001,2
191630104011002,2
191630104011003,2
191630104011004,2
191630104011005,2
191630104011006,2
191630104011007,2
191630104011013,2
191630104011014,2
191630104011015,2
191630104011016,2
191630104011017,2
191630104011018,2
191630104011019,2
191630104011020,2
191630104011021,2
191630104011027,2
191630104011028,2
191630104011029,2
191630104011030,2
191630104011031,2
191630104011061,2
191630104011062,2
191630104023000,2
191630104023001,2
191630104023002,2
191630104023003,2
191630104023004,2
191630104023005,2
191630104023006,2
191630104023007,2
191630104023008,2
191630104023009,2
191630104023010,2
191630104023011,2
191630104023012,2
191630104023013,2
191630104023014,2
191630104023015,2
191630104023016,2
191630104023017,2
191630104023018,2
191630104023019,2
191630104023020,2
191630104023021,2
191630104023022,2
191630104023023,2
191630104023024,2
191630104023025,2
191630104023026,2
191630104023027,2
191630104023028,2
191630104023029,2
191630104023030,2
191630104023031,2
191630104023032,2
191630104023033,2
191630104023034,2
191630104023035,2
191630104023036,2
191630104011022,2
191630104011023,2
191630104011024,2
191630104011025,2
191630104011026,2
191630104011032,2
191630104011033,2
191630104011034,2
191630104011035,2
191630104011036,2
191630104011037,2
191630104011038,2
191630104011039,2
191630104011040,2
191630104011041,2
191630104011042,2
191630104011043,2
191630104011044,2
191630104011045,2
191630104011046,2
191630104011047,2
191630104011048,2
191630104011049,2
191630104011050,2
191630104011051,2
191630104011052,2
191630104011053,2
191630104011054,2
191630104011055,2
191630104011056,2
191630104011057,2
191630104011058,2
191630104011059,2
191630104011060,2
191630104013002,2
191630104013003,2
191630104013004,2
191630104013005,2
191630104013006,2
191630104013007,2
191630104013008,2
191630104013009,2
191630104013010,2
191630104013046,2
191630104013047,2
191630104013048,2
191630104014000,2
191630104014001,2
191630104014002,2
191630104014003,2
191630104013000,2
191630104013001,2
191630104013011,2
191630104013012,2
191630104014004,2
191630104014005,2
191630104021000,2
191630104021001,2
191630104021002,2
191630104021003,2
191630104021004,2
191630104021005,2
191630104021006,2
191630104021007,2
191630104022000,2
191630104022001,2
191630104022002,2
191630104022003,2
191630104022004,2
191630104022005,2
191630104022006,2
191630104022007,2
191630104022008,2
191630104022009,2
191630104022012,2
191630104022013,2
191630104022014,2
191630104022018,2
191630104022025,2
191630104022026,2
191630104022027,2
191630104022028,2
191630104013013,2
191630104013014,2
191630104013015,2
191630104013016,2
191630104013017,2
191630104013018,2
191630104013019,2
191630104013020,2
191630104013021,2
191630104013022,2
191630104013023,2
191630104013024,2
191630104013025,2
191630104013026,2
191630104013027,2
191630104013028,2
191630104013029,2
191630104013030,2
191630104013031,2
191630104013032,2
191630104013033,2
191630104013034,2
191630104013035,2
191630104013036,2
191630104013037,2
191630104013038,2
191630104013039,2
191630104013040,2
191630104013041,2
191630104013042,2
191630104013043,2
191630104013044,2
191630104013045,2
191630104014006,2
191630104014007,2
191630104014008,2
191630104014009,2
191630104021008,2
191630104021009,2
191630104021010,2
191630104021011,2
191630104021012,2
191630104021013,2
191630104021014,2
191630104021015,2
191630104021016,2
191630104021017,2
191630104021018,2
191630104021019,2
191630104021020,2
191630104021021,2
191630104021022,2
191630104021023,2
191630104021024,2
191630104021025,2
191630104021026,2
191630104021027,2
191630104021028,2
191630104021029,2
191630104021030,2
191630104021031,2
191630104021032,2
191630104021033,2
191630104021034,2
191630104021035,2
191630104021036,2
191630104021037,2
191630104021038,2
191630104022010,2
191630104022011,2
191630104022015,2
191630104022016,2
191630104022017,2
191630104022019,2
191630104022020,2
191630104022021,2
191630104022022,2
191630104022023,2
191630104022024,2
191630104022029,2
191630104022030,2
191630104022031,2
191630104022032,2
191630104022033,2
191630104022034,2
191630104022035,2
191630104022036,2
191630104022037,2
191630104022038,2
191630104022039,2
191630104022040,2
191630106001000,2
191630106001001,2
191630106001002,2
191630106001003,2
191630106001004,2
191630106001005,2
191630106001008,2
191630106001009,2
191630106001025,2
191630106001026,2
191630114001000,2
191630114001001,2
191630114001002,2
191630114001003,2
191630114001004,2
191630114001005,2
191630114001006,2
191630114001007,2
191630114001008,2
191630114001009,2
191630114001010,2
191630114001011,2
191630114001012,2
191630114001013,2
191630114001014,2
191630114001015,2
191630114001016,2
191630114001018,2
191630114001019,2
191630114001020,2
191630114001021,2
191630114002000,2
191630114002001,2
191630114002002,2
191630114002003,2
191630114002004,2
191630114002005,2
191630114002006,2
191630114002007,2
191630114002008,2
191630114002009,2
191630114002010,2
191630114002011,2
191630114002012,2
191630114002013,2
191630114002014,2
191630114002015,2
191630114002017,2
191630114002025,2
191630115001011,2
191630115001012,2
191630115001014,2
191630115001015,2
191630115001016,2
191630115001017,2
191630115001018,2
191630115002002,2
191630115002003,2
191630115002004,2
191630115002005,2
191630115002006,2
191630115002007,2
191630115002008,2
191630115002009,2
191630115002010,2
191630115002011,2
191630115002012,2
191630115002013,2
191630115002014,2
191630115002015,2
191630115002016,2
191630115002017,2
191630115002018,2
191630115002019,2
191630115002020,2
191630115002021,2
191630115002024,2
191630115002025,2
191630115002026,2
191630115002027,2
191630115002028,2
191630115002029,2
191630115002035,2
191630115002036,2
191630115003011,2
191630115003012,2
191630115003013,2
191630115003018,2
191630115003019,2
191630115003022,2
191630115003023,2
191630115003024,2
191630115003025,2
191630115003027,2
191630115003028,2
191630115003029,2
191630115003030,2
191630115003031,2
191630115003032,2
191630115003033,2
191630115003034,2
191630115003035,2
191630106001006,2
191630106001007,2
191630106001010,2
191630106001011,2
191630106001012,2
191630106001013,2
191630106001014,2
191630106001015,2
191630106001016,2
191630106001017,2
191630106001018,2
191630106001019,2
191630106001020,2
191630106001021,2
191630106001022,2
191630106001023,2
191630106001024,2
191630106001027,2
191630106001028,2
191630106001029,2
191630106001030,2
191630106001031,2
191630106001032,2
191630106001033,2
191630106001034,2
191630106001035,2
191630106001036,2
191630106001037,2
191630106001038,2
191630106001039,2
191630106001040,2
191630106001041,2
191630106001042,2
191630106001043,2
191630106001044,2
191630106001045,2
191630106001046,2
191630106001047,2
191630106001048,2
191630106001049,2
191630106001050,2
191630106001051,2
191630106002000,2
191630106002001,2
191630106002002,2
191630106002003,2
191630106002004,2
191630106002005,2
191630106002006,2
191630106002007,2
191630106002008,2
191630106002009,2
191630106002010,2
191630106002011,2
191630106002012,2
191630106002013,2
191630106002014,2
191630106002015,2
191630106002016,2
191630106002017,2
191630106002018,2
191630106002019,2
191630106002020,2
191630106002021,2
191630106002022,2
191630106002023,2
191630106002024,2
191630106002025,2
191630106002026,2
191630106002027,2
191630106002028,2
191630106002029,2
191630106002030,2
191630106003000,2
191630106003001,2
191630106003002,2
191630106003003,2
191630106003004,2
191630106003005,2
191630106003006,2
191630106003007,2
191630106003008,2
191630106003009,2
191630106003010,2
191630106003011,2
191630106003012,2
191630106003013,2
191630106003014,2
191630106003019,2
191630106003020,2
191630106003021,2
191630106003022,2
191630106003032,2
191630107001000,2
191630107001001,2
191630107001017,2
191630107002000,2
191630107002001,2
191630107002002,2
191630107002003,2
191630107002004,2
191630107002005,2
191630107002006,2
191630107002007,2
191630107002012,2
191630107002013,2
191630107002014,2
191630107002015,2
191630107002016,2
191630107002017,2
191630107002020,2
191630107002021,2
191630107002022,2
191630107002027,2
191630107002028,2
191630107002033,2
191630107002034,2
191630107002035,2
191630107002036,2
191630107002037,2
191630107002038,2
191630107002039,2
191630107002058,2
191630113001033,2
191630113001034,2
191630113001035,2
191630113001036,2
191630113001043,2
191630114001017,2
191630114001022,2
191630114002016,2
191630114002018,2
191630114002019,2
191630114002020,2
191630114002021,2
191630114002022,2
191630114002023,2
191630114002024,2
191630114002026,2
191630114002027,2
191630114002028,2
191630114002029,2
191630114002030,2
191630114002031,2
191630114003011,2
191630114003012,2
191630114003013,2
191630114003014,2
191630114003015,2
191630114003016,2
191630114003017,2
191630114003018,2
191630114003019,2
191630114003020,2
191630114003021,2
191630114003022,2
191630114003023,2
191630114003024,2
191630114003025,2
191630114003026,2
191630114003027,2
191630114003028,2
191630114003029,2
191630114003030,2
191630114003031,2
191630114003032,2
191630114003033,2
191630114003034,2
191630114003035,2
191630114003036,2
191630114003037,2
191630114003038,2
191630115002022,2
191630115002023,2
191630115002038,2
191630106003015,2
191630106003016,2
191630106003017,2
191630106003018,2
191630106003023,2
191630106003024,2
191630106003025,2
191630106003026,2
191630106003027,2
191630106003028,2
191630106003029,2
191630106003030,2
191630106003031,2
191630107002018,2
191630107002019,2
191630107002044,2
191630107002045,2
191630107002046,2
191630107002047,2
191630107002048,2
191630107002049,2
191630107002050,2
191630107002051,2
191630107002052,2
191630107002057,2
191630109001000,2
191630109001001,2
191630109001002,2
191630109001003,2
191630109001004,2
191630109001005,2
191630109001006,2
191630109001007,2
191630109001008,2
191630109001009,2
191630109001010,2
191630109001011,2
191630109001012,2
191630109001013,2
191630109001014,2
191630109001015,2
191630109001016,2
191630109001017,2
191630109001018,2
191630109001019,2
191630109001020,2
191630109001021,2
191630109001022,2
191630109001023,2
191630109001024,2
191630109001025,2
191630109001026,2
191630109001027,2
191630109001028,2
191630109001029,2
191630109001030,2
191630109001031,2
191630109001032,2
191630109001033,2
191630109001034,2
191630109001035,2
191630109001036,2
191630109001037,2
191630109001038,2
191630109001039,2
191630109001040,2
191630109001041,2
191630109001042,2
191630109001043,2
191630109001044,2
191630109001045,2
191630109001046,2
191630109001047,2
191630109001048,2
191630109001049,2
191630109001050,2
191630109002000,2
191630109002001,2
191630109002002,2
191630109002003,2
191630109002004,2
191630109002005,2
191630109002006,2
191630109002007,2
191630109002008,2
191630109002009,2
191630109002010,2
191630109002011,2
191630109002012,2
191630109002013,2
191630109002014,2
191630109002015,2
191630109002016,2
191630109002017,2
191630109002018,2
191630109002019,2
191630109002020,2
191630109003000,2
191630109003001,2
191630109003002,2
191630109003003,2
191630109003004,2
191630109003005,2
191630109003006,2
191630109003007,2
191630109003008,2
191630109003009,2
191630109003010,2
191630109003011,2
191630109003012,2
191630109003013,2
191630109003014,2
191630109003015,2
191630109003016,2
191630109003017,2
191630109003018,2
191630109003019,2
191630109003020,2
191630109003021,2
191630109003022,2
191630109003023,2
191630109003024,2
191630109003025,2
191630109003026,2
191630109003027,2
191630109003028,2
191630109003029,2
191630109003030,2
191630109003031,2
191630109003032,2
191630109003033,2
191630109003034,2
191630109003035,2
191630109003036,2
191630109003037,2
191630109003038,2
191630109003039,2
191630109003040,2
191630109003041,2
191630109003042,2
191630109003043,2
191630109003044,2
191630109003045,2
191630110002000,2
191630110002001,2
191630110002002,2
191630110002003,2
191630110002004,2
191630110002023,2
191630110002024,2
191630110002025,2
191630110002026,2
191630110002027,2
191630110002028,2
191630110002029,2
191630110002030,2
191630110002034,2
191630110002051,2
191630110002052,2
191630110002053,2
191630110002054,2
191630110002055,2
191630110002059,2
191630110002060,2
191630110002061,2
191630110002067,2
191630107001002,2
191630107001003,2
191630107001004,2
191630107001005,2
191630107001006,2
191630107001007,2
191630107001008,2
191630107001009,2
191630107001010,2
191630107001011,2
191630107001012,2
191630107001013,2
191630107001014,2
191630107001015,2
191630107001016,2
191630107001018,2
191630107001019,2
191630107001020,2
191630107001021,2
191630107001022,2
191630107001023,2
191630107001024,2
191630107001025,2
191630107001026,2
191630107001027,2
191630107001028,2
191630108001000,2
191630108001001,2
191630112002016,2
191630112002017,2
191630112002022,2
191630112002023,2
191630112002024,2
191630112002025,2
191630112002027,2
191630112002028,2
191630112002033,2
191630112002034,2
191630112002035,2
191630112002036,2
191630112002037,2
191630112002038,2
191630112002039,2
191630113001006,2
191630113001012,2
191630113001013,2
191630113001014,2
191630113001018,2
191630113001019,2
191630113001020,2
191630113001021,2
191630113001022,2
191630113001023,2
191630113001024,2
191630113001025,2
191630113001026,2
191630113001027,2
191630113001028,2
191630113001029,2
191630113001030,2
191630113001037,2
191630113001038,2
191630113001039,2
191630113001040,2
191630113001041,2
191630113001042,2
191630113002000,2
191630113002008,2
191630113002009,2
191630113002014,2
191630113002015,2
191630113002016,2
191630113002017,2
191630113002018,2
191630113002019,2
191630113002023,2
191630113002024,2
191630113002025,2
191630113002026,2
191630113002027,2
191630113002028,2
191630113002029,2
191630113002030,2
191630113002031,2
191630113002032,2
191630113002033,2
191630113002034,2
191630113002035,2
191630113002036,2
191630113002037,2
191630113003000,2
191630113003001,2
191630113003002,2
191630113003019,2
191630113003020,2
191630113003021,2
191630113003022,2
191630113003023,2
191630113003036,2
191630113003037,2
191630113003038,2
191630113003042,2
191630113003043,2
191630118002024,2
191630118002025,2
191630118002028,2
191630118002029,2
191630118002030,2
191630118002043,2
191630118002044,2
191630118002045,2
191630107002008,2
191630107002009,2
191630107002010,2
191630107002011,2
191630107002023,2
191630107002024,2
191630107002025,2
191630107002026,2
191630107002029,2
191630107002030,2
191630107002031,2
191630107002032,2
191630107002040,2
191630107002041,2
191630107002042,2
191630107002043,2
191630107002053,2
191630107002054,2
191630107002055,2
191630107002056,2
191630108001002,2
191630108001003,2
191630108001004,2
191630108001005,2
191630108001006,2
191630108001007,2
191630108001008,2
191630108001009,2
191630108001010,2
191630108001011,2
191630108001012,2
191630108001013,2
191630108001014,2
191630108001015,2
191630108001016,2
191630108001017,2
191630108001018,2
191630108001019,2
191630108001020,2
191630108001021,2
191630108001022,2
191630108001023,2
191630108001024,2
191630108001025,2
191630108001026,2
191630108001027,2
191630108001028,2
191630108001029,2
191630108001030,2
191630108001031,2
191630108001032,2
191630108001033,2
191630108002000,2
191630108002001,2
191630108002002,2
191630108002003,2
191630108002004,2
191630108002005,2
191630108002006,2
191630108002007,2
191630108002008,2
191630108002009,2
191630108002010,2
191630108002011,2
191630108002012,2
191630108002013,2
191630108002014,2
191630108002015,2
191630108002016,2
191630108002017,2
191630108002018,2
191630108002019,2
191630108002020,2
191630108002021,2
191630108002022,2
191630108002023,2
191630108002024,2
191630108002025,2
191630108003000,2
191630108003001,2
191630108003002,2
191630108003003,2
191630108003004,2
191630108003005,2
191630108003020,2
191630108003021,2
191630108003022,2
191630108003023,2
191630108003024,2
191630108003025,2
191630108003026,2
191630108003027,2
191630108003028,2
191630108003029,2
191630108003030,2
191630108003031,2
191630108003032,2
191630108003033,2
191630108003034,2
191630108003035,2
191630108003036,2
191630108003037,2
191630108003038,2
191630108003006,2
191630108003007,2
191630108003008,2
191630108003009,2
191630108003010,2
191630108003011,2
191630108003012,2
191630108003013,2
191630108003014,2
191630108003015,2
191630108003016,2
191630108003017,2
191630108003018,2
191630108003019,2
191630110001000,2
191630110001001,2
191630110001002,2
191630110001003,2
191630110001004,2
191630110001005,2
191630110001006,2
191630110001007,2
191630110001008,2
191630110001009,2
191630110001010,2
191630110001011,2
191630110001012,2
191630110001013,2
191630110001014,2
191630110001015,2
191630110001016,2
191630110001017,2
191630110001018,2
191630110001019,2
191630110001020,2
191630110001021,2
191630110001022,2
191630110001023,2
191630110001024,2
191630110001025,2
191630110001026,2
191630110001027,2
191630110001028,2
191630110001029,2
191630110001030,2
191630110001031,2
191630110001032,2
191630110001033,2
191630110001034,2
191630110001035,2
191630110001036,2
191630110001037,2
191630110001038,2
191630110001039,2
191630110001040,2
191630110001041,2
191630110001042,2
191630110001043,2
191630110001044,2
191630110001045,2
191630110001046,2
191630110001047,2
191630110001048,2
191630110002005,2
191630110002006,2
191630111002015,2
191630111002020,2
191630111002021,2
191630111002022,2
191630111002038,2
191630111002039,2
191630111002040,2
191630111002041,2
191630111002042,2
191630121002003,2
191630121002004,2
191630121002005,2
191630121002006,2
191630121002007,2
191630121002008,2
191630110002007,2
191630110002008,2
191630110002009,2
191630110002010,2
191630110002011,2
191630110002012,2
191630110002013,2
191630110002014,2
191630110002015,2
191630110002016,2
191630110002017,2
191630110002018,2
191630110002019,2
191630110002020,2
191630110002021,2
191630110002022,2
191630110002031,2
191630110002032,2
191630110002033,2
191630110002035,2
191630110002036,2
191630110002037,2
191630110002038,2
191630110002039,2
191630110002040,2
191630110002041,2
191630110002042,2
191630110002043,2
191630110002044,2
191630110002045,2
191630110002046,2
191630110002047,2
191630110002048,2
191630110002049,2
191630110002050,2
191630110002056,2
191630110002057,2
191630110002058,2
191630110002062,2
191630110002063,2
191630110002064,2
191630110002065,2
191630110002066,2
191630110002068,2
191630110002069,2
191630110002070,2
191630110002071,2
191630110002072,2
191630110002073,2
191630122001000,2
191630122001001,2
191630122001002,2
191630122001003,2
191630122001004,2
191630122001005,2
191630122001006,2
191630122001007,2
191630122001008,2
191630122001009,2
191630122001010,2
191630122001011,2
191630122001012,2
191630122001013,2
191630122001014,2
191630122001015,2
191630122001016,2
191630122001017,2
191630122001018,2
191630122001019,2
191630122001020,2
191630122001021,2
191630122001022,2
191630122001023,2
191630122001024,2
191630122001025,2
191630122001026,2
191630122001027,2
191630122001028,2
191630122001029,2
191630122001030,2
191630122001031,2
191630122001032,2
191630122001033,2
191630122001034,2
191630122001035,2
191630122001036,2
191630122001037,2
191630122001038,2
191630122001039,2
191630122001040,2
191630122001041,2
191630122001042,2
191630122001043,2
191630122001044,2
191630122001045,2
191630122001046,2
191630122001047,2
191630122001048,2
191630122001049,2
191630122001050,2
191630122001051,2
191630122001052,2
191630122001053,2
191630122001054,2
191630122001055,2
191630122001056,2
191630122001057,2
191630122001058,2
191630122001059,2
191630122002005,2
191630122002006,2
191630122002007,2
191630122002008,2
191630122002014,2
191630122002015,2
191630122002016,2
191630122002017,2
191630122002018,2
191630122002019,2
191630122002020,2
191630122002021,2
191630122002025,2
191630122002026,2
191630122002027,2
191630122002028,2
191630122002029,2
191630122002030,2
191630122002031,2
191630122002032,2
191630122002046,2
191630123001000,2
191630123001003,2
191630123001014,2
191630123001015,2
191630123001016,2
191630123001017,2
191630123001018,2
191630123001019,2
191630123001020,2
191630123001021,2
191630123001022,2
191630123001023,2
191630123001024,2
191630123001025,2
191630123001026,2
191630123001027,2
191630123001028,2
191630123001029,2
191630123001030,2
191630123001031,2
191630123001032,2
191630123001033,2
191630123001034,2
191630123001035,2
191630123001036,2
191630123001037,2
191630123001038,2
191630123001039,2
191630123001040,2
191630124001013,2
191630124001014,2
191630124001015,2
191630124001028,2
191630124001029,2
191630124001030,2
191630124001031,2
191630124001032,2
191630124001033,2
191630124001034,2
191630124001035,2
191630124001036,2
191630124001037,2
191630124001038,2
191630124001039,2
191630124001040,2
191630124001041,2
191630124001042,2
191630124001043,2
191630124001044,2
191630124001045,2
191630124001046,2
191630124001047,2
191630124001048,2
191630124001049,2
191630124001050,2
191630124001051,2
191630124001052,2
191630124001053,2
191630124001054,2
191630124001055,2
191630124001056,2
191630124001057,2
191630124001058,2
191630124001059,2
191630124001060,2
191630124001061,2
191630124001062,2
191630124001063,2
191630124001064,2
191630124001065,2
191630124001066,2
191630124001067,2
191630124001068,2
191630124001069,2
191630124001072,2
191630111001000,2
191630111001001,2
191630111001002,2
191630111001003,2
191630111001004,2
191630111001005,2
191630111001006,2
191630111001007,2
191630111001008,2
191630111001009,2
191630111001010,2
191630111001011,2
191630111001014,2
191630111001015,2
191630111001016,2
191630111001050,2
191630111001051,2
191630111001052,2
191630111001053,2
191630111001054,2
191630111001055,2
191630111001056,2
191630111001057,2
191630111001058,2
191630111001059,2
191630111001060,2
191630111001061,2
191630111001062,2
191630111001063,2
191630111001064,2
191630111001065,2
191630111001066,2
191630111001067,2
191630111001068,2
191630111001069,2
191630111001070,2
191630111001071,2
191630111001072,2
191630111001073,2
191630111001074,2
191630111001075,2
191630111001076,2
191630111001077,2
191630111001078,2
191630111001079,2
191630111001080,2
191630111002000,2
191630111002001,2
191630111002002,2
191630111002003,2
191630111002004,2
191630111002005,2
191630111002006,2
191630111002028,2
191630111002029,2
191630111002030,2
191630111002031,2
191630111002032,2
191630111002033,2
191630111002034,2
191630111002035,2
191630111002036,2
191630112001004,2
191630112001005,2
191630112001006,2
191630112001007,2
191630112001008,2
191630112001009,2
191630112001010,2
191630112001011,2
191630112001014,2
191630112001019,2
191630112001020,2
191630112001021,2
191630112001022,2
191630112001023,2
191630112001027,2
191630112001028,2
191630112001029,2
191630112001030,2
191630112001031,2
191630112001032,2
191630112001039,2
191630112002002,2
191630112002003,2
191630112002004,2
191630112002005,2
191630112002010,2
191630112002011,2
191630112002012,2
191630112002013,2
191630112002019,2
191630119003003,2
191630119003008,2
191630119003009,2
191630119003010,2
191630119003011,2
191630119003012,2
191630119003013,2
191630119003014,2
191630119003015,2
191630119003016,2
191630119003017,2
191630119003018,2
191630119003019,2
191630119003020,2
191630119003021,2
191630119003022,2
191630119003023,2
191630119003024,2
191630119003025,2
191630119003026,2
191630119003031,2
191630119003032,2
191630119003033,2
191630119003034,2
191630119003035,2
191630119003036,2
191630119003037,2
191630111001012,2
191630111001013,2
191630111001017,2
191630111001018,2
191630111001019,2
191630111001020,2
191630111001021,2
191630111001022,2
191630111001023,2
191630111001024,2
191630111001025,2
191630111001026,2
191630111001027,2
191630111001028,2
191630111001029,2
191630111001030,2
191630111001031,2
191630111001032,2
191630111001033,2
191630111001034,2
191630111001035,2
191630111001036,2
191630111001037,2
191630111001038,2
191630111001039,2
191630111001040,2
191630111001041,2
191630111001042,2
191630111001043,2
191630111001044,2
191630111001045,2
191630111001046,2
191630111001047,2
191630111001048,2
191630111001049,2
191630111002007,2
191630111002008,2
191630111002009,2
191630111002010,2
191630111002011,2
191630111002012,2
191630111002013,2
191630111002014,2
191630111002016,2
191630111002017,2
191630111002018,2
191630111002019,2
191630111002023,2
191630111002024,2
191630111002025,2
191630111002026,2
191630111002027,2
191630111002037,2
191630111002043,2
191630111002044,2
191630111002045,2
191630111002046,2
191630112002018,2
191630112002020,2
191630112002021,2
191630112002026,2
191630112002029,2
191630112002030,2
191630112002031,2
191630112002032,2
191630112002040,2
191630121001000,2
191630121001001,2
191630121001002,2
191630121001003,2
191630121001004,2
191630121001005,2
191630121001006,2
191630121001007,2
191630121001008,2
191630121001009,2
191630121001010,2
191630121001011,2
191630121001012,2
191630121001013,2
191630121001014,2
191630121001015,2
191630121001016,2
191630121001017,2
191630121001018,2
191630121001019,2
191630121001020,2
191630121001021,2
191630121001022,2
191630121001023,2
191630121001024,2
191630121002000,2
191630121002001,2
191630121003000,2
191630121003001,2
191630121003002,2
191630121003003,2
191630121003011,2
191630121003012,2
191630121003013,2
191630112001000,2
191630112001001,2
191630112001002,2
191630112001003,2
191630112001012,2
191630112001013,2
191630112001015,2
191630112001016,2
191630112001017,2
191630112001018,2
191630112001024,2
191630112001025,2
191630112001026,2
191630112001033,2
191630112001034,2
191630112001035,2
191630112001036,2
191630112001037,2
191630112001038,2
191630112001040,2
191630112001041,2
191630112001042,2
191630112001043,2
191630112001044,2
191630112002000,2
191630112002001,2
191630112002006,2
191630112002007,2
191630112002008,2
191630112002009,2
191630112002014,2
191630112002015,2
191630113002001,2
191630113002002,2
191630113002003,2
191630113002004,2
191630113002005,2
191630113002006,2
191630113002007,2
191630113002010,2
191630113002011,2
191630113002012,2
191630113002013,2
191630113002020,2
191630113002021,2
191630113002022,2
191630113003003,2
191630113003004,2
191630113003005,2
191630113003006,2
191630113003007,2
191630113003008,2
191630113003009,2
191630113003010,2
191630113003011,2
191630113003012,2
191630113003013,2
191630113003014,2
191630113003015,2
191630113003016,2
191630113003017,2
191630113003018,2
191630113003024,2
191630113003025,2
191630113003026,2
191630113003027,2
191630113003028,2
191630113003029,2
191630113003030,2
191630113003031,2
191630113003032,2
191630113003033,2
191630113003034,2
191630113003035,2
191630113003039,2
191630113003040,2
191630113003041,2
191630113003044,2
191630113003045,2
191630118002000,2
191630118002001,2
191630118002002,2
191630118002003,2
191630118002004,2
191630118002005,2
191630118002006,2
191630118002007,2
191630118002008,2
191630118002009,2
191630118002010,2
191630118002011,2
191630118002012,2
191630118002013,2
191630118002014,2
191630118002015,2
191630118002016,2
191630118002017,2
191630118002018,2
191630118002019,2
191630118002020,2
191630118002021,2
191630118002022,2
191630118002023,2
191630118002026,2
191630118002027,2
191630118002031,2
191630118002032,2
191630118002033,2
191630118002034,2
191630118002035,2
191630118002036,2
191630118002037,2
191630118002038,2
191630118002046,2
191630118002047,2
191630118002048,2
191630118002049,2
191630118002050,2
191630118002051,2
191630119003000,2
191630119003001,2
191630119003002,2
191630119003004,2
191630119003005,2
191630119003006,2
191630119003007,2
191630119003027,2
191630119003028,2
191630119003029,2
191630119003030,2
191630113001000,2
191630113001001,2
191630113001002,2
191630113001003,2
191630113001004,2
191630113001005,2
191630113001007,2
191630113001008,2
191630113001009,2
191630113001010,2
191630113001011,2
191630113001015,2
191630113001016,2
191630113001017,2
191630113001031,2
191630113001032,2
191630114003000,2
191630114003001,2
191630114003002,2
191630114003003,2
191630114003004,2
191630114003005,2
191630114003006,2
191630114003007,2
191630114003008,2
191630114003009,2
191630114003010,2
191630116002010,2
191630116002011,2
191630116002012,2
191630116002020,2
191630116002021,2
191630116002022,2
191630116002023,2
191630116002024,2
191630116002025,2
191630116002026,2
191630116002027,2
191630116002028,2
191630116002029,2
191630116002030,2
191630116002031,2
191630116002032,2
191630116002033,2
191630116002034,2
191630116002035,2
191630116002036,2
191630116002037,2
191630116002038,2
191630116002039,2
191630116002040,2
191630116002041,2
191630116002042,2
191630116003007,2
191630116003008,2
191630116003009,2
191630116003010,2
191630116003011,2
191630116003012,2
191630116003013,2
191630116003014,2
191630116003015,2
191630116003019,2
191630116003020,2
191630116003021,2
191630116003022,2
191630116003023,2
191630116003024,2
191630116003025,2
191630116003026,2
191630116003027,2
191630116003028,2
191630116003029,2
191630116003030,2
191630116003031,2
191630116003032,2
191630116003033,2
191630116003034,2
191630116003035,2
191630116003036,2
191630116003037,2
191630116003038,2
191630116003039,2
191630116003040,2
191630116003041,2
191630116003042,2
191630116003043,2
191630116003044,2
191630116003045,2
191630116003046,2
191630116003047,2
191630116003048,2
191630116003049,2
191630116003050,2
191630116003051,2
191630116003052,2
191630116003053,2
191630116003054,2
191630116003055,2
191630116003056,2
191630116003057,2
191630116003058,2
191630116003059,2
191630116003060,2
191630116003061,2
191630116003062,2
191630116003063,2
191630116003064,2
191630116003065,2
191630116003066,2
191630116003067,2
191630118002039,2
191630118002040,2
191630118002041,2
191630118002042,2
191630115001000,2
191630115001001,2
191630115001002,2
191630115001003,2
191630115001004,2
191630115001005,2
191630115001006,2
191630115001007,2
191630115001008,2
191630115001009,2
191630115001010,2
191630115001013,2
191630115001019,2
191630115001020,2
191630115001021,2
191630115002000,2
191630115002001,2
191630115002030,2
191630115002031,2
191630115003000,2
191630115003001,2
191630115003002,2
191630115003003,2
191630115003004,2
191630115003005,2
191630115003006,2
191630115003007,2
191630115003008,2
191630115003009,2
191630115003010,2
191630115003014,2
191630115003015,2
191630115003016,2
191630115003017,2
191630115003020,2
191630115003021,2
191630115003026,2
191630116001000,2
191630116001001,2
191630116001002,2
191630116001003,2
191630116001004,2
191630116001005,2
191630116001006,2
191630116001007,2
191630116001008,2
191630116001009,2
191630116001010,2
191630116001011,2
191630116001012,2
191630116001013,2
191630116001014,2
191630116001015,2
191630116001016,2
191630116001017,2
191630116001018,2
191630116001019,2
191630116001020,2
191630116001021,2
191630116001022,2
191630116001023,2
191630116001024,2
191630116001025,2
191630116001026,2
191630117001009,2
191630117001010,2
191630117001011,2
191630117001012,2
191630117001013,2
191630117001014,2
191630117001015,2
191630117001016,2
191630117001029,2
191630117001030,2
191630117001036,2
191630117001037,2
191630117001038,2
191630130002018,2
191630130002019,2
191630130002020,2
191630130002022,2
191630130002023,2
191630130002024,2
191630130002025,2
191630130002026,2
191630130002027,2
191630130002028,2
191630130002029,2
191630130002030,2
191630130002031,2
191630130002032,2
191630130002033,2
191630130002034,2
191630130002035,2
191630130002036,2
191630130002037,2
191630130002038,2
191630130002039,2
191630115002032,2
191630115002033,2
191630115002034,2
191630115002037,2
191630130003000,2
191630130003001,2
191630130003002,2
191630130003003,2
191630130003004,2
191630130003005,2
191630130003006,2
191630130003007,2
191630130003008,2
191630130003009,2
191630130003010,2
191630130003011,2
191630130003012,2
191630130003013,2
191630130003014,2
191630130003015,2
191630130003016,2
191630130003017,2
191630130003018,2
191630130003019,2
191630130003020,2
191630130003021,2
191630130003022,2
191630130003023,2
191630130003024,2
191630130003025,2
191630130003026,2
191630130003027,2
191630130003028,2
191630130003029,2
191630130003030,2
191630130003031,2
191630131001000,2
191630131001001,2
191630131001002,2
191630131001003,2
191630131001004,2
191630131001005,2
191630131001006,2
191630131001007,2
191630131001008,2
191630131001009,2
191630131001010,2
191630131001011,2
191630131001012,2
191630131001013,2
191630131001014,2
191630131001015,2
191630131001016,2
191630131001017,2
191630131001018,2
191630131001019,2
191630131001020,2
191630131001021,2
191630131001022,2
191630131001023,2
191630131001024,2
191630131001025,2
191630131001026,2
191630131001027,2
191630131001028,2
191630131001029,2
191630131001030,2
191630131001031,2
191630131001032,2
191630131001033,2
191630131001034,2
191630131001035,2
191630131001036,2
191630131001037,2
191630131001038,2
191630131001039,2
191630131002000,2
191630131002001,2
191630131002002,2
191630131002003,2
191630131002004,2
191630131002005,2
191630131002006,2
191630131002007,2
191630131002008,2
191630131002009,2
191630131002010,2
191630131002011,2
191630131002012,2
191630131002013,2
191630131002014,2
191630131002015,2
191630131002016,2
191630131002017,2
191630131002018,2
191630131002019,2
191630131002020,2
191630131002021,2
191630131002022,2
191630131002023,2
191630131002024,2
191630131002025,2
191630131002026,2
191630131002027,2
191630131002028,2
191630131002029,2
191630131002030,2
191630131002031,2
191630131002032,2
191630131002033,2
191630131002034,2
191630131002035,2
191630116002000,2
191630116002001,2
191630116002002,2
191630116002003,2
191630116002004,2
191630116002005,2
191630116002006,2
191630116002007,2
191630116002008,2
191630116002009,2
191630116002013,2
191630116002014,2
191630116002015,2
191630116002016,2
191630116002017,2
191630116002018,2
191630116002019,2
191630116003000,2
191630116003001,2
191630116003002,2
191630116003003,2
191630116003004,2
191630116003005,2
191630116003006,2
191630116003016,2
191630116003017,2
191630116003018,2
191630117001000,2
191630117001001,2
191630117001002,2
191630117001003,2
191630117001004,2
191630117001005,2
191630117001006,2
191630117001007,2
191630117001008,2
191630117001017,2
191630117001018,2
191630117001019,2
191630117001020,2
191630117001021,2
191630117001022,2
191630117001023,2
191630117001024,2
191630117001025,2
191630117001026,2
191630117001027,2
191630117001028,2
191630117001031,2
191630117001032,2
191630117001033,2
191630117001034,2
191630117001035,2
191630117001039,2
191630117002000,2
191630117002001,2
191630117002002,2
191630117002003,2
191630117002004,2
191630117002005,2
191630117002006,2
191630117002007,2
191630117002008,2
191630117002009,2
191630117002010,2
191630117002011,2
191630117002012,2
191630117002013,2
191630117002014,2
191630117002015,2
191630117002016,2
191630117002017,2
191630117002018,2
191630117002019,2
191630117002020,2
191630117002021,2
191630117002022,2
191630117002023,2
191630117002024,2
191630117002025,2
191630117002026,2
191630117002027,2
191630117002028,2
191630117002029,2
191630117002030,2
191630117002031,2
191630117002032,2
191630117002033,2
191630117002034,2
191630117002035,2
191630117002036,2
191630117002037,2
191630117003000,2
191630117003005,2
191630117003006,2
191630117003007,2
191630117003008,2
191630117003009,2
191630117003010,2
191630117003011,2
191630117003012,2
191630117003013,2
191630117003014,2
191630117003015,2
191630117003016,2
191630117003017,2
191630117003018,2
191630117003019,2
191630117003020,2
191630117003021,2
191630117003022,2
191630117003023,2
191630117003024,2
191630117003025,2
191630117003026,2
191630117003027,2
191630117003028,2
191630117003029,2
191630117003030,2
191630117003031,2
191630117003032,2
191630117003033,2
191630117003034,2
191630117003035,2
191630117003036,2
191630117003037,2
191630117003038,2
191630117003039,2
191630117003040,2
191630117003041,2
191630117004016,2
191630117004017,2
191630117004018,2
191630117004019,2
191630117004020,2
191630117004021,2
191630117004022,2
191630117004023,2
191630117004029,2
191630117004030,2
191630117004031,2
191630117004032,2
191630117004033,2
191630117004034,2
191630117004035,2
191630117004040,2
191630117004041,2
191630117004042,2
191630117004043,2
191630117004044,2
191630130002021,2
191630117003001,2
191630117003002,2
191630117003003,2
191630117003004,2
191630117004000,2
191630117004001,2
191630117004002,2
191630117004003,2
191630117004004,2
191630117004005,2
191630117004006,2
191630117004007,2
191630117004008,2
191630117004009,2
191630117004010,2
191630117004011,2
191630117004012,2
191630117004013,2
191630117004014,2
191630117004015,2
191630117004024,2
191630117004025,2
191630117004026,2
191630117004027,2
191630117004028,2
191630117004036,2
191630117004037,2
191630117004038,2
191630117004039,2
191630118001000,2
191630118001001,2
191630118001002,2
191630118001003,2
191630118001004,2
191630118001005,2
191630118001006,2
191630118001007,2
191630118001008,2
191630118001009,2
191630118001010,2
191630118001011,2
191630118001012,2
191630118001013,2
191630118001014,2
191630118001015,2
191630118001016,2
191630118001017,2
191630118001018,2
191630118001019,2
191630118001020,2
191630118001021,2
191630118001022,2
191630118001023,2
191630118001024,2
191630118001025,2
191630118001026,2
191630118001027,2
191630118001028,2
191630118001029,2
191630118001030,2
191630118001031,2
191630118001032,2
191630118001033,2
191630118001034,2
191630118001035,2
191630118001036,2
191630118001037,2
191630118001038,2
191630118001039,2
191630118001040,2
191630118001041,2
191630118001042,2
191630118001043,2
191630118001044,2
191630118001045,2
191630118001046,2
191630118001047,2
191630118001048,2
191630118001049,2
191630119001010,2
191630119001011,2
191630119001012,2
191630119001013,2
191630119001014,2
191630119001015,2
191630119001016,2
191630119001018,2
191630119001019,2
191630119001020,2
191630119001021,2
191630119001022,2
191630119001023,2
191630119001024,2
191630119001025,2
191630119001026,2
191630119001027,2
191630119001028,2
191630119001029,2
191630119001030,2
191630119001031,2
191630119001032,2
191630119001033,2
191630119001034,2
191630119001035,2
191630119001036,2
191630119001037,2
191630119001038,2
191630119001039,2
191630119001040,2
191630119001041,2
191630119001042,2
191630119001043,2
191630119001044,2
191630119001045,2
191630119001046,2
191630119002000,2
191630119002001,2
191630119002002,2
191630119002003,2
191630119002004,2
191630119002005,2
191630119002006,2
191630119002007,2
191630119002008,2
191630119002009,2
191630119002010,2
191630119002011,2
191630119002012,2
191630119002013,2
191630119002014,2
191630119002015,2
191630128022027,2
191630128022028,2
191630128022032,2
191630119001000,2
191630119001001,2
191630119001002,2
191630119001003,2
191630119001004,2
191630119001005,2
191630119001006,2
191630119001007,2
191630119001008,2
191630119001009,2
191630119001017,2
191630127012004,2
191630127012005,2
191630127012007,2
191630127012008,2
191630127012012,2
191630127012014,2
191630127012015,2
191630127012016,2
191630127012017,2
191630127021000,2
191630127021001,2
191630127021002,2
191630127021003,2
191630127021004,2
191630127021005,2
191630127021006,2
191630127021007,2
191630127021008,2
191630127021009,2
191630127021010,2
191630127021011,2
191630127021012,2
191630127021013,2
191630127022008,2
191630127022009,2
191630127022010,2
191630127022011,2
191630127022012,2
191630127022013,2
191630127022014,2
191630127022015,2
191630127022016,2
191630127022017,2
191630127022018,2
191630127022019,2
191630127022020,2
191630127022021,2
191630127022022,2
191630127022023,2
191630127022024,2
191630127022025,2
191630120001000,2
191630120001001,2
191630120001002,2
191630120001011,2
191630120001012,2
191630120001013,2
191630120001014,2
191630120001015,2
191630120001016,2
191630120001017,2
191630120001025,2
191630120001026,2
191630120001027,2
191630120001028,2
191630120001029,2
191630120001030,2
191630120001031,2
191630120001032,2
191630120001033,2
191630120001034,2
191630120001035,2
191630120001036,2
191630120001037,2
191630120001038,2
191630120001039,2
191630126023000,2
191630126023001,2
191630126023002,2
191630126023003,2
191630126023004,2
191630126023005,2
191630126023006,2
191630126023007,2
191630126023019,2
191630126023020,2
191630126023021,2
191630126023022,2
191630127012009,2
191630127012010,2
191630127012011,2
191630127012013,2
191630127012018,2
191630120001003,2
191630120001004,2
191630120001005,2
191630120001006,2
191630120001007,2
191630120001008,2
191630120001009,2
191630120001010,2
191630120001018,2
191630120001019,2
191630120001020,2
191630120001021,2
191630120001022,2
191630120001023,2
191630120001024,2
191630125012000,2
191630125012001,2
191630125013002,2
191630125013003,2
191630125013012,2
191630125013016,2
191630125013017,2
191630125013018,2
191630125013019,2
191630125013020,2
191630125013021,2
191630125013022,2
191630125013023,2
191630125013024,2
191630125013025,2
191630125013026,2
191630125013027,2
191630125013028,2
191630126022004,2
191630126022005,2
191630126022006,2
191630126022007,2
191630126022008,2
191630126022009,2
191630126022010,2
191630126023008,2
191630126023009,2
191630126023010,2
191630126023011,2
191630126023012,2
191630126023013,2
191630126023014,2
191630126023015,2
191630126023016,2
191630126023017,2
191630126023018,2
191630120002000,2
191630120002001,2
191630120002002,2
191630120002003,2
191630120002004,2
191630120002005,2
191630120002006,2
191630120002007,2
191630120002008,2
191630120002009,2
191630120002010,2
191630120002011,2
191630120002012,2
191630120002013,2
191630120002014,2
191630120002015,2
191630120002016,2
191630120002017,2
191630120002018,2
191630120002019,2
191630120002020,2
191630120002021,2
191630120002022,2
191630120002023,2
191630120002024,2
191630120002025,2
191630120002026,2
191630120002027,2
191630120002028,2
191630120002029,2
191630121003004,2
191630121003005,2
191630125011009,2
191630125011010,2
191630125012002,2
191630125012003,2
191630125012004,2
191630125012005,2
191630125012006,2
191630125012007,2
191630125012008,2
191630125012009,2
191630125012010,2
191630125012011,2
191630125012012,2
191630125012013,2
191630125012014,2
191630125012015,2
191630125012016,2
191630125012017,2
191630125012018,2
191630125012019,2
191630125012020,2
191630121002002,2
191630121002009,2
191630121002010,2
191630121002011,2
191630121003006,2
191630121003007,2
191630121003008,2
191630121003009,2
191630121003010,2
191630125011000,2
191630125011001,2
191630125011002,2
191630125011003,2
191630125011004,2
191630125011005,2
191630125011006,2
191630125011007,2
191630125011008,2
191630125011011,2
191630125011012,2
191630125011013,2
191630125011014,2
191630125011015,2
191630125011016,2
191630125011017,2
191630125011018,2
191630125011019,2
191630125011020,2
191630125011021,2
191630125013007,2
191630125013008,2
191630125013009,2
191630125013010,2
191630125013011,2
191630125013029,2
191630122002000,2
191630122002001,2
191630122002002,2
191630122002003,2
191630122002004,2
191630122002009,2
191630122002010,2
191630122002011,2
191630122002012,2
191630122002013,2
191630122002022,2
191630122002023,2
191630122002024,2
191630122002033,2
191630122002034,2
191630122002035,2
191630122002036,2
191630122002037,2
191630122002038,2
191630122002039,2
191630122002040,2
191630122002041,2
191630122002042,2
191630122002043,2
191630122002044,2
191630122002045,2
191630122002047,2
191630122002048,2
191630123001001,2
191630123001002,2
191630123001004,2
191630123001005,2
191630123001006,2
191630123001007,2
191630123001008,2
191630123001009,2
191630123001010,2
191630123001011,2
191630123001012,2
191630123001013,2
191630123002000,2
191630123002001,2
191630123002002,2
191630123002003,2
191630123002004,2
191630123002005,2
191630123002006,2
191630123002007,2
191630123002008,2
191630123002009,2
191630123002010,2
191630123002011,2
191630123002012,2
191630123002013,2
191630123002014,2
191630123002015,2
191630123002016,2
191630123002017,2
191630123002018,2
191630123002019,2
191630123002020,2
191630123002021,2
191630123002022,2
191630123002023,2
191630123002024,2
191630123002025,2
191630123002026,2
191630123002027,2
191630123002028,2
191630123002029,2
191630123002030,2
191630123002031,2
191630123002032,2
191630123002033,2
191630123002034,2
191630123002035,2
191630123002036,2
191630123002037,2
191630123002038,2
191630123002039,2
191630123002040,2
191630123002041,2
191630123002042,2
191630123002043,2
191630123002044,2
191630123002045,2
191630123002046,2
191630123002047,2
191630124001000,2
191630124001001,2
191630124001002,2
191630124001003,2
191630124001004,2
191630124001005,2
191630124001006,2
191630124001007,2
191630124001008,2
191630124001009,2
191630124001010,2
191630124001011,2
191630124001012,2
191630124001016,2
191630124001017,2
191630124001018,2
191630124001019,2
191630124001020,2
191630124001021,2
191630124001022,2
191630124001023,2
191630124001024,2
191630124001025,2
191630124001026,2
191630124001027,2
191630124001070,2
191630124001071,2
191630125022000,2
191630125022001,2
191630125022002,2
191630125022003,2
191630125022004,2
191630125022005,2
191630125022006,2
191630125022007,2
191630125022008,2
191630125022009,2
191630125022010,2
191630125022011,2
191630125021000,2
191630125021001,2
191630125021002,2
191630125021003,2
191630125021004,2
191630125021005,2
191630125021006,2
191630125021007,2
191630125021008,2
191630125021009,2
191630125021010,2
191630125021011,2
191630125021012,2
191630125021013,2
191630125023000,2
191630125023001,2
191630125023002,2
191630125023003,2
191630125023004,2
191630125023005,2
191630125023006,2
191630125023007,2
191630125023008,2
191630125023009,2
191630125023010,2
191630125023011,2
191630126011004,2
191630126011005,2
191630126011006,2
191630126011012,2
191630126011013,2
191630126011014,2
191630126011015,2
191630126011016,2
191630126011017,2
191630126011019,2
191630126011020,2
191630126011021,2
191630126011022,2
191630126011023,2
191630126011024,2
191630126011025,2
191630127011000,2
191630127011001,2
191630127011002,2
191630127011003,2
191630127011004,2
191630127011005,2
191630127011006,2
191630127011007,2
191630127011008,2
191630127011009,2
191630127011010,2
191630127011011,2
191630127011012,2
191630127011013,2
191630127011014,2
191630127011015,2
191630127012000,2
191630127012001,2
191630127012002,2
191630127012003,2
191630127012006,2
191630127022000,2
191630127022001,2
191630127022002,2
191630127022003,2
191630127022004,2
191630127022005,2
191630127022006,2
191630127022007,2
191630128011014,2
191630128011016,2
191630128011017,2
191630128011019,2
191630128011020,2
191630128011022,2
191630128011023,2
191630128011024,2
191630128011025,2
191630128012000,2
191630128012001,2
191630128012002,2
191630128012003,2
191630128012004,2
191630128012005,2
191630128012006,2
191630128013000,2
191630128013001,2
191630128013002,2
191630128013003,2
191630128013004,2
191630128013005,2
191630128013006,2
191630128013007,2
191630128013008,2
191630128013009,2
191630128013010,2
191630128013011,2
191630128013012,2
191630128013013,2
191630128013014,2
191630128013015,2
191630128013016,2
191630128013017,2
191630128013020,2
191630128013018,2
191630128013019,2
191630128021000,2
191630128021001,2
191630128021002,2
191630128021003,2
191630128021004,2
191630128021005,2
191630128021006,2
191630128021007,2
191630128021008,2
191630128021009,2
191630128021010,2
191630128021011,2
191630128021012,2
191630128021013,2
191630128021014,2
191630128021015,2
191630128021016,2
191630128021017,2
191630128021018,2
191630128022000,2
191630128022001,2
191630128022002,2
191630128022003,2
191630128022004,2
191630128022005,2
191630128022006,2
191630128022007,2
191630128022008,2
191630128022009,2
191630128022010,2
191630128022011,2
191630128022012,2
191630128022013,2
191630128022014,2
191630128022015,2
191630128022016,2
191630128022017,2
191630128022018,2
191630128022019,2
191630128022020,2
191630128022021,2
191630128022022,2
191630128022023,2
191630128022029,2
191630128022030,2
191630128022031,2
191630128022033,2
191630128022034,2
191630128022035,2
191630128022036,2
191630128022037,2
191630128022038,2
191630128022024,2
191630128022025,2
191630128022026,2
191630128023000,2
191630128023001,2
191630128023002,2
191630128023003,2
191630128023004,2
191630128023005,2
191630128023006,2
191630128023007,2
191630128023008,2
191630128023009,2
191630128023010,2
191630128023011,2
191630128023012,2
191630128023013,2
191630128023014,2
191630128024000,2
191630128024001,2
191630128024002,2
191630128024003,2
191630128024004,2
191630128024005,2
191630128024006,2
191630128024007,2
191630128024008,2
191630128024009,2
191630128024010,2
191630128024011,2
191630128024012,2
191630128024013,2
191630128024014,2
191630128024015,2
191630129024000,2
191630129024001,2
191630129024002,2
191630129024003,2
191630129024017,2
191630129024018,2
191630129024019,2
191630129024025,2
191630130002005,2
191630130002006,2
191630130002007,2
191630130002008,2
191630130002009,2
191630130002010,2
191630130002011,2
191630130002012,2
191630130002013,2
191630130002017,2
191630129021000,2
191630129021001,2
191630129021002,2
191630129021003,2
191630129021004,2
191630129021005,2
191630129021006,2
191630129021007,2
191630129021008,2
191630129021009,2
191630129021010,2
191630129021011,2
191630129021012,2
191630129021013,2
191630129021014,2
191630129021015,2
191630129021016,2
191630129021017,2
191630129021018,2
191630129021019,2
191630129021020,2
191630129021021,2
191630129021022,2
191630129021023,2
191630129021024,2
191630129021025,2
191630129021026,2
191630129021027,2
191630129021028,2
191630129021029,2
191630129021030,2
191630129021031,2
191630129021032,2
191630129021033,2
191630129021034,2
191630129021035,2
191630129021036,2
191630129021037,2
191630129021038,2
191630129021039,2
191630129021040,2
191630129021041,2
191630129021042,2
191630129022000,2
191630129022001,2
191630129022002,2
191630129022003,2
191630129022004,2
191630129022005,2
191630129022006,2
191630129022007,2
191630129022008,2
191630129022009,2
191630129022010,2
191630129022011,2
191630129022012,2
191630129022013,2
191630129022014,2
191630129022015,2
191630129022016,2
191630129022017,2
191630129022018,2
191630129022019,2
191630129022020,2
191630129022021,2
191630129022022,2
191630129022023,2
191630129022024,2
191630129024004,2
191630129024005,2
191630129024006,2
191630129024007,2
191630129024008,2
191630129024009,2
191630129024010,2
191630129024011,2
191630129024012,2
191630129024013,2
191630129024014,2
191630129024015,2
191630129024016,2
191630129024020,2
191630129024021,2
191630129024022,2
191630129024023,2
191630129024024,2
191630129024026,2
191630130001000,2
191630130001001,2
191630130001002,2
191630130001003,2
191630130001004,2
191630130001005,2
191630130001006,2
191630130001007,2
191630130001008,2
191630130001009,2
191630130001010,2
191630130001011,2
191630130001012,2
191630130002000,2
191630130002001,2
191630130002002,2
191630130002003,2
191630130002004,2
191630130002014,2
191630130002015,2
191630130002016,2
191630132001000,2
191630132001001,2
191630132001002,2
191630132001003,2
191630132001004,2
191630132001005,2
191630132001006,2
191630132001007,2
191630132001008,2
191630132001009,2
191630132001010,2
191630132001011,2
191630132001012,2
191630132001013,2
191630132001014,2
191630132001015,2
191630132001016,2
191630132001017,2
191630132001018,2
191630132001019,2
191630132001020,2
191630132001021,2
191630132001022,2
191630132001023,2
191630132001024,2
191630132001025,2
191630132001026,2
191630132001027,2
191630132001028,2
191630132001029,2
191630132001030,2
191630132001031,2
191630132001032,2
191630132001033,2
191630132001034,2
191630132001035,2
191630132001036,2
191630132001037,2
191630132001038,2
191630132001039,2
191630132001040,2
191630132001041,2
191630132001042,2
191630132001043,2
191630132001044,2
191630132001045,2
191630132001046,2
191630132001047,2
191630132001048,2
191630132001049,2
191630132001050,2
191630132001051,2
191630132001052,2
191630132001053,2
191630132001054,2
191630132001055,2
191630132001056,2
191630132001057,2
191630132001058,2
191630132001059,2
191630132001060,2
191630132001061,2
191630132001062,2
191630132001063,2
191630132001064,2
191630132001065,2
191630132001066,2
191630132001067,2
191630132001068,2
191630132001069,2
191630132001070,2
191630132001071,2
191630132001072,2
191630132001073,2
191630132001074,2
191630132001075,2
191630132001076,2
191630132001077,2
191630132001078,2
191630132001079,2
191630132001080,2
191630132001081,2
191630132001082,2
191630132001083,2
191630132001084,2
191630132001085,2
191630132001086,2
191630132001087,2
191630132001088,2
191630132001089,2
191630132001090,2
191630132001091,2
191630132001092,2
191630133001004,2
191630133001005,2
191630133001006,2
191630133001007,2
191630133001008,2
191630133001011,2
191630133001012,2
191630133002006,2
191630133002028,2
191630133002029,2
191630133002032,2
191630133003009,2
191630133003011,2
191630133003012,2
191630133003013,2
191630133003014,2
191630133003018,2
191630133003019,2
191630133003020,2
191630133003021,2
191630133003022,2
191630133003023,2
191630133003024,2
191630133003025,2
191630133003026,2
191630133003027,2
191630133003028,2
191630133003029,2
191630133003030,2
191630133003031,2
191630133003032,2
191630133003033,2
191630133003034,2
191630133003035,2
191630133003036,2
191630133003037,2
191630133003038,2
191630133003039,2
191630133003040,2
191630133003041,2
191630133003042,2
191630133003043,2
191630133003044,2
191630133003045,2
191630133003046,2
191630133003047,2
191630133003048,2
191630133003049,2
191630133003050,2
191630133003051,2
191630133003052,2
191630133003053,2
191630133003054,2
191630133003055,2
191630133003056,2
191630133003057,2
191630133003058,2
191630133003059,2
191630133003064,2
191630133003065,2
191630133003066,2
191630133003067,2
191630133003068,2
191630135002009,2
191630135002010,2
191630135002011,2
191630135002012,2
191630135002013,2
191630135002014,2
191630135002015,2
191630135002016,2
191630135002017,2
191630133001000,2
191630133001001,2
191630133001002,2
191630133001003,2
191630133001009,2
191630133001010,2
191630133002000,2
191630133002001,2
191630133002002,2
191630133002003,2
191630133002004,2
191630133002005,2
191630133002007,2
191630133002008,2
191630133002009,2
191630133002010,2
191630133002011,2
191630133002012,2
191630133002013,2
191630133002014,2
191630133002015,2
191630133002016,2
191630133002017,2
191630133002018,2
191630133002019,2
191630133002020,2
191630133002021,2
191630133002022,2
191630133002023,2
191630133002024,2
191630133002025,2
191630133002026,2
191630133002027,2
191630133002030,2
191630133002031,2
191630133003000,2
191630133003001,2
191630133003002,2
191630133003003,2
191630133003004,2
191630133003005,2
191630133003006,2
191630133003007,2
191630133003008,2
191630133003010,2
191630133003015,2
191630133003016,2
191630133003017,2
191630133003060,2
191630133003061,2
191630133003062,2
191630133003063,2
191630134002010,2
191630134002011,2
191630134002012,2
191630134002013,2
191630134002014,2
191630134002015,2
191630134002016,2
191630134002017,2
191630134002018,2
191630134002019,2
191630134002020,2
191630134002021,2
191630134002022,2
191630134002023,2
191630134002024,2
191630134002025,2
191630134002026,2
191630134002027,2
191630134002028,2
191630134002035,2
191630134002036,2
191630134002037,2
191630134002038,2
191630134002039,2
191630135001000,2
191630135001001,2
191630135001002,2
191630135001003,2
191630135001004,2
191630135001005,2
191630135001006,2
191630135001007,2
191630135001008,2
191630135001009,2
191630135001010,2
191630135001011,2
191630134001000,2
191630134001001,2
191630134001003,2
191630134001004,2
191630134001005,2
191630134001024,2
191630134001025,2
191630134001026,2
191630134001027,2
191630134001028,2
191630134001029,2
191630134001030,2
191630134001031,2
191630134001034,2
191630134001035,2
191630134001036,2
191630134001037,2
191630134001038,2
191630134001039,2
191630134001040,2
191630134001041,2
191630134001042,2
191630134001043,2
191630134001044,2
191630134001045,2
191630134001046,2
191630134002000,2
191630134002001,2
191630134002002,2
191630134002003,2
191630134002004,2
191630134002005,2
191630134002006,2
191630134002007,2
191630134002008,2
191630134002009,2
191630134002029,2
191630134002030,2
191630134002031,2
191630134002032,2
191630134002033,2
191630134002034,2
191630137023002,2
191630137023003,2
191630137023004,2
191630137023005,2
191630137023006,2
191630137023007,2
191630137023008,2
191630137023009,2
191630137023010,2
191630137023016,2
191630137023017,2
191630137023018,2
191630137023019,2
191630137023020,2
191630137023021,2
191630137023022,2
191630137023023,2
191630137023024,2
191630137023025,2
191630137024013,2
191630137024014,2
191630137024015,2
191630137024016,2
191630137024017,2
191630137024018,2
191630137024019,2
191630137024020,2
191630137024023,2
191630137024024,2
191630134001002,2
191630134001006,2
191630134001007,2
191630134001008,2
191630134001009,2
191630134001010,2
191630134001011,2
191630134001012,2
191630134001013,2
191630134001014,2
191630134001015,2
191630134001016,2
191630134001017,2
191630134001018,2
191630134001019,2
191630134001020,2
191630134001021,2
191630134001022,2
191630134001023,2
191630134001032,2
191630134001033,2
191630134001047,2
191630134001048,2
191630135003014,2
191630135003016,2
191630137024000,2
191630137024001,2
191630137024002,2
191630137024003,2
191630137024004,2
191630137024005,2
191630137024006,2
191630137024007,2
191630137024008,2
191630137024009,2
191630137024010,2
191630137024011,2
191630137024012,2
191630137052000,2
191630137052001,2
191630137052002,2
191630137052003,2
191630137052004,2
191630137052005,2
191630137052006,2
191630137052007,2
191630137052008,2
191630137052009,2
191630137052010,2
191630137052011,2
191630137052012,2
191630137052013,2
191630137052014,2
191630137052015,2
191630137052016,2
191630135002000,2
191630135002001,2
191630135002002,2
191630135002003,2
191630135002004,2
191630135002005,2
191630135002006,2
191630135002007,2
191630135002008,2
191630135002018,2
191630135003000,2
191630135003001,2
191630135003002,2
191630135003003,2
191630135003004,2
191630135003005,2
191630135003006,2
191630135003007,2
191630135003008,2
191630135003009,2
191630135003010,2
191630135003011,2
191630135003012,2
191630135003013,2
191630135003015,2
191630135003017,2
191630136002019,2
191630136002021,2
191630136002022,2
191630136001000,2
191630136001001,2
191630136001002,2
191630136001015,2
191630137032010,2
191630137051000,2
191630137051001,2
191630137051002,2
191630137053000,2
191630137053001,2
191630137053002,2
191630137053003,2
191630137053004,2
191630137053005,2
191630137053006,2
191630137053007,2
191630137053008,2
191630137053009,2
191630137053010,2
191630137053011,2
191630137053012,2
191630137053013,2
191630137053014,2
191630137053015,2
191630137053016,2
191630137053017,2
191630136001003,2
191630136001004,2
191630136001005,2
191630136001006,2
191630136001007,2
191630136001008,2
191630136001009,2
191630136001010,2
191630136001011,2
191630136001012,2
191630136001013,2
191630136001014,2
191630136001016,2
191630136001017,2
191630136001018,2
191630136001019,2
191630136001020,2
191630136002000,2
191630136002001,2
191630136002002,2
191630136002003,2
191630136002004,2
191630136002005,2
191630136002006,2
191630136002007,2
191630136002008,2
191630136002009,2
191630136002010,2
191630136002011,2
191630136002012,2
191630136002013,2
191630136002014,2
191630136002015,2
191630136002016,2
191630136002017,2
191630136002018,2
191630136002020,2
191630137031000,2
191630137031001,2
191630137031002,2
191630137031003,2
191630137031004,2
191630137031005,2
191630137031006,2
191630137031007,2
191630137031008,2
191630137031009,2
191630137031010,2
191630137031011,2
191630137031012,2
191630137031013,2
191630137031014,2
191630137031015,2
191630137031016,2
191630137031017,2
191630137032009,2
191630137021007,2
191630137021008,2
191630137021009,2
191630137021014,2
191630137021015,2
191630137021016,2
191630137021017,2
191630137021018,2
191630137021019,2
191630137021020,2
191630137021021,2
191630137021022,2
191630137021023,2
191630137021024,2
191630137021025,2
191630137021026,2
191630137021027,2
191630137021029,2
191630137022000,2
191630137022001,2
191630137022002,2
191630137022003,2
191630137022004,2
191630137022005,2
191630137022006,2
191630137022007,2
191630137022008,2
191630137022009,2
191630137022010,2
191630137022011,2
191630137022012,2
191630137022013,2
191630137022014,2
191630137022015,2
191630137022016,2
191630137022017,2
191630137022018,2
191630137022019,2
191630137022020,2
191630137022021,2
191630137022022,2
191630137022023,2
191630137022024,2
191630137022025,2
191630137022026,2
191630137022027,2
191630137022028,2
191630137022029,2
191630137022030,2
191630137022031,2
191630137022032,2
191630137022033,2
191630137022034,2
191630137022035,2
191630137022036,2
191630137022037,2
191630137051003,2
191630137051004,2
191630137051005,2
191630137051006,2
191630137051007,2
191630137051008,2
191630137051009,2
191630137051010,2
191630137051011,2
191630137051012,2
191630137051013,2
191630137051014,2
191630137051015,2
191630137051016,2
191630137051017,2
191630137051018,2
191630137063028,2
191630137063029,2
191630137063030,2
191630137063031,2
191630137063032,2
191630137023000,2
191630137023001,2
191630137023011,2
191630137023012,2
191630137023013,2
191630137023014,2
191630137023015,2
191630137023026,2
191630137023027,2
191630137023028,2
191630137023029,2
191630137023030,2
191630137023031,2
191630137023032,2
191630137023033,2
191630137023034,2
191630137024021,2
191630137024022,2
191630137032000,2
191630137032001,2
191630137032002,2
191630137032003,2
191630137032004,2
191630137032005,2
191630137032006,2
191630137061000,2
191630137061001,2
191630137061002,2
191630137061003,2
191630137061004,2
191630137061005,2
191630137061006,2
191630137061007,2
191630137061008,2
191630137061009,2
191630137061010,2
191630137061011,2
191630137061012,2
191630137061013,2
191630137061014,2
191630137061015,2
191630137061016,2
191630137061017,2
191630137061018,2
191630137061019,2
191630137061020,2
191630137061021,2
191630137061022,2
191630137061023,2
191630137061024,2
191630137061025,2
191630137061026,2
191630137061027,2
191630137061028,2
191630137061029,2
191630137061030,2
191630137061031,2
191630137061032,2
191630137061033,2
191630137061034,2
191630137061035,2
191630137061036,2
191630137062009,2
191630137062010,2
191630137062011,2
191630137062012,2
191630137062013,2
191630137062014,2
191630137062015,2
191630137062016,2
191630137062017,2
191630137062018,2
191630137062019,2
191630137062020,2
191630137062021,2
191630137062022,2
191630137062023,2
191630137062024,2
191630137062025,2
191630137063021,2
191630137063025,2
191630137063026,2
191630137032007,2
191630137032008,2
191630137032011,2
191630137032012,2
191630137032013,2
191630137032014,2
191630137032015,2
191630137032016,2
191630137032017,2
191630137032018,2
191659601001000,4
191659601001001,4
191659601001005,4
191659601001006,4
191659601001007,4
191659601001008,4
191659601001009,4
191659601001010,4
191659601001011,4
191659601001012,4
191659601001013,4
191659601001014,4
191659601001015,4
191659601001016,4
191659601001017,4
191659601001018,4
191659601001019,4
191659601001020,4
191659601001021,4
191659601001022,4
191659601001023,4
191659601001024,4
191659601001025,4
191659601001026,4
191659601001027,4
191659601001028,4
191659601001029,4
191659601001030,4
191659601001040,4
191659601001041,4
191659601001042,4
191659601001043,4
191659601001044,4
191659601001045,4
191659601001046,4
191659601001047,4
191659601001048,4
191659601001049,4
191659601001050,4
191659601001051,4
191659601001052,4
191659601001053,4
191659601001054,4
191659601001055,4
191659601001056,4
191659601001057,4
191659601001058,4
191659601001059,4
191659601001060,4
191659601001061,4
191659601001062,4
191659601002083,4
191659601002098,4
191659601002099,4
191659601002100,4
191659601002107,4
191659601002108,4
191659601002109,4
191659601002183,4
191659601002184,4
191659601002185,4
191659601002186,4
191659601002192,4
191659601001002,4
191659601001003,4
191659601001004,4
191659601001031,4
191659601001032,4
191659601001033,4
191659601001034,4
191659601001035,4
191659601001036,4
191659601001037,4
191659601001038,4
191659601001039,4
191659601001063,4
191659601001064,4
191659601001065,4
191659601001066,4
191659601001067,4
191659601001068,4
191659601001069,4
191659601001070,4
191659601001071,4
191659601001072,4
191659601001073,4
191659601001074,4
191659601001075,4
191659601001076,4
191659601001077,4
191659601002000,4
191659601002001,4
191659601002002,4
191659601002003,4
191659601002004,4
191659601002005,4
191659601002006,4
191659601002007,4
191659601002008,4
191659601002009,4
191659601002010,4
191659601002011,4
191659601002012,4
191659601002013,4
191659601002014,4
191659601002015,4
191659601002016,4
191659601002017,4
191659601002018,4
191659601002019,4
191659601002020,4
191659601002021,4
191659601002022,4
191659601002023,4
191659601002024,4
191659601002025,4
191659601002026,4
191659601002027,4
191659601002028,4
191659601002029,4
191659601002030,4
191659601002031,4
191659601002032,4
191659601002033,4
191659601002034,4
191659601002035,4
191659601002036,4
191659601002037,4
191659601002038,4
191659601002039,4
191659601002040,4
191659601002041,4
191659601002042,4
191659601002043,4
191659601002044,4
191659601002045,4
191659601002046,4
191659601002047,4
191659601002048,4
191659601002049,4
191659601002050,4
191659601002051,4
191659601002052,4
191659601002053,4
191659601002054,4
191659601002055,4
191659601002056,4
191659601002057,4
191659601002058,4
191659601002059,4
191659601002060,4
191659601002061,4
191659601002062,4
191659601002063,4
191659601002064,4
191659601002065,4
191659601002066,4
191659601002067,4
191659601002068,4
191659601002069,4
191659601002070,4
191659601002071,4
191659601002072,4
191659601002073,4
191659601002079,4
191659601002080,4
191659601002081,4
191659601002082,4
191659601002202,4
191659601004120,4
191659601004121,4
191659601002074,4
191659601002075,4
191659601002076,4
191659601002093,4
191659601002094,4
191659601002123,4
191659601002124,4
191659601002132,4
191659604001009,4
191659604001011,4
191659604001013,4
191659604001014,4
191659604001015,4
191659604001016,4
191659604001017,4
191659604001018,4
191659604001019,4
191659604001020,4
191659604001021,4
191659604001022,4
191659604001023,4
191659604001024,4
191659604001075,4
191659604001076,4
191659604001077,4
191659604001078,4
191659604003000,4
191659604003001,4
191659604003002,4
191659604003003,4
191659604003004,4
191659604003005,4
191659604003077,4
191659604003079,4
191659604003081,4
191659604003082,4
191659604003083,4
191659604003084,4
191659604003085,4
191659604003086,4
191659604003087,4
191659604003088,4
191659604003089,4
191659604003090,4
191659604003091,4
191659604003092,4
191659604003094,4
191659604003095,4
191659604003102,4
191659601002077,4
191659601002078,4
191659601002084,4
191659601002085,4
191659601002086,4
191659601002087,4
191659601002088,4
191659601002089,4
191659601002090,4
191659601002091,4
191659601002092,4
191659601002095,4
191659601002096,4
191659601002097,4
191659601002101,4
191659601002102,4
191659601002103,4
191659601002104,4
191659601002105,4
191659601002106,4
191659601002110,4
191659601002111,4
191659601002112,4
191659601002113,4
191659601002114,4
191659601002115,4
191659601002116,4
191659601002117,4
191659601002118,4
191659601002119,4
191659601002120,4
191659601002121,4
191659601002133,4
191659601002160,4
191659601002166,4
191659601002167,4
191659601002168,4
191659601002169,4
191659601002170,4
191659601002171,4
191659601002172,4
191659601002173,4
191659601002174,4
191659601002175,4
191659601002176,4
191659601002177,4
191659601002178,4
191659601002179,4
191659601002180,4
191659601002181,4
191659601002182,4
191659601002187,4
191659601002188,4
191659601002189,4
191659601002190,4
191659601002191,4
191659601002193,4
191659601002194,4
191659601002195,4
191659601002196,4
191659601002197,4
191659601002198,4
191659601002203,4
191659604003096,4
191659604003097,4
191659604003098,4
191659604003099,4
191659604003100,4
191659601002122,4
191659601002125,4
191659601002126,4
191659601002127,4
191659601002128,4
191659601002129,4
191659601002130,4
191659601002134,4
191659601002135,4
191659601002136,4
191659601002137,4
191659601002138,4
191659601002139,4
191659601002140,4
191659601002141,4
191659601002142,4
191659601002143,4
191659601002144,4
191659601002145,4
191659601002146,4
191659601002147,4
191659601002148,4
191659601002149,4
191659601002150,4
191659601002151,4
191659601002152,4
191659601002153,4
191659601002154,4
191659601002155,4
191659601002156,4
191659601002157,4
191659601002158,4
191659601002159,4
191659601002161,4
191659601002162,4
191659601002163,4
191659601002164,4
191659601002165,4
191659601002199,4
191659601002200,4
191659601002201,4
191659602001000,4
191659602001001,4
191659602001002,4
191659602001010,4
191659602001011,4
191659602001035,4
191659602001036,4
191659602001037,4
191659602001069,4
191659602001070,4
191659602001071,4
191659602001072,4
191659602001073,4
191659602001074,4
191659602001075,4
191659602001076,4
191659602001077,4
191659604003101,4
191659601002131,4
191659602001003,4
191659602001004,4
191659602001005,4
191659602001006,4
191659602001007,4
191659602001008,4
191659602001009,4
191659603002032,4
191659603002033,4
191659603002034,4
191659603002035,4
191659603002036,4
191659603002037,4
191659603002038,4
191659603002039,4
191659603002040,4
191659603002041,4
191659603002042,4
191659603002043,4
191659603002045,4
191659603002046,4
191659603002047,4
191659603002048,4
191659603002049,4
191659603002053,4
191659603002054,4
191659603002055,4
191659603002056,4
191659603003000,4
191659603003001,4
191659603003002,4
191659603003003,4
191659603003004,4
191659603003005,4
191659603003006,4
191659603003007,4
191659603003008,4
191659603003009,4
191659603003010,4
191659603003011,4
191659603003012,4
191659603003013,4
191659603003014,4
191659603003015,4
191659603003016,4
191659603003020,4
191659603003024,4
191659603003025,4
191659604003093,4
191659601003000,4
191659601003001,4
191659601003002,4
191659601003003,4
191659601003004,4
191659601003005,4
191659601003006,4
191659601003007,4
191659601003018,4
191659601003019,4
191659601003020,4
191659601003021,4
191659601003022,4
191659601003023,4
191659601003024,4
191659601003025,4
191659601003026,4
191659601003027,4
191659601003028,4
191659601003029,4
191659601003030,4
191659601003031,4
191659601003032,4
191659601003033,4
191659601003034,4
191659601003035,4
191659601003036,4
191659601003037,4
191659601003038,4
191659601003039,4
191659601003040,4
191659601003041,4
191659601003044,4
191659601003056,4
191659601003057,4
191659601003058,4
191659601003075,4
191659601003080,4
191659601003088,4
191659601003089,4
191659601003097,4
191659601003098,4
191659601003099,4
191659601003100,4
191659601003101,4
191659601003102,4
191659601003103,4
191659601003104,4
191659601003105,4
191659601003106,4
191659601003110,4
191659601003157,4
191659601003158,4
191659601003159,4
191659601003160,4
191659601003164,4
191659601004029,4
191659601004030,4
191659601004031,4
191659601004122,4
191659601004123,4
191659601004124,4
191659601004125,4
191659601003008,4
191659601003009,4
191659601003010,4
191659601003011,4
191659601003012,4
191659601003013,4
191659601003014,4
191659601003015,4
191659601003016,4
191659601003017,4
191659601003042,4
191659601003043,4
191659601003045,4
191659601003046,4
191659601003047,4
191659601003048,4
191659601003049,4
191659601003050,4
191659601003051,4
191659601003052,4
191659601003053,4
191659601003054,4
191659601003055,4
191659601003059,4
191659601003060,4
191659601003061,4
191659601003062,4
191659601003063,4
191659601003064,4
191659601003065,4
191659601003066,4
191659601003067,4
191659601003068,4
191659601003069,4
191659601003070,4
191659601003071,4
191659601003072,4
191659601003073,4
191659601003074,4
191659601003076,4
191659601003077,4
191659601003078,4
191659601003079,4
191659601003081,4
191659601003082,4
191659601003083,4
191659601003084,4
191659601003085,4
191659601003086,4
191659601003087,4
191659601003090,4
191659601003091,4
191659601003092,4
191659601003093,4
191659601003094,4
191659601003095,4
191659601003096,4
191659601003166,4
191659602004000,4
191659602004001,4
191659602004002,4
191659602004003,4
191659602004004,4
191659602004005,4
191659602004006,4
191659602004007,4
191659602004008,4
191659602004009,4
191659602004010,4
191659602004011,4
191659602004012,4
191659602004013,4
191659602004014,4
191659602004015,4
191659602004016,4
191659602004017,4
191659602004018,4
191659602004048,4
191659602004049,4
191659602004069,4
191659602004070,4
191659602004071,4
191659602004072,4
191659602004073,4
191659602004074,4
191659602004075,4
191659602004076,4
191659602004078,4
191659602004079,4
191659602004080,4
191659602004081,4
191659602004082,4
191659602004083,4
191659602004084,4
191659602004085,4
191659602004086,4
191659602004087,4
191659602004088,4
191659602004089,4
191659602004090,4
191659602004091,4
191659602004092,4
191659602004093,4
191659602004094,4
191659602004095,4
191659602004096,4
191659602004097,4
191659602004098,4
191659602004114,4
191659602004115,4
191659602004116,4
191659602004117,4
191659602004118,4
191659602004119,4
191659602004120,4
191659602004144,4
191659602004175,4
191659602004176,4
191659602004179,4
191659601003107,4
191659601003108,4
191659601003109,4
191659601003111,4
191659601003112,4
191659601003116,4
191659601003117,4
191659601003118,4
191659601003119,4
191659601003120,4
191659601003121,4
191659601003122,4
191659601003123,4
191659601003127,4
191659601003128,4
191659601003129,4
191659601003130,4
191659601003131,4
191659601003132,4
191659601003133,4
191659601003134,4
191659601003135,4
191659601003136,4
191659601003137,4
191659601003138,4
191659601003139,4
191659601003140,4
191659601003141,4
191659601003142,4
191659601003143,4
191659601003144,4
191659601003145,4
191659601003146,4
191659601003147,4
191659601003148,4
191659601003149,4
191659601003150,4
191659601003151,4
191659601003152,4
191659601003161,4
191659601003162,4
191659601003163,4
191659601003165,4
191659601004126,4
191659604001000,4
191659604001001,4
191659604001002,4
191659604001003,4
191659604001004,4
191659604001005,4
191659604001006,4
191659604001007,4
191659604001008,4
191659601003113,4
191659601003114,4
191659601003115,4
191659601003124,4
191659601003125,4
191659601003126,4
191659601003153,4
191659601003154,4
191659601003155,4
191659601003156,4
191659602002000,4
191659602002001,4
191659602002002,4
191659602002003,4
191659602002004,4
191659602002005,4
191659602002006,4
191659602002007,4
191659602002008,4
191659602002009,4
191659602002010,4
191659602002011,4
191659602002012,4
191659602002013,4
191659602002014,4
191659602002044,4
191659602002057,4
191659602002058,4
191659602002059,4
191659602002060,4
191659602002061,4
191659602002062,4
191659602002063,4
191659602002064,4
191659602002066,4
191659602002067,4
191659602002068,4
191659602002069,4
191659602002070,4
191659602002071,4
191659602002072,4
191659602002073,4
191659602002074,4
191659602002075,4
191659602002076,4
191659602002077,4
191659602002078,4
191659602002079,4
191659602002080,4
191659602002081,4
191659602002082,4
191659602002083,4
191659602002084,4
191659602002085,4
191659602004099,4
191659602004121,4
191659602004125,4
191659602004126,4
191659602004150,4
191659601004000,4
191659601004001,4
191659601004002,4
191659601004003,4
191659601004004,4
191659601004005,4
191659601004006,4
191659601004007,4
191659601004008,4
191659601004009,4
191659601004010,4
191659601004011,4
191659601004012,4
191659601004013,4
191659601004014,4
191659601004015,4
191659601004016,4
191659601004017,4
191659601004018,4
191659601004019,4
191659601004020,4
191659601004021,4
191659601004022,4
191659601004023,4
191659601004024,4
191659601004025,4
191659601004026,4
191659601004027,4
191659601004028,4
191659601004058,4
191659601004059,4
191659601004060,4
191659601004061,4
191659601004062,4
191659601004063,4
191659601004064,4
191659601004065,4
191659601004066,4
191659601004067,4
191659601004073,4
191659601004074,4
191659601004128,4
191659601004142,4
191659601004032,4
191659601004033,4
191659601004034,4
191659601004035,4
191659601004036,4
191659601004037,4
191659601004038,4
191659601004039,4
191659601004040,4
191659601004041,4
191659601004042,4
191659601004043,4
191659601004044,4
191659601004045,4
191659601004046,4
191659601004047,4
191659601004048,4
191659601004049,4
191659601004050,4
191659601004051,4
191659601004052,4
191659601004053,4
191659601004054,4
191659601004055,4
191659601004056,4
191659601004057,4
191659601004135,4
191659601004136,4
191659601004137,4
191659601004138,4
191659601004139,4
191659601004140,4
191659601004141,4
191659601004068,4
191659601004069,4
191659601004070,4
191659601004071,4
191659601004072,4
191659601004075,4
191659601004076,4
191659601004077,4
191659601004078,4
191659601004079,4
191659601004080,4
191659601004081,4
191659601004082,4
191659601004083,4
191659601004084,4
191659601004085,4
191659601004086,4
191659601004087,4
191659601004088,4
191659601004089,4
191659601004090,4
191659601004091,4
191659601004092,4
191659601004093,4
191659601004094,4
191659601004095,4
191659601004096,4
191659601004097,4
191659601004098,4
191659601004099,4
191659601004100,4
191659601004101,4
191659601004102,4
191659601004103,4
191659601004104,4
191659601004105,4
191659601004106,4
191659601004107,4
191659601004108,4
191659601004109,4
191659601004110,4
191659601004111,4
191659601004112,4
191659601004113,4
191659601004114,4
191659601004115,4
191659601004116,4
191659601004117,4
191659601004118,4
191659601004119,4
191659601004127,4
191659601004129,4
191659601004130,4
191659601004131,4
191659601004132,4
191659601004133,4
191659601004134,4
191659602001012,4
191659602001013,4
191659602001014,4
191659602001015,4
191659602001025,4
191659602001026,4
191659602001029,4
191659602001030,4
191659602001031,4
191659602001032,4
191659602001033,4
191659602001034,4
191659602001038,4
191659602001039,4
191659602001040,4
191659602001042,4
191659602001043,4
191659602001044,4
191659602001045,4
191659602001046,4
191659602001047,4
191659602001048,4
191659602001049,4
191659602001050,4
191659602001051,4
191659602001052,4
191659602001053,4
191659602001054,4
191659602001055,4
191659602001056,4
191659602001057,4
191659602001058,4
191659602001059,4
191659602001060,4
191659602001061,4
191659602001062,4
191659602001063,4
191659602001064,4
191659602001065,4
191659602001066,4
191659602001067,4
191659602001068,4
191659602001078,4
191659602001079,4
191659602001080,4
191659602001081,4
191659602001082,4
191659602001090,4
191659602001091,4
191659602003133,4
191659602001016,4
191659602001017,4
191659602001018,4
191659602001019,4
191659602001020,4
191659602001021,4
191659602001022,4
191659602001023,4
191659602001024,4
191659602001027,4
191659602001028,4
191659602001041,4
191659602001120,4
191659602001121,4
191659602001083,4
191659602001084,4
191659602001085,4
191659602001086,4
191659602001087,4
191659602001088,4
191659602001089,4
191659602001092,4
191659602001093,4
191659602001094,4
191659602001095,4
191659602001096,4
191659602001097,4
191659602001098,4
191659602001099,4
191659602001100,4
191659602001101,4
191659602001102,4
191659602001103,4
191659602001104,4
191659602001105,4
191659602001106,4
191659602001107,4
191659602001108,4
191659602001109,4
191659602001110,4
191659602001111,4
191659602001112,4
191659602001113,4
191659602001114,4
191659602001115,4
191659602001116,4
191659602001117,4
191659602001118,4
191659602001119,4
191659602001122,4
191659602002015,4
191659602002016,4
191659602002017,4
191659602002018,4
191659602002019,4
191659602002020,4
191659602002021,4
191659602002022,4
191659602002023,4
191659602002024,4
191659602002025,4
191659602002026,4
191659602002027,4
191659602002028,4
191659602002029,4
191659602002030,4
191659602002031,4
191659602002032,4
191659602002033,4
191659602002034,4
191659602002035,4
191659602002036,4
191659602002037,4
191659602002038,4
191659602002039,4
191659602002040,4
191659602002041,4
191659602002042,4
191659602002043,4
191659602002045,4
191659602002046,4
191659602002047,4
191659602002048,4
191659602002049,4
191659602002050,4
191659602002051,4
191659602002052,4
191659602002053,4
191659602002054,4
191659602002055,4
191659602002056,4
191659602002065,4
191659602003000,4
191659602003001,4
191659602003002,4
191659602003003,4
191659602003004,4
191659602003005,4
191659602003006,4
191659602003007,4
191659602003008,4
191659602003009,4
191659602003010,4
191659602003011,4
191659602003012,4
191659602003013,4
191659602003014,4
191659602003015,4
191659602003016,4
191659602003017,4
191659602003018,4
191659602003019,4
191659602003020,4
191659602003021,4
191659602003022,4
191659602003023,4
191659602003024,4
191659602003025,4
191659602003026,4
191659602003027,4
191659602003028,4
191659602003029,4
191659602003030,4
191659602003031,4
191659602003032,4
191659602003033,4
191659602004148,4
191659602004149,4
191659602004151,4
191659602004156,4
191659602004158,4
191659602004166,4
191659602004167,4
191659602004168,4
191659602004169,4
191659602004170,4
191659602004171,4
191659602004172,4
191659602004173,4
191659602004174,4
191659602003034,4
191659602003035,4
191659602003036,4
191659602003037,4
191659602003038,4
191659602003039,4
191659602003040,4
191659602003041,4
191659602003042,4
191659602003043,4
191659602003044,4
191659602003045,4
191659602003046,4
191659602003047,4
191659602003048,4
191659602003049,4
191659602003050,4
191659602003051,4
191659602003052,4
191659602003053,4
191659602003054,4
191659602003055,4
191659602003056,4
191659602003057,4
191659602003058,4
191659602003059,4
191659602003060,4
191659602003061,4
191659602003062,4
191659602003063,4
191659602003064,4
191659602003065,4
191659602003066,4
191659602003067,4
191659602003068,4
191659602003069,4
191659602003070,4
191659602003071,4
191659602003072,4
191659602003073,4
191659602003074,4
191659602003075,4
191659602003076,4
191659602003077,4
191659602003078,4
191659602003079,4
191659602003080,4
191659602003081,4
191659602003082,4
191659602003083,4
191659602003084,4
191659602003085,4
191659602003086,4
191659602003087,4
191659602003088,4
191659602003089,4
191659602003090,4
191659602003091,4
191659602003092,4
191659602003093,4
191659602003094,4
191659602003095,4
191659602003096,4
191659602003097,4
191659602003098,4
191659602003099,4
191659602003100,4
191659602003101,4
191659602003102,4
191659602003103,4
191659602003104,4
191659602003105,4
191659602003106,4
191659602003107,4
191659602003108,4
191659602003109,4
191659602003110,4
191659602003111,4
191659602003112,4
191659602003113,4
191659602003114,4
191659602003115,4
191659602003116,4
191659602003117,4
191659602003118,4
191659602003119,4
191659602003120,4
191659602003121,4
191659602003122,4
191659602003123,4
191659602003124,4
191659602003125,4
191659602003126,4
191659602003127,4
191659602003128,4
191659602003129,4
191659602003130,4
191659602003131,4
191659602003132,4
191659602003134,4
191659602003135,4
191659602004019,4
191659602004020,4
191659602004021,4
191659602004022,4
191659602004023,4
191659602004024,4
191659602004025,4
191659602004026,4
191659602004027,4
191659602004028,4
191659602004029,4
191659602004030,4
191659602004031,4
191659602004032,4
191659602004033,4
191659602004034,4
191659602004035,4
191659602004036,4
191659602004037,4
191659602004038,4
191659602004039,4
191659602004040,4
191659602004041,4
191659602004042,4
191659602004043,4
191659602004044,4
191659602004045,4
191659602004046,4
191659602004047,4
191659602004050,4
191659602004051,4
191659602004052,4
191659602004053,4
191659602004054,4
191659602004055,4
191659602004056,4
191659602004057,4
191659602004058,4
191659602004059,4
191659602004060,4
191659602004061,4
191659602004062,4
191659602004063,4
191659602004064,4
191659602004065,4
191659602004066,4
191659602004067,4
191659602004068,4
191659602004077,4
191659602004145,4
191659602004146,4
191659602004147,4
191659602004152,4
191659602004153,4
191659602004154,4
191659602004155,4
191659602004157,4
191659602004159,4
191659602004160,4
191659602004161,4
191659602004162,4
191659602004163,4
191659602004164,4
191659602004165,4
191659602004177,4
191659602004100,4
191659602004101,4
191659602004102,4
191659602004103,4
191659602004104,4
191659602004105,4
191659602004106,4
191659602004107,4
191659602004108,4
191659602004109,4
191659602004110,4
191659602004111,4
191659602004112,4
191659602004113,4
191659602004122,4
191659602004123,4
191659602004124,4
191659602004127,4
191659602004128,4
191659602004129,4
191659602004130,4
191659602004131,4
191659602004132,4
191659602004133,4
191659602004134,4
191659602004135,4
191659602004136,4
191659602004137,4
191659602004138,4
191659602004139,4
191659602004140,4
191659602004141,4
191659602004142,4
191659602004143,4
191659602004178,4
191659603001000,4
191659603001001,4
191659603001002,4
191659603001003,4
191659603001004,4
191659603001005,4
191659603001006,4
191659603001007,4
191659603001008,4
191659603001009,4
191659603001010,4
191659603001011,4
191659603001012,4
191659603001013,4
191659603001014,4
191659603001015,4
191659603001016,4
191659603002000,4
191659603002001,4
191659603002002,4
191659603002003,4
191659603002004,4
191659603002005,4
191659603002006,4
191659603002007,4
191659603002008,4
191659603002009,4
191659603002010,4
191659603002011,4
191659603002012,4
191659603002013,4
191659603002014,4
191659603002015,4
191659603002016,4
191659603002017,4
191659603002018,4
191659603002019,4
191659603002020,4
191659603002021,4
191659603002022,4
191659603002023,4
191659603002024,4
191659603002025,4
191659603002026,4
191659603002027,4
191659603002028,4
191659603002029,4
191659603002030,4
191659603002031,4
191659603002044,4
191659603002050,4
191659603002051,4
191659603002052,4
191659603002057,4
191659603003017,4
191659603003018,4
191659603003019,4
191659603003021,4
191659603003022,4
191659603003023,4
191659603003026,4
191659603003027,4
191659603003028,4
191659603003029,4
191659603003030,4
191659603003031,4
191659603003032,4
191659603003033,4
191659603003034,4
191659603003035,4
191659603003036,4
191659603003037,4
191659603003038,4
191659603003039,4
191659603003040,4
191659603004000,4
191659603004001,4
191659603004002,4
191659603004003,4
191659603004004,4
191659603004005,4
191659603004006,4
191659603004007,4
191659603004008,4
191659603004009,4
191659603004010,4
191659603004011,4
191659603004012,4
191659603004013,4
191659603004014,4
191659603004015,4
191659603004016,4
191659603004017,4
191659603004018,4
191659604001010,4
191659604001012,4
191659604001025,4
191659604001026,4
191659604001027,4
191659604001028,4
191659604001029,4
191659604001030,4
191659604001031,4
191659604001032,4
191659604001033,4
191659604001034,4
191659604001035,4
191659604001036,4
191659604001037,4
191659604001038,4
191659604001039,4
191659604001040,4
191659604001041,4
191659604001042,4
191659604001043,4
191659604001044,4
191659604001045,4
191659604001046,4
191659604001047,4
191659604001048,4
191659604001049,4
191659604001050,4
191659604001051,4
191659604001052,4
191659604001053,4
191659604001054,4
191659604001055,4
191659604001056,4
191659604001057,4
191659604001058,4
191659604001059,4
191659604001060,4
191659604001061,4
191659604001062,4
191659604001063,4
191659604001064,4
191659604001065,4
191659604001066,4
191659604001067,4
191659604001068,4
191659604001069,4
191659604001070,4
191659604001071,4
191659604001072,4
191659604001073,4
191659604001074,4
191659604002000,4
191659604002001,4
191659604002002,4
191659604002003,4
191659604002004,4
191659604002005,4
191659604002006,4
191659604002007,4
191659604002008,4
191659604002009,4
191659604002010,4
191659604002011,4
191659604002012,4
191659604002013,4
191659604002014,4
191659604002015,4
191659604002016,4
191659604002017,4
191659604002018,4
191659604002019,4
191659604002020,4
191659604002021,4
191659604002022,4
191659604002023,4
191659604002024,4
191659604002025,4
191659604002026,4
191659604002027,4
191659604002028,4
191659604002029,4
191659604002030,4
191659604002031,4
191659604002032,4
191659604002033,4
191659604002034,4
191659604002035,4
191659604002036,4
191659604002037,4
191659604002038,4
191659604002039,4
191659604002040,4
191659604002041,4
191659604002042,4
191659604002043,4
191659604002044,4
191659604002045,4
191659604002046,4
191659604002047,4
191659604002048,4
191659604002049,4
191659604002050,4
191659604002051,4
191659604002052,4
191659604002053,4
191659604002054,4
191659604002055,4
191659604002056,4
191659604002057,4
191659604002058,4
191659604002059,4
191659604002060,4
191659604002061,4
191659604002062,4
191659604002063,4
191659604002064,4
191659604002065,4
191659604002066,4
191659604002067,4
191659604003006,4
191659604003007,4
191659604003008,4
191659604003009,4
191659604003010,4
191659604003011,4
191659604003012,4
191659604003013,4
191659604003014,4
191659604003015,4
191659604003016,4
191659604003017,4
191659604003018,4
191659604003019,4
191659604003020,4
191659604003021,4
191659604003022,4
191659604003023,4
191659604003024,4
191659604003025,4
191659604003026,4
191659604003027,4
191659604003028,4
191659604003029,4
191659604003030,4
191659604003031,4
191659604003032,4
191659604003033,4
191659604003034,4
191659604003035,4
191659604003036,4
191659604003037,4
191659604003038,4
191659604003039,4
191659604003040,4
191659604003041,4
191659604003042,4
191659604003043,4
191659604003044,4
191659604003045,4
191659604003046,4
191659604003047,4
191659604003048,4
191659604003049,4
191659604003050,4
191659604003051,4
191659604003052,4
191659604003053,4
191659604003054,4
191659604003055,4
191659604003056,4
191659604003057,4
191659604003058,4
191659604003059,4
191659604003060,4
191659604003061,4
191659604003062,4
191659604003063,4
191659604003064,4
191659604003065,4
191659604003066,4
191659604003067,4
191659604003068,4
191659604003069,4
191659604003070,4
191659604003071,4
191659604003072,4
191659604003073,4
191659604003074,4
191659604003075,4
191659604003076,4
191659604003078,4
191659604003080,4
191670701001000,4
191670701001001,4
191670701001002,4
191670701001003,4
191670701001004,4
191670701001005,4
191670701001006,4
191670701001007,4
191670701001008,4
191670701001009,4
191670701001010,4
191670701001011,4
191670701001012,4
191670701001013,4
191670701001014,4
191670701001015,4
191670701001016,4
191670701001017,4
191670701001018,4
191670701001019,4
191670701001020,4
191670701001021,4
191670701001022,4
191670701001023,4
191670701001024,4
191670701001025,4
191670701001026,4
191670701001027,4
191670701001028,4
191670701001029,4
191670701001030,4
191670701001031,4
191670701001032,4
191670701001033,4
191670701001034,4
191670701001035,4
191670701001036,4
191670701001037,4
191670701001038,4
191670701001039,4
191670701001040,4
191670701001041,4
191670701001042,4
191670701001043,4
191670701001044,4
191670701001045,4
191670701001050,4
191670701001053,4
191670701001054,4
191670701001055,4
191670701001046,4
191670701001047,4
191670701001048,4
191670701001049,4
191670701001051,4
191670701001052,4
191670701001056,4
191670701001057,4
191670701001058,4
191670701001059,4
191670701001060,4
191670701001061,4
191670701001062,4
191670701001063,4
191670701001064,4
191670701001065,4
191670701001066,4
191670701001067,4
191670701001068,4
191670701001069,4
191670701001070,4
191670701001071,4
191670701001072,4
191670701001073,4
191670701001074,4
191670701001075,4
191670701001076,4
191670701001077,4
191670701001078,4
191670701001079,4
191670701001080,4
191670701001081,4
191670701001082,4
191670701001083,4
191670701001084,4
191670701001085,4
191670701001086,4
191670701001087,4
191670701001088,4
191670701001089,4
191670701001090,4
191670701001091,4
191670701001092,4
191670701001093,4
191670701001094,4
191670701001095,4
191670701001096,4
191670701001097,4
191670701001098,4
191670701001099,4
191670701001100,4
191670701001101,4
191670701001102,4
191670701001103,4
191670701002000,4
191670701002001,4
191670701002002,4
191670701002003,4
191670701002004,4
191670701002005,4
191670701002006,4
191670701002010,4
191670701002011,4
191670701002032,4
191670701002007,4
191670701002008,4
191670701002009,4
191670701002012,4
191670701002013,4
191670701002014,4
191670701002015,4
191670701002016,4
191670701002017,4
191670701002018,4
191670701002019,4
191670701002020,4
191670701002030,4
191670701002031,4
191670701002058,4
191670701002064,4
191670701002065,4
191670701002066,4
191670701002067,4
191670701002068,4
191670701002069,4
191670701002070,4
191670701002071,4
191670701002072,4
191670701002073,4
191670701002074,4
191670701002075,4
191670701002076,4
191670701002077,4
191670701002078,4
191670701002079,4
191670701002080,4
191670701002081,4
191670701002082,4
191670701002083,4
191670701002084,4
191670701002085,4
191670701002086,4
191670701002087,4
191670701002088,4
191670701002089,4
191670701002090,4
191670701002091,4
191670701002092,4
191670701002093,4
191670701002094,4
191670701002095,4
191670701002096,4
191670701002097,4
191670701002098,4
191670701002099,4
191670701002100,4
191670701002101,4
191670701002102,4
191670705001000,4
191670705001001,4
191670705001002,4
191670705001003,4
191670705001004,4
191670705001005,4
191670705001006,4
191670705001007,4
191670705001008,4
191670705001009,4
191670705001010,4
191670705001011,4
191670705001012,4
191670705001013,4
191670705001014,4
191670705001015,4
191670705001016,4
191670705001022,4
191670705001023,4
191670705001024,4
191670701002021,4
191670701002022,4
191670701002023,4
191670701002024,4
191670701002025,4
191670701002026,4
191670701002027,4
191670701002028,4
191670701002029,4
191670701002033,4
191670701002034,4
191670701002035,4
191670701002036,4
191670701002037,4
191670701002038,4
191670701002039,4
191670701002040,4
191670701002041,4
191670701002042,4
191670701002043,4
191670701002044,4
191670701002045,4
191670701002046,4
191670701002047,4
191670701002048,4
191670701002049,4
191670701002050,4
191670701002051,4
191670701002052,4
191670701002053,4
191670701002054,4
191670701002055,4
191670701002056,4
191670701002057,4
191670701002059,4
191670701002060,4
191670701002061,4
191670701002062,4
191670701002063,4
191670701003000,4
191670701003001,4
191670701003002,4
191670701003003,4
191670701003004,4
191670701003005,4
191670701003006,4
191670701003007,4
191670701003008,4
191670701003009,4
191670701003010,4
191670701003011,4
191670701003012,4
191670701003013,4
191670701003014,4
191670701003015,4
191670701003016,4
191670701003017,4
191670701003018,4
191670701003019,4
191670701003020,4
191670701003021,4
191670701003022,4
191670701003023,4
191670701003024,4
191670701003025,4
191670701003026,4
191670701003027,4
191670701003028,4
191670701003029,4
191670701003030,4
191670701003031,4
191670701003032,4
191670701003033,4
191670701003034,4
191670701003035,4
191670701003036,4
191670701003037,4
191670701003038,4
191670701003039,4
191670701003040,4
191670701003041,4
191670701003042,4
191670701003043,4
191670701003044,4
191670701003045,4
191670701003046,4
191670701003047,4
191670701003048,4
191670701003049,4
191670701003050,4
191670701003051,4
191670701003052,4
191670701003053,4
191670701003054,4
191670701003055,4
191670701003056,4
191670701003057,4
191670701003058,4
191670701003059,4
191670701003060,4
191670701003061,4
191670701003062,4
191670701003063,4
191670701003064,4
191670701003065,4
191670701003066,4
191670701003067,4
191670701003068,4
191670701003069,4
191670701003070,4
191670701003071,4
191670701003072,4
191670701003073,4
191670701003074,4
191670701004000,4
191670701004001,4
191670701004002,4
191670701004003,4
191670701004004,4
191670701004005,4
191670701004006,4
191670701004007,4
191670701004008,4
191670701004009,4
191670701004010,4
191670701004011,4
191670701004012,4
191670701004013,4
191670701004014,4
191670701004015,4
191670701004016,4
191670701004017,4
191670701004018,4
191670701004019,4
191670701004020,4
191670701004021,4
191670701004022,4
191670701004023,4
191670701004024,4
191670701004025,4
191670701004026,4
191670701004027,4
191670701004028,4
191670701004029,4
191670701004030,4
191670701004031,4
191670701004032,4
191670701004033,4
191670701004034,4
191670701004035,4
191670701004036,4
191670701004037,4
191670701004038,4
191670701004039,4
191670701004040,4
191670701004041,4
191670701004042,4
191670701004043,4
191670701004044,4
191670701004045,4
191670701004046,4
191670701004051,4
191670701004052,4
191670701004053,4
191670701004075,4
191670702003044,4
191670702003045,4
191670702003046,4
191670702003047,4
191670701004047,4
191670701004048,4
191670701004049,4
191670701004050,4
191670701004054,4
191670701004055,4
191670701004056,4
191670701004057,4
191670701004058,4
191670701004059,4
191670701004060,4
191670701004061,4
191670701004062,4
191670701004063,4
191670701004064,4
191670701004065,4
191670701004066,4
191670701004067,4
191670701004068,4
191670701004069,4
191670701004070,4
191670701004071,4
191670701004072,4
191670701004073,4
191670701004074,4
191670702003057,4
191670702003058,4
191670702003059,4
191670702003060,4
191670702003061,4
191670702003092,4
191670702003097,4
191670702003098,4
191670702003110,4
191670702003111,4
191670705001017,4
191670705001018,4
191670705001019,4
191670705001020,4
191670705001021,4
191670705001025,4
191670705001026,4
191670705001030,4
191670705001102,4
191670705001106,4
191670705001108,4
191670705001109,4
191670705001113,4
191670705002006,4
191670706021000,4
191670706021005,4
191670702001000,4
191670702001001,4
191670702001002,4
191670702001003,4
191670702001004,4
191670702001005,4
191670702001006,4
191670702001007,4
191670702001008,4
191670702001009,4
191670702001010,4
191670702001011,4
191670702001012,4
191670702001013,4
191670702001014,4
191670702001015,4
191670702001016,4
191670702001017,4
191670702001018,4
191670702001019,4
191670702001020,4
191670702001021,4
191670702001022,4
191670702001023,4
191670702001024,4
191670702001025,4
191670702001026,4
191670702001027,4
191670702001028,4
191670702001029,4
191670702001030,4
191670702001031,4
191670702001032,4
191670702001033,4
191670702001034,4
191670702001035,4
191670702001036,4
191670702001037,4
191670702001038,4
191670702001039,4
191670702001040,4
191670702001041,4
191670702001042,4
191670702001043,4
191670702001044,4
191670702001045,4
191670702001046,4
191670702001047,4
191670702001048,4
191670702001049,4
191670702001050,4
191670702001051,4
191670702001052,4
191670702001053,4
191670702001054,4
191670702001055,4
191670702001056,4
191670702001057,4
191670702001058,4
191670702001059,4
191670702001060,4
191670702001061,4
191670702001062,4
191670702002000,4
191670702002001,4
191670702002002,4
191670702002003,4
191670702002004,4
191670702002005,4
191670702002006,4
191670702002007,4
191670702002008,4
191670702002009,4
191670702002010,4
191670702002011,4
191670702002012,4
191670702002013,4
191670702002014,4
191670702002015,4
191670702002016,4
191670702002017,4
191670702002018,4
191670702002019,4
191670702002020,4
191670702002021,4
191670702002022,4
191670702002023,4
191670702002024,4
191670702002025,4
191670702002026,4
191670702002027,4
191670702002028,4
191670702002029,4
191670702002030,4
191670702002031,4
191670702002032,4
191670702002033,4
191670702002034,4
191670702002035,4
191670702002036,4
191670702002037,4
191670702002038,4
191670702002039,4
191670702002040,4
191670702002041,4
191670702002042,4
191670702002043,4
191670702002044,4
191670702002045,4
191670702002046,4
191670702002047,4
191670702002048,4
191670702002049,4
191670702002050,4
191670702002051,4
191670702002052,4
191670702002053,4
191670702002054,4
191670702002055,4
191670702002056,4
191670702002057,4
191670702002058,4
191670702002059,4
191670702002060,4
191670703002000,4
191670703002015,4
191670703002016,4
191670703002017,4
191670703002018,4
191670703002021,4
191670703002022,4
191670703002027,4
191670703002028,4
191670703002029,4
191670703002030,4
191670703002036,4
191670702003000,4
191670702003001,4
191670702003002,4
191670702003003,4
191670702003004,4
191670702003005,4
191670702003006,4
191670702003007,4
191670702003008,4
191670702003009,4
191670702003010,4
191670702003011,4
191670702003012,4
191670702003013,4
191670702003014,4
191670702003015,4
191670702003016,4
191670702003017,4
191670702003018,4
191670702003019,4
191670702003020,4
191670702003021,4
191670702003022,4
191670702003023,4
191670702003024,4
191670702003025,4
191670702003026,4
191670702003027,4
191670702003028,4
191670702003029,4
191670702003030,4
191670702003031,4
191670702003033,4
191670702003034,4
191670702003035,4
191670702003036,4
191670702003040,4
191670702003042,4
191670702003043,4
191670702003048,4
191670703002037,4
191670703002046,4
191670703002047,4
191670703002079,4
191670703002080,4
191670703002098,4
191670703002113,4
191670707022002,4
191670702003032,4
191670702003037,4
191670702003038,4
191670702003039,4
191670702003041,4
191670702003053,4
191670702003066,4
191670702003068,4
191670702003069,4
191670702003070,4
191670702003071,4
191670702003072,4
191670702003073,4
191670702003074,4
191670702003115,4
191670702003116,4
191670702003117,4
191670707011000,4
191670707011001,4
191670707011002,4
191670707011003,4
191670707011004,4
191670707011005,4
191670707011006,4
191670707011007,4
191670707011008,4
191670707011009,4
191670707011010,4
191670707011011,4
191670707011012,4
191670707011013,4
191670707011014,4
191670707011015,4
191670707011016,4
191670707011017,4
191670707011018,4
191670707011021,4
191670707011022,4
191670707011023,4
191670707011024,4
191670707011025,4
191670707011026,4
191670707011027,4
191670707011028,4
191670707011029,4
191670707011030,4
191670707011031,4
191670707011032,4
191670707011033,4
191670707011034,4
191670707011035,4
191670707011036,4
191670707011037,4
191670707011038,4
191670707011039,4
191670707011040,4
191670707011041,4
191670707011042,4
191670707011043,4
191670707012000,4
191670707012001,4
191670707012002,4
191670707012003,4
191670707012004,4
191670707012005,4
191670707012006,4
191670707012007,4
191670707012008,4
191670707012009,4
191670707012010,4
191670707012011,4
191670707012012,4
191670707012013,4
191670707012014,4
191670707012015,4
191670707012016,4
191670707012017,4
191670707012018,4
191670707012019,4
191670707012020,4
191670707012021,4
191670707012022,4
191670707012023,4
191670707012024,4
191670707012025,4
191670707012026,4
191670707012027,4
191670707012028,4
191670707012029,4
191670707012030,4
191670707012031,4
191670707021000,4
191670707021001,4
191670707021002,4
191670707021003,4
191670707021004,4
191670707021005,4
191670707021006,4
191670707021007,4
191670707021008,4
191670707021009,4
191670707021010,4
191670707021011,4
191670707021012,4
191670707021013,4
191670707021014,4
191670707021015,4
191670707021016,4
191670707021017,4
191670707021018,4
191670707021019,4
191670707021020,4
191670707021021,4
191670707021022,4
191670707021023,4
191670707021024,4
191670707021025,4
191670707021026,4
191670707021027,4
191670707021028,4
191670707022000,4
191670707022001,4
191670707022003,4
191670707022004,4
191670707022005,4
191670707022006,4
191670707022007,4
191670707022009,4
191670707022010,4
191670707022011,4
191670707022012,4
191670707022013,4
191670707022014,4
191670707022015,4
191670707022016,4
191670707022017,4
191670707022018,4
191670707022019,4
191670707022020,4
191670707022021,4
191670707022022,4
191670707022023,4
191670707022024,4
191670707022025,4
191670707022026,4
191670707022027,4
191670707022028,4
191670707022029,4
191670707022030,4
191670707022031,4
191670707022032,4
191670707022033,4
191670707022034,4
191670707022035,4
191670707022036,4
191670702003049,4
191670702003050,4
191670702003051,4
191670702003052,4
191670702003054,4
191670702003055,4
191670702003056,4
191670702003062,4
191670702003063,4
191670702003064,4
191670702003065,4
191670702003067,4
191670702003075,4
191670702003076,4
191670702003077,4
191670702003078,4
191670702003079,4
191670702003080,4
191670702003081,4
191670702003082,4
191670702003083,4
191670702003084,4
191670702003085,4
191670702003086,4
191670702003087,4
191670702003088,4
191670702003089,4
191670702003090,4
191670702003091,4
191670702003093,4
191670702003094,4
191670702003095,4
191670702003096,4
191670702003099,4
191670702003100,4
191670702003101,4
191670702003102,4
191670702003103,4
191670702003104,4
191670702003105,4
191670702003106,4
191670702003107,4
191670702003108,4
191670702003109,4
191670702003113,4
191670702003114,4
191670702003118,4
191670702003119,4
191670702003120,4
191670703001000,4
191670703001007,4
191670703001008,4
191670703001037,4
191670703001038,4
191670703001050,4
191670703001051,4
191670707011019,4
191670707011020,4
191670707022008,4
191670702003112,4
191670705001103,4
191670705001104,4
191670705001111,4
191670705002004,4
191670705002005,4
191670705003022,4
191670705003027,4
191670706011000,4
191670706011001,4
191670706011002,4
191670706011003,4
191670706011004,4
191670706011005,4
191670706011006,4
191670706011007,4
191670706011008,4
191670706011009,4
191670706011010,4
191670706011011,4
191670706011012,4
191670706011013,4
191670706011014,4
191670706011015,4
191670706011016,4
191670706011017,4
191670706011018,4
191670706011019,4
191670706011020,4
191670706011021,4
191670706011022,4
191670706011023,4
191670706011024,4
191670706011025,4
191670706011027,4
191670706011028,4
191670706011029,4
191670706011030,4
191670706011031,4
191670706011032,4
191670706011033,4
191670706011034,4
191670706011035,4
191670706011036,4
191670706011037,4
191670706011038,4
191670706011039,4
191670706011040,4
191670706011042,4
191670706011043,4
191670706021001,4
191670706021002,4
191670706021003,4
191670706021004,4
191670706021006,4
191670706021007,4
191670706021008,4
191670706021009,4
191670706021010,4
191670706021011,4
191670706021012,4
191670706021013,4
191670706021014,4
191670706021015,4
191670706021016,4
191670706021017,4
191670706021018,4
191670706021019,4
191670706021020,4
191670706021021,4
191670706021022,4
191670706021023,4
191670706021024,4
191670706021025,4
191670706021026,4
191670706021027,4
191670706021028,4
191670706021029,4
191670706021030,4
191670706021031,4
191670706021032,4
191670706021033,4
191670706021034,4
191670706021035,4
191670706021036,4
191670706021037,4
191670706021038,4
191670706021039,4
191670706021040,4
191670706022000,4
191670706022001,4
191670706022002,4
191670706022003,4
191670706022004,4
191670706022005,4
191670706022006,4
191670706022007,4
191670706022008,4
191670706022009,4
191670706022010,4
191670706022011,4
191670706022012,4
191670706022013,4
191670706022014,4
191670706022015,4
191670706022016,4
191670706022017,4
191670706022018,4
191670706022019,4
191670706022020,4
191670706022021,4
191670706022022,4
191670706022023,4
191670706022024,4
191670706022025,4
191670706022026,4
191670706022027,4
191670706022028,4
191670706023000,4
191670706023001,4
191670706023002,4
191670706023003,4
191670706023004,4
191670706023005,4
191670706023006,4
191670706023007,4
191670706023008,4
191670706023009,4
191670706023010,4
191670706023011,4
191670706023012,4
191670706023013,4
191670706023014,4
191670706023015,4
191670706023016,4
191670706023017,4
191670706023018,4
191670706023019,4
191670706023020,4
191670706023021,4
191670706023022,4
191670706023023,4
191670706023024,4
191670706023025,4
191670706023026,4
191670706023027,4
191670703001001,4
191670703001002,4
191670703001003,4
191670703001004,4
191670703001005,4
191670703001006,4
191670703001009,4
191670703001010,4
191670703001011,4
191670703001012,4
191670703001013,4
191670703001014,4
191670703001015,4
191670703001016,4
191670703001017,4
191670703001018,4
191670703001019,4
191670703001020,4
191670703001021,4
191670703001022,4
191670703001023,4
191670703001024,4
191670703001025,4
191670703001026,4
191670703001027,4
191670703001028,4
191670703001029,4
191670703001030,4
191670703001031,4
191670703001032,4
191670703001033,4
191670703001034,4
191670703001035,4
191670703001036,4
191670703001039,4
191670703001040,4
191670703001041,4
191670703001042,4
191670703001043,4
191670703001044,4
191670703001045,4
191670703001046,4
191670703001047,4
191670703001048,4
191670703001049,4
191670703001052,4
191670703001053,4
191670703001054,4
191670703001055,4
191670703001056,4
191670703001057,4
191670703001058,4
191670703001059,4
191670703001060,4
191670703001061,4
191670703001062,4
191670703001063,4
191670703001064,4
191670703001065,4
191670703001066,4
191670703001071,4
191670703001072,4
191670703001073,4
191670703001074,4
191670703001172,4
191670703001067,4
191670703001068,4
191670703001069,4
191670703001070,4
191670703001075,4
191670703001078,4
191670703001079,4
191670703001080,4
191670703001081,4
191670703001082,4
191670703001085,4
191670703001086,4
191670703001087,4
191670703001088,4
191670703001089,4
191670703001090,4
191670703001091,4
191670703001092,4
191670703001093,4
191670703001141,4
191670703001142,4
191670703001143,4
191670703001144,4
191670703001145,4
191670703001146,4
191670703001147,4
191670703001148,4
191670703001149,4
191670703001150,4
191670703001151,4
191670703001152,4
191670703001153,4
191670703001154,4
191670703001155,4
191670703001156,4
191670703001157,4
191670703001158,4
191670703001159,4
191670703001160,4
191670703001161,4
191670703001162,4
191670703001163,4
191670703001167,4
191670703001168,4
191670703001169,4
191670703001170,4
191670703001076,4
191670703001077,4
191670703001083,4
191670703001084,4
191670703001166,4
191670703001171,4
191670705002007,4
191670705002008,4
191670705002009,4
191670705002010,4
191670705002019,4
191670705002020,4
191670705002021,4
191670705002022,4
191670705002023,4
191670705002024,4
191670705002025,4
191670705002026,4
191670705002027,4
191670705002028,4
191670705002029,4
191670705002030,4
191670705002031,4
191670705002032,4
191670705002033,4
191670705002034,4
191670705002035,4
191670705002036,4
191670705002037,4
191670705002038,4
191670705002039,4
191670705002040,4
191670705002041,4
191670705002042,4
191670705002043,4
191670705002044,4
191670705002045,4
191670705002046,4
191670705002047,4
191670705002048,4
191670705002049,4
191670705002050,4
191670705002051,4
191670705002052,4
191670705002053,4
191670705002054,4
191670705002055,4
191670705002056,4
191670705002057,4
191670705002058,4
191670705002059,4
191670705002060,4
191670705002061,4
191670705002062,4
191670705002063,4
191670705002064,4
191670705002065,4
191670705002091,4
191670705002092,4
191670705002093,4
191670705002094,4
191670705002095,4
191670705002096,4
191670705002097,4
191670705002098,4
191670705002099,4
191670705002100,4
191670705002101,4
191670705002102,4
191670705002103,4
191670705002104,4
191670705002105,4
191670705002106,4
191670705002107,4
191670705002108,4
191670705002109,4
191670705002110,4
191670703001094,4
191670703001095,4
191670703001096,4
191670703001097,4
191670703001098,4
191670703001099,4
191670703001100,4
191670703001101,4
191670703001102,4
191670703001103,4
191670703001104,4
191670703001105,4
191670703001106,4
191670703001107,4
191670703001108,4
191670703001109,4
191670703001110,4
191670703001111,4
191670703001112,4
191670703001113,4
191670703001114,4
191670703001115,4
191670703001116,4
191670703001117,4
191670703001118,4
191670703001119,4
191670703001120,4
191670703001121,4
191670703001122,4
191670703001123,4
191670703001124,4
191670703001125,4
191670703001126,4
191670703001127,4
191670703001128,4
191670703001129,4
191670703001130,4
191670703001131,4
191670703001132,4
191670703001133,4
191670703001134,4
191670703001135,4
191670703001136,4
191670703001137,4
191670703001138,4
191670703001139,4
191670703001140,4
191670703001164,4
191670703001165,4
191670703002001,4
191670703002002,4
191670703002003,4
191670703002004,4
191670703002005,4
191670703002006,4
191670703002007,4
191670703002008,4
191670703002009,4
191670703002010,4
191670703002011,4
191670703002012,4
191670703002013,4
191670703002014,4
191670703002019,4
191670703002020,4
191670703002023,4
191670703002024,4
191670703002025,4
191670703002026,4
191670703002031,4
191670703002032,4
191670703002033,4
191670703002034,4
191670703002035,4
191670703002040,4
191670703002041,4
191670703002042,4
191670703002043,4
191670703002044,4
191670703002045,4
191670703002054,4
191670703002055,4
191670703002056,4
191670703002057,4
191670703002058,4
191670703002059,4
191670703002060,4
191670703002109,4
191670703002110,4
191670703002115,4
191670703003000,4
191670703003001,4
191670703003005,4
191670703003006,4
191670703003007,4
191670703003008,4
191670703003009,4
191670703003010,4
191670703003011,4
191670703003012,4
191670703003013,4
191670703003014,4
191670703003015,4
191670703003016,4
191670703003017,4
191670703003018,4
191670703003019,4
191670703003020,4
191670703003021,4
191670703003022,4
191670703003023,4
191670703003024,4
191670703003025,4
191670703003026,4
191670703004000,4
191670703004001,4
191670703004002,4
191670703004003,4
191670703004004,4
191670703004005,4
191670703004006,4
191670703004007,4
191670703004008,4
191670703004009,4
191670703004010,4
191670703004011,4
191670703004012,4
191670703004013,4
191670703004014,4
191670703004015,4
191670703004016,4
191670703004017,4
191670703004018,4
191670703004019,4
191670703004020,4
191670703004021,4
191670703004022,4
191670703004023,4
191670703004024,4
191670703004025,4
191670703004026,4
191670703004027,4
191670703004028,4
191670703004029,4
191670703004030,4
191670703004031,4
191670703004032,4
191670703004033,4
191670703004034,4
191670703004035,4
191670703004036,4
191670703005000,4
191670703005001,4
191670703005002,4
191670703005003,4
191670703005004,4
191670703005005,4
191670703005006,4
191670703005007,4
191670703005008,4
191670703005009,4
191670703005010,4
191670703005011,4
191670703005012,4
191670703005013,4
191670703005014,4
191670703005015,4
191670703005016,4
191670703005017,4
191670703005018,4
191670703005019,4
191670703005020,4
191670703005021,4
191670703005022,4
191670703005023,4
191670703005024,4
191670703005025,4
191670703005026,4
191670703005027,4
191670703005028,4
191670703005029,4
191670703005030,4
191670703005031,4
191670703002038,4
191670703002039,4
191670703002048,4
191670703002049,4
191670703002050,4
191670703002051,4
191670703002052,4
191670703002053,4
191670703002061,4
191670703002062,4
191670703002063,4
191670703002064,4
191670703002065,4
191670703002066,4
191670703002067,4
191670703002068,4
191670703002069,4
191670703002070,4
191670703002071,4
191670703002072,4
191670703002073,4
191670703002074,4
191670703002075,4
191670703002076,4
191670703002077,4
191670703002078,4
191670703002081,4
191670703002082,4
191670703002083,4
191670703002084,4
191670703002085,4
191670703002086,4
191670703002087,4
191670703002088,4
191670703002089,4
191670703002090,4
191670703002091,4
191670703002092,4
191670703002093,4
191670703002094,4
191670703002095,4
191670703002096,4
191670703002097,4
191670703002099,4
191670703002100,4
191670703002101,4
191670703002102,4
191670703002103,4
191670703002104,4
191670703002105,4
191670703002106,4
191670703002107,4
191670703002108,4
191670703002111,4
191670703002114,4
191670703002112,4
191670703003002,4
191670703003003,4
191670703003004,4
191670704001000,4
191670704001001,4
191670704001002,4
191670704001003,4
191670704001004,4
191670704001005,4
191670704001006,4
191670704001007,4
191670704001008,4
191670704001026,4
191670704001027,4
191670704001028,4
191670704001029,4
191670704001030,4
191670704001031,4
191670704001032,4
191670704001033,4
191670704001034,4
191670704001035,4
191670704001036,4
191670704001037,4
191670704001038,4
191670704001039,4
191670704001040,4
191670704001041,4
191670704001042,4
191670704001043,4
191670704001044,4
191670704001045,4
191670704001046,4
191670704001047,4
191670704001048,4
191670704001049,4
191670704001050,4
191670704001051,4
191670704001052,4
191670704001053,4
191670704001054,4
191670704001055,4
191670704001056,4
191670704001057,4
191670704001058,4
191670704001059,4
191670704001060,4
191670704001062,4
191670704001063,4
191670704001064,4
191670704001065,4
191670704001072,4
191670704001083,4
191670704001084,4
191670704001085,4
191670704001086,4
191670704001087,4
191670704001009,4
191670704001010,4
191670704001011,4
191670704001012,4
191670704001013,4
191670704001014,4
191670704001015,4
191670704001016,4
191670704001017,4
191670704001018,4
191670704001019,4
191670704001020,4
191670704001021,4
191670704001022,4
191670704001023,4
191670704001024,4
191670704001025,4
191670704001061,4
191670704001088,4
191670704001089,4
191670704001066,4
191670704001067,4
191670704001068,4
191670704001069,4
191670704001070,4
191670704001071,4
191670704001073,4
191670704001074,4
191670704001075,4
191670704001076,4
191670704001077,4
191670704001078,4
191670704001079,4
191670704001080,4
191670704001081,4
191670704001082,4
191670704001090,4
191670704001091,4
191670704001092,4
191670704001093,4
191670704001094,4
191670704001095,4
191670704001096,4
191670704001097,4
191670704001098,4
191670704001099,4
191670704001100,4
191670704001101,4
191670704001102,4
191670704001103,4
191670704001104,4
191670704001105,4
191670704001106,4
191670704001107,4
191670704001108,4
191670704001109,4
191670704001110,4
191670704001111,4
191670704001112,4
191670704001113,4
191670704001114,4
191670704001115,4
191670704001116,4
191670704001117,4
191670704001118,4
191670704001119,4
191670704001120,4
191670704001121,4
191670704001122,4
191670704001127,4
191670704001128,4
191670704001129,4
191670704001130,4
191670704001131,4
191670704001132,4
191670704001153,4
191670704001123,4
191670704001124,4
191670704001125,4
191670704001126,4
191670704001133,4
191670704001134,4
191670704001135,4
191670704001136,4
191670704001137,4
191670704001138,4
191670704001139,4
191670704001140,4
191670704001141,4
191670704001142,4
191670704001143,4
191670704001144,4
191670704001145,4
191670704001146,4
191670704001147,4
191670704001148,4
191670704001149,4
191670704001150,4
191670704001151,4
191670704001154,4
191670704001155,4
191670704001156,4
191670704001157,4
191670704001158,4
191670704001159,4
191670704001160,4
191670704001161,4
191670704001162,4
191670704001163,4
191670704001164,4
191670704001165,4
191670704001166,4
191670704001167,4
191670704001168,4
191670704001169,4
191670704001170,4
191670704001171,4
191670704001172,4
191670704001173,4
191670704001174,4
191670704001175,4
191670704001176,4
191670704001179,4
191670704001180,4
191670704001181,4
191670704001182,4
191670704001183,4
191670704001188,4
191670704001189,4
191670704001190,4
191670704001191,4
191670704001192,4
191670704001209,4
191670704001210,4
191670704001152,4
191670704001177,4
191670704001178,4
191670704001211,4
191670704001212,4
191670704001213,4
191670704002000,4
191670704003000,4
191670704003001,4
191670704003002,4
191670704003003,4
191670704003004,4
191670704001184,4
191670704001185,4
191670704001186,4
191670704001187,4
191670704001193,4
191670704001194,4
191670704001195,4
191670704001196,4
191670704001197,4
191670704001198,4
191670704001199,4
191670704001200,4
191670704001201,4
191670704001202,4
191670704001203,4
191670704001204,4
191670704001205,4
191670704001206,4
191670704001207,4
191670704001208,4
191670704001216,4
191670704001217,4
191670704001218,4
191670704001219,4
191670704001220,4
191670704001221,4
191670704001222,4
191670704001223,4
191670704001224,4
191670704001225,4
191670704001226,4
191670704001227,4
191670704001228,4
191670704001229,4
191670704001230,4
191670704001235,4
191670704001236,4
191670704001237,4
191670704001238,4
191670704001239,4
191670704001240,4
191670704001241,4
191670704001242,4
191670704001243,4
191670704001244,4
191670704001245,4
191670704001246,4
191670704001247,4
191670704001248,4
191670704001249,4
191670704001250,4
191670704001251,4
191670704001252,4
191670704001283,4
191670704001284,4
191670704001287,4
191670704001288,4
191670704001289,4
191670704001290,4
191670704001291,4
191670704001292,4
191670704001293,4
191670704001294,4
191670704001295,4
191670704001214,4
191670704001231,4
191670704001232,4
191670704001233,4
191670704001234,4
191670704001253,4
191670704001254,4
191670704001255,4
191670704001256,4
191670704001257,4
191670704001258,4
191670704001259,4
191670704001260,4
191670704001261,4
191670704001262,4
191670704001263,4
191670704001264,4
191670704001265,4
191670704001266,4
191670704001267,4
191670704001271,4
191670704001285,4
191670704001286,4
191670704003060,4
191670704003061,4
191670704003093,4
191670704003102,4
191670704003103,4
191670704003106,4
191670704001215,4
191670704002001,4
191670704002002,4
191670704002003,4
191670704002004,4
191670704002005,4
191670704002006,4
191670704002007,4
191670704002008,4
191670704002009,4
191670704002010,4
191670704002011,4
191670704002012,4
191670704002013,4
191670704002014,4
191670704002015,4
191670704002016,4
191670704002017,4
191670704002018,4
191670704002019,4
191670704002020,4
191670704002021,4
191670704002022,4
191670704002023,4
191670704002024,4
191670704002025,4
191670704002026,4
191670704002027,4
191670704002028,4
191670704002029,4
191670704002030,4
191670704002031,4
191670704002032,4
191670704002033,4
191670704002034,4
191670704002035,4
191670704002036,4
191670704002037,4
191670704002038,4
191670704002039,4
191670704002040,4
191670704002041,4
191670704002042,4
191670704002043,4
191670704002044,4
191670704002045,4
191670704002046,4
191670704002047,4
191670704002048,4
191670704002049,4
191670704002050,4
191670704002051,4
191670704002052,4
191670704002053,4
191670704002054,4
191670704002055,4
191670704002056,4
191670704002057,4
191670704002058,4
191670704002059,4
191670704002060,4
191670704002061,4
191670704002062,4
191670704002063,4
191670704002064,4
191670704002065,4
191670704002066,4
191670704002067,4
191670704002068,4
191670704003005,4
191670704003006,4
191670704003007,4
191670704003008,4
191670704003009,4
191670704003010,4
191670704003011,4
191670704003012,4
191670704003013,4
191670704003014,4
191670704003015,4
191670704003016,4
191670704003017,4
191670704003018,4
191670704003019,4
191670704003020,4
191670704003021,4
191670704003022,4
191670704003023,4
191670704003024,4
191670704003025,4
191670704003026,4
191670704003027,4
191670704003028,4
191670704003029,4
191670704003030,4
191670704003031,4
191670704003032,4
191670704003033,4
191670704003034,4
191670704003035,4
191670704003036,4
191670704003037,4
191670704003038,4
191670704003039,4
191670704003040,4
191670704003041,4
191670704003042,4
191670704003043,4
191670704003044,4
191670704003045,4
191670704003046,4
191670704003047,4
191670704003048,4
191670704003049,4
191670704003050,4
191670704003051,4
191670704003052,4
191670704003053,4
191670704003054,4
191670704003055,4
191670704003056,4
191670704003057,4
191670704003058,4
191670704003059,4
191670704003062,4
191670704003063,4
191670704003064,4
191670704003065,4
191670704003066,4
191670704003067,4
191670704003068,4
191670704003069,4
191670704003070,4
191670704003071,4
191670704003072,4
191670704003073,4
191670704003074,4
191670704003075,4
191670704003076,4
191670704003077,4
191670704003078,4
191670704003079,4
191670704003080,4
191670704003081,4
191670704003082,4
191670704003083,4
191670704003084,4
191670704003085,4
191670704003086,4
191670704003087,4
191670704003088,4
191670704003089,4
191670704003090,4
191670704003091,4
191670704003092,4
191670704003094,4
191670704003095,4
191670704003096,4
191670704003097,4
191670704003098,4
191670704003099,4
191670704003100,4
191670704003101,4
191670704003104,4
191670704003105,4
191670704003107,4
191670704001268,4
191670704001269,4
191670704001270,4
191670704001272,4
191670704001273,4
191670704001274,4
191670704001275,4
191670704001276,4
191670704001277,4
191670704001278,4
191670704001279,4
191670704001280,4
191670704001281,4
191670704001282,4
191670705001027,4
191670705001028,4
191670705001029,4
191670705001068,4
191670705001069,4
191670705001070,4
191670705001081,4
191670705001099,4
191670705001100,4
191670705001101,4
191670705002000,4
191670705002001,4
191670705002002,4
191670705002003,4
191670705002011,4
191670705002012,4
191670705002013,4
191670705002014,4
191670705002015,4
191670705002016,4
191670705002017,4
191670705002018,4
191670705002066,4
191670705002067,4
191670705002068,4
191670705002069,4
191670705002070,4
191670705002071,4
191670705002072,4
191670705002073,4
191670705002074,4
191670705002075,4
191670705002076,4
191670705002077,4
191670705002078,4
191670705002079,4
191670705002080,4
191670705002081,4
191670705002082,4
191670705002083,4
191670705002084,4
191670705002085,4
191670705002086,4
191670705002087,4
191670705002088,4
191670705002089,4
191670705002090,4
191670705002111,4
191670705003004,4
191670705003005,4
191670705003006,4
191670705003007,4
191670705003028,4
191670705003074,4
191670705003075,4
191670705003076,4
191670705003077,4
191670705003078,4
191670705003079,4
191670705003083,4
191670705003084,4
191670706011026,4
191670706011041,4
191670705001031,4
191670705001032,4
191670705001033,4
191670705001034,4
191670705001035,4
191670705001036,4
191670705001037,4
191670705001038,4
191670705001039,4
191670705001040,4
191670705001041,4
191670705001042,4
191670705001043,4
191670705001044,4
191670705001045,4
191670705001046,4
191670705001047,4
191670705001048,4
191670705001049,4
191670705001050,4
191670705001051,4
191670705001052,4
191670705001053,4
191670705001054,4
191670705001055,4
191670705001056,4
191670705001057,4
191670705001058,4
191670705001059,4
191670705001060,4
191670705001061,4
191670705001062,4
191670705001063,4
191670705001064,4
191670705001065,4
191670705001066,4
191670705001067,4
191670705001071,4
191670705001072,4
191670705001073,4
191670705001074,4
191670705001075,4
191670705001076,4
191670705001077,4
191670705001078,4
191670705001079,4
191670705001080,4
191670705001082,4
191670705001083,4
191670705001084,4
191670705001085,4
191670705001086,4
191670705001087,4
191670705001088,4
191670705001089,4
191670705001090,4
191670705001091,4
191670705001092,4
191670705001093,4
191670705001094,4
191670705001095,4
191670705001096,4
191670705001097,4
191670705001098,4
191670705001110,4
191670705001112,4
191670705001105,4
191670705001107,4
191670705003000,4
191670705003001,4
191670705003002,4
191670705003003,4
191670705003008,4
191670705003009,4
191670705003010,4
191670705003011,4
191670705003012,4
191670705003013,4
191670705003014,4
191670705003015,4
191670705003016,4
191670705003017,4
191670705003018,4
191670705003019,4
191670705003020,4
191670705003021,4
191670705003023,4
191670705003024,4
191670705003025,4
191670705003026,4
191670705003029,4
191670705003030,4
191670705003031,4
191670705003032,4
191670705003033,4
191670705003034,4
191670705003035,4
191670705003036,4
191670705003037,4
191670705003038,4
191670705003039,4
191670705003040,4
191670705003041,4
191670705003042,4
191670705003043,4
191670705003044,4
191670705003045,4
191670705003046,4
191670705003047,4
191670705003048,4
191670705003049,4
191670705003050,4
191670705003051,4
191670705003052,4
191670705003053,4
191670705003054,4
191670705003055,4
191670705003056,4
191670705003057,4
191670705003058,4
191670705003059,4
191670705003060,4
191670705003061,4
191670705003062,4
191670705003063,4
191670705003064,4
191670705003065,4
191670705003066,4
191670705003067,4
191670705003068,4
191670705003069,4
191670705003070,4
191670705003071,4
191670705003072,4
191670705003073,4
191670705003080,4
191670705003081,4
191670705003082,4
191690001011000,4
191690001011001,4
191690001011002,4
191690001011003,4
191690001011004,4
191690001011005,4
191690001012000,4
191690001012001,4
191690001012002,4
191690001012003,4
191690001012004,4
191690106002041,4
191690106002042,4
191690106002043,4
191690106003000,4
191690106003001,4
191690106003002,4
191690106003003,4
191690106003005,4
191690106003006,4
191690106003038,4
191690106003039,4
191690106003042,4
191690106003043,4
191690106003044,4
191690106004000,4
191690106004001,4
191690106004002,4
191690106004003,4
191690106004004,4
191690106004005,4
191690106004006,4
191690106004007,4
191690106004008,4
191690106004009,4
191690106004010,4
191690106004011,4
191690106004012,4
191690106004013,4
191690106004014,4
191690106004015,4
191690106004016,4
191690106004017,4
191690106004018,4
191690106004019,4
191690106004020,4
191690106004021,4
191690106004023,4
191690106004024,4
191690106004027,4
191690106004028,4
191690106004029,4
191690106004030,4
191690106004031,4
191690106004032,4
191690106004033,4
191690106004034,4
191690106004035,4
191690106004036,4
191690106004037,4
191690106004038,4
191690106004039,4
191690106004040,4
191690106004041,4
191690106004042,4
191690106004043,4
191690106004044,4
191690106004045,4
191690106004046,4
191690106004047,4
191690106004048,4
191690106004049,4
191690106004050,4
191690106004051,4
191690106004052,4
191690106004053,4
191690106004054,4
191690106004055,4
191690106004056,4
191690106004057,4
191690106004058,4
191690106004059,4
191690106004060,4
191690106004061,4
191690106004062,4
191690106004063,4
191690106004064,4
191690106004065,4
191690106004066,4
191690106004067,4
191690106004068,4
191690106004069,4
191690106004070,4
191690106004071,4
191690106004072,4
191690106004073,4
191690106004074,4
191690106004075,4
191690106004076,4
191690106004077,4
191690106004078,4
191690106004079,4
191690106004080,4
191690106004081,4
191690106004082,4
191690106004083,4
191690106004084,4
191690106004085,4
191690106004086,4
191690106004087,4
191690106004090,4
191690106004091,4
191690106004092,4
191690001011006,4
191690001011007,4
191690001011008,4
191690001011009,4
191690001011010,4
191690001011011,4
191690001031000,4
191690001031001,4
191690001031002,4
191690001031003,4
191690001031008,4
191690106001000,4
191690106001001,4
191690106001003,4
191690106001013,4
191690106002000,4
191690106002001,4
191690106002002,4
191690106002003,4
191690106002004,4
191690106002005,4
191690106002006,4
191690106002007,4
191690106002008,4
191690106002009,4
191690106002010,4
191690106002029,4
191690106002031,4
191690106002032,4
191690106002033,4
191690106002034,4
191690106002035,4
191690106002036,4
191690106002037,4
191690106002038,4
191690106002039,4
191690106002040,4
191690106002044,4
191690106002045,4
191690106002046,4
191690106002047,4
191690106002048,4
191690106002049,4
191690106002050,4
191690106002051,4
191690106002052,4
191690106002053,4
191690106002054,4
191690106002055,4
191690106002056,4
191690106002057,4
191690106002058,4
191690106002059,4
191690106002060,4
191690106002061,4
191690106002062,4
191690106002063,4
191690106002064,4
191690106002065,4
191690106002066,4
191690106002067,4
191690106002068,4
191690106002069,4
191690106002070,4
191690106002071,4
191690106002072,4
191690106002073,4
191690106002074,4
191690106002075,4
191690106003007,4
191690106003045,4
191690001011012,4
191690001011023,4
191690001011024,4
191690001011025,4
191690001011026,4
191690001011027,4
191690001011028,4
191690001011033,4
191690001011034,4
191690001011036,4
191690001011037,4
191690001011039,4
191690001011041,4
191690001011042,4
191690001011043,4
191690001011044,4
191690001011045,4
191690001011046,4
191690001011047,4
191690001011048,4
191690001011049,4
191690001011050,4
191690001011058,4
191690001011060,4
191690001011062,4
191690001011063,4
191690001022000,4
191690001022001,4
191690001023000,4
191690001023008,4
191690001023009,4
191690001024000,4
191690001031004,4
191690001031005,4
191690001031006,4
191690001031007,4
191690001031009,4
191690001031010,4
191690001031011,4
191690001031012,4
191690001031013,4
191690001031014,4
191690001031015,4
191690001031016,4
191690001031017,4
191690001031018,4
191690001031019,4
191690001031020,4
191690001031021,4
191690001031022,4
191690001031023,4
191690001031024,4
191690001031025,4
191690001031026,4
191690001031027,4
191690001031028,4
191690001031029,4
191690001031030,4
191690001031031,4
191690001031032,4
191690001031033,4
191690001031034,4
191690001031035,4
191690001031036,4
191690001031037,4
191690001031038,4
191690001031039,4
191690001031040,4
191690001031041,4
191690001031042,4
191690001031043,4
191690001031044,4
191690001031045,4
191690001041000,4
191690001041001,4
191690001041002,4
191690001041003,4
191690001041004,4
191690001041005,4
191690001041006,4
191690001041007,4
191690001041008,4
191690001041009,4
191690001041010,4
191690001041011,4
191690001041012,4
191690001041013,4
191690001041014,4
191690001041015,4
191690001041016,4
191690001041021,4
191690001041022,4
191690001041023,4
191690001041024,4
191690001041025,4
191690001041026,4
191690001052011,4
191690002001001,4
191690002001010,4
191690006004005,4
191690006004016,4
191690001011013,4
191690001011014,4
191690001011015,4
191690001011016,4
191690001011017,4
191690001011018,4
191690001011019,4
191690001011020,4
191690001011021,4
191690001011022,4
191690001011029,4
191690001011030,4
191690001011031,4
191690001011032,4
191690001011035,4
191690001011053,4
191690001011054,4
191690001012005,4
191690001012006,4
191690001012007,4
191690001012008,4
191690001012009,4
191690001012010,4
191690001012011,4
191690001012012,4
191690001012013,4
191690001012014,4
191690001012015,4
191690001012016,4
191690001012017,4
191690001012018,4
191690001012019,4
191690001012020,4
191690001012021,4
191690001012022,4
191690001012023,4
191690001012024,4
191690001012025,4
191690001012026,4
191690001012027,4
191690001012028,4
191690001012029,4
191690001012030,4
191690001012031,4
191690001012032,4
191690001012033,4
191690001012034,4
191690001012035,4
191690001012036,4
191690001012037,4
191690001012038,4
191690001012039,4
191690001012040,4
191690001012041,4
191690001012042,4
191690001012043,4
191690001012044,4
191690001012045,4
191690001012046,4
191690001012047,4
191690001012048,4
191690001012049,4
191690001012050,4
191690001012051,4
191690001012052,4
191690001012053,4
191690001012054,4
191690001012055,4
191690001012059,4
191690001012067,4
191690001012148,4
191690104001000,4
191690104001001,4
191690104001007,4
191690001011038,4
191690001011040,4
191690001011051,4
191690001011052,4
191690001011055,4
191690001011056,4
191690001011057,4
191690001012056,4
191690001012057,4
191690001012058,4
191690001012062,4
191690001012063,4
191690001012064,4
191690001012065,4
191690001012066,4
191690001012068,4
191690001012069,4
191690001012074,4
191690001012075,4
191690001012076,4
191690001012077,4
191690001012078,4
191690001012079,4
191690001012080,4
191690001012081,4
191690001012082,4
191690001012083,4
191690001012087,4
191690001012088,4
191690001012094,4
191690001012095,4
191690001012096,4
191690001012097,4
191690001012098,4
191690001012099,4
191690001012100,4
191690001012101,4
191690001012102,4
191690001012103,4
191690001012104,4
191690001012147,4
191690009003000,4
191690009003001,4
191690010002000,4
191690010002001,4
191690010002002,4
191690010002003,4
191690010002004,4
191690010002005,4
191690010002006,4
191690010002007,4
191690010002008,4
191690010002009,4
191690010002010,4
191690010002011,4
191690010002012,4
191690010002013,4
191690010002014,4
191690010002015,4
191690010002016,4
191690010002017,4
191690010002018,4
191690010002019,4
191690010002020,4
191690010002021,4
191690010002022,4
191690010002023,4
191690010002024,4
191690010002025,4
191690010002026,4
191690010002027,4
191690010002028,4
191690010002029,4
191690010002030,4
191690010002031,4
191690010002032,4
191690010002033,4
191690010002034,4
191690010002035,4
191690010002036,4
191690010002037,4
191690010002038,4
191690010002039,4
191690010002040,4
191690010002041,4
191690010002042,4
191690010002046,4
191690010003000,4
191690010003001,4
191690010003002,4
191690010003003,4
191690010003004,4
191690010004017,4
191690001011059,4
191690001011061,4
191690001011064,4
191690001011065,4
191690001011066,4
191690002001000,4
191690002001002,4
191690002001003,4
191690002001004,4
191690002001005,4
191690002001006,4
191690002001007,4
191690002001008,4
191690002001009,4
191690002001011,4
191690002001012,4
191690002001013,4
191690002001014,4
191690002001016,4
191690002001017,4
191690002002000,4
191690002002001,4
191690002002002,4
191690002002003,4
191690002002004,4
191690002002005,4
191690002002006,4
191690002002007,4
191690002002008,4
191690002002009,4
191690002002010,4
191690002002011,4
191690002002012,4
191690002002013,4
191690002002014,4
191690002002015,4
191690002002016,4
191690002002017,4
191690002002018,4
191690002002019,4
191690002002020,4
191690002002021,4
191690002002022,4
191690002002023,4
191690002002024,4
191690002002025,4
191690002002026,4
191690002003000,4
191690002003001,4
191690002003002,4
191690002003003,4
191690002003004,4
191690002003005,4
191690002003006,4
191690002003007,4
191690002003008,4
191690002003009,4
191690002003010,4
191690002003011,4
191690002003020,4
191690002003021,4
191690002003022,4
191690002003023,4
191690001012060,4
191690001012061,4
191690001012071,4
191690001012073,4
191690103001001,4
191690103001002,4
191690103001003,4
191690103001004,4
191690103001005,4
191690103001006,4
191690103001007,4
191690103001008,4
191690103001009,4
191690103001010,4
191690103001011,4
191690103001012,4
191690103001013,4
191690103001016,4
191690103001017,4
191690103001019,4
191690103001020,4
191690103001021,4
191690103001022,4
191690103001026,4
191690103002000,4
191690103002001,4
191690103002002,4
191690103002003,4
191690103002004,4
191690103002005,4
191690103002006,4
191690103002007,4
191690103002008,4
191690103002009,4
191690103002010,4
191690103002011,4
191690103002012,4
191690103002013,4
191690103002014,4
191690103002015,4
191690103002016,4
191690103002017,4
191690103002018,4
191690103002019,4
191690103002020,4
191690103002021,4
191690103002022,4
191690103002023,4
191690103002025,4
191690103002026,4
191690103002027,4
191690103002028,4
191690103002029,4
191690103002030,4
191690103002031,4
191690103002032,4
191690103002033,4
191690103002034,4
191690103002035,4
191690103002036,4
191690103002037,4
191690103002038,4
191690103002039,4
191690103002040,4
191690103002041,4
191690103002042,4
191690103002043,4
191690103002044,4
191690103002045,4
191690103002046,4
191690103002047,4
191690103002048,4
191690103002049,4
191690103002050,4
191690103002051,4
191690103002052,4
191690103002053,4
191690103002054,4
191690103002055,4
191690103002056,4
191690103002057,4
191690103002058,4
191690103002059,4
191690103002060,4
191690103002061,4
191690103002062,4
191690103002063,4
191690103002064,4
191690103002065,4
191690103002066,4
191690103002067,4
191690103002068,4
191690103002069,4
191690103002070,4
191690103002071,4
191690103002072,4
191690103002073,4
191690103002074,4
191690103002075,4
191690103002076,4
191690103002077,4
191690103002078,4
191690103002079,4
191690103002080,4
191690103002081,4
191690103002082,4
191690103002083,4
191690103002084,4
191690103002085,4
191690103002086,4
191690103002087,4
191690103002088,4
191690103002089,4
191690103002090,4
191690103002091,4
191690103002092,4
191690103003000,4
191690103003001,4
191690103003002,4
191690103003003,4
191690103003004,4
191690103003005,4
191690103003006,4
191690103003007,4
191690103003008,4
191690103003009,4
191690103003010,4
191690103003011,4
191690103003012,4
191690103003013,4
191690103003014,4
191690103003015,4
191690103003016,4
191690103003017,4
191690103003018,4
191690103003019,4
191690103003020,4
191690103003021,4
191690103003022,4
191690103003023,4
191690103003024,4
191690103003025,4
191690103003028,4
191690103003030,4
191690103003031,4
191690103003032,4
191690103003033,4
191690103003034,4
191690103003035,4
191690103003036,4
191690103003037,4
191690103003038,4
191690103003039,4
191690103003041,4
191690103003042,4
191690103003052,4
191690103003053,4
191690103003057,4
191690104001002,4
191690104001003,4
191690104001004,4
191690104001005,4
191690104001006,4
191690104001008,4
191690104001009,4
191690104001010,4
191690104001011,4
191690104001012,4
191690104001013,4
191690104001014,4
191690104001015,4
191690104001016,4
191690104001017,4
191690104001018,4
191690104001019,4
191690104001020,4
191690104001021,4
191690104001022,4
191690104001023,4
191690104001024,4
191690104001025,4
191690104001026,4
191690104001027,4
191690104001028,4
191690104001029,4
191690104001030,4
191690104001031,4
191690104001032,4
191690104001033,4
191690104001034,4
191690104001035,4
191690104001036,4
191690104001037,4
191690104001038,4
191690104001039,4
191690104001040,4
191690104001041,4
191690104001042,4
191690104001043,4
191690104001044,4
191690104001045,4
191690104001046,4
191690104001047,4
191690104001048,4
191690104001049,4
191690104001050,4
191690104001051,4
191690104001052,4
191690104001053,4
191690104001054,4
191690104001055,4
191690104001056,4
191690104001057,4
191690104001058,4
191690104001059,4
191690104001060,4
191690104001061,4
191690104001062,4
191690104001063,4
191690104001064,4
191690104001065,4
191690104001066,4
191690104001067,4
191690104001068,4
191690104001069,4
191690104001070,4
191690104002001,4
191690104002002,4
191690104002003,4
191690104002004,4
191690104002005,4
191690104002006,4
191690104002007,4
191690104002008,4
191690104002009,4
191690104002010,4
191690104002011,4
191690104002012,4
191690104002013,4
191690104002014,4
191690104002015,4
191690104002016,4
191690104002017,4
191690104002018,4
191690104002019,4
191690104002020,4
191690104002021,4
191690104002022,4
191690104002023,4
191690104002024,4
191690104002025,4
191690104002026,4
191690104002027,4
191690104002028,4
191690104002029,4
191690104002030,4
191690104002031,4
191690104002032,4
191690104002033,4
191690104002034,4
191690104002035,4
191690104002036,4
191690104002037,4
191690104002038,4
191690104002039,4
191690104002040,4
191690104002041,4
191690104002042,4
191690104002043,4
191690104002044,4
191690104002045,4
191690104002046,4
191690104002047,4
191690104002048,4
191690104002049,4
191690104002050,4
191690104002051,4
191690104002052,4
191690104002053,4
191690104002054,4
191690104002055,4
191690104002056,4
191690104002057,4
191690104002058,4
191690104002059,4
191690104003002,4
191690104003005,4
191690104003006,4
191690104003007,4
191690104003008,4
191690104003009,4
191690104003010,4
191690104003011,4
191690104003012,4
191690104003013,4
191690104003014,4
191690104003015,4
191690104003016,4
191690104003017,4
191690104003018,4
191690104003019,4
191690104003020,4
191690104003021,4
191690104003022,4
191690104003023,4
191690104003024,4
191690104003025,4
191690104003026,4
191690104003027,4
191690104003028,4
191690104003029,4
191690104003030,4
191690104003031,4
191690104003032,4
191690001012070,4
191690001012072,4
191690001012084,4
191690001012085,4
191690001012086,4
191690001012089,4
191690001012090,4
191690001012091,4
191690001012092,4
191690001012093,4
191690001012105,4
191690001012106,4
191690001012107,4
191690001012108,4
191690001012109,4
191690001012110,4
191690001012111,4
191690001012112,4
191690001012113,4
191690001012114,4
191690001012115,4
191690001012116,4
191690001012117,4
191690001012118,4
191690001012119,4
191690001012120,4
191690001012121,4
191690001012122,4
191690001012123,4
191690001012124,4
191690001012125,4
191690001012126,4
191690001012127,4
191690001012128,4
191690001012129,4
191690001012130,4
191690001012131,4
191690001012132,4
191690001012133,4
191690001012134,4
191690001012135,4
191690001012136,4
191690001012137,4
191690001012138,4
191690001012139,4
191690001012140,4
191690001012141,4
191690001012142,4
191690001012143,4
191690001012144,4
191690001012145,4
191690001012146,4
191690013023000,4
191690013023001,4
191690013023002,4
191690013023035,4
191690013023036,4
191690013023037,4
191690013023038,4
191690013023039,4
191690013023040,4
191690013023041,4
191690102001007,4
191690102001008,4
191690103002024,4
191690103003026,4
191690103003027,4
191690103003029,4
191690103003044,4
191690103003045,4
191690103003046,4
191690103003047,4
191690103003054,4
191690103003055,4
191690103003056,4
191690001021000,4
191690001021001,4
191690001021002,4
191690001021003,4
191690001021004,4
191690001021005,4
191690001021006,4
191690001021007,4
191690001021008,4
191690001021009,4
191690001021010,4
191690001021011,4
191690001021012,4
191690001021013,4
191690001021014,4
191690001021015,4
191690001021016,4
191690001022002,4
191690001022004,4
191690001022005,4
191690001022010,4
191690001022011,4
191690001022012,4
191690001022013,4
191690001022014,4
191690001023001,4
191690001023002,4
191690001023003,4
191690001023004,4
191690001023005,4
191690001023006,4
191690001023007,4
191690001023010,4
191690001024001,4
191690001024002,4
191690001024003,4
191690001024004,4
191690001024005,4
191690001024006,4
191690001024007,4
191690001024008,4
191690001024009,4
191690001024010,4
191690001024011,4
191690001024012,4
191690001024013,4
191690001024014,4
191690001024015,4
191690001024016,4
191690001024017,4
191690001024018,4
191690001024019,4
191690001024020,4
191690001024021,4
191690001024022,4
191690001024023,4
191690001024024,4
191690001024025,4
191690001041017,4
191690001022003,4
191690001022007,4
191690001022008,4
191690001022009,4
191690001022015,4
191690001022016,4
191690001022017,4
191690002001015,4
191690003002000,4
191690003002001,4
191690003002002,4
191690003002003,4
191690003002004,4
191690003002005,4
191690003002006,4
191690003002007,4
191690003002008,4
191690003002009,4
191690003002010,4
191690003002011,4
191690003002012,4
191690003002013,4
191690003003000,4
191690003003001,4
191690003003002,4
191690003003003,4
191690003003004,4
191690003003005,4
191690003003006,4
191690003003007,4
191690003003008,4
191690003003009,4
191690003003010,4
191690003003011,4
191690003003012,4
191690003003013,4
191690004001000,4
191690004001001,4
191690004001002,4
191690004001003,4
191690004001012,4
191690004002000,4
191690004002001,4
191690004002002,4
191690004002003,4
191690004002004,4
191690004002006,4
191690001022006,4
191690001051000,4
191690001051001,4
191690001051002,4
191690001051003,4
191690001051004,4
191690001051005,4
191690001051006,4
191690001051007,4
191690001051008,4
191690001051009,4
191690001051010,4
191690001051011,4
191690001051012,4
191690001051013,4
191690001051014,4
191690001051015,4
191690001051016,4
191690001051017,4
191690001051018,4
191690001051019,4
191690001051020,4
191690001051021,4
191690001051022,4
191690001051023,4
191690001051024,4
191690001051025,4
191690001051026,4
191690001051027,4
191690001051028,4
191690003001000,4
191690003001001,4
191690003001002,4
191690003001003,4
191690003001004,4
191690003001005,4
191690003001006,4
191690003001007,4
191690003001008,4
191690003001009,4
191690003001010,4
191690003001011,4
191690001041018,4
191690001041019,4
191690001041020,4
191690001041027,4
191690001041028,4
191690001041029,4
191690001052000,4
191690001052001,4
191690001052002,4
191690001052003,4
191690001052004,4
191690001052005,4
191690001052006,4
191690001052007,4
191690001052008,4
191690001052009,4
191690001052010,4
191690001052012,4
191690001052013,4
191690001052014,4
191690001052015,4
191690001052016,4
191690001052017,4
191690001052018,4
191690001052019,4
191690006001000,4
191690006001001,4
191690006001002,4
191690006001003,4
191690006001004,4
191690006001005,4
191690006001006,4
191690006001007,4
191690006001008,4
191690006002006,4
191690006002007,4
191690006003002,4
191690006004000,4
191690006004001,4
191690006004002,4
191690006004003,4
191690006004004,4
191690006004019,4
191690006004020,4
191690006004021,4
191690006004022,4
191690002003012,4
191690002003013,4
191690002003014,4
191690002003015,4
191690002003016,4
191690002003017,4
191690002003018,4
191690002003019,4
191690002003024,4
191690002003025,4
191690009002000,4
191690009002001,4
191690009002002,4
191690009002003,4
191690009002004,4
191690009002005,4
191690009002006,4
191690009002007,4
191690009002008,4
191690009002009,4
191690009002010,4
191690009002011,4
191690009002012,4
191690009002013,4
191690009002014,4
191690009002015,4
191690009002016,4
191690009002017,4
191690009002018,4
191690009002019,4
191690009003002,4
191690009003003,4
191690009003004,4
191690009003005,4
191690009003006,4
191690009003007,4
191690009003008,4
191690009003009,4
191690009003010,4
191690009003011,4
191690009003012,4
191690009003013,4
191690009003014,4
191690009003015,4
191690009004000,4
191690009004001,4
191690009004002,4
191690009004003,4
191690009004004,4
191690009004005,4
191690009004006,4
191690009004007,4
191690009004008,4
191690009004009,4
191690009004010,4
191690009004011,4
191690009004012,4
191690009004013,4
191690009004014,4
191690009004015,4
191690009004016,4
191690009004017,4
191690009004018,4
191690009004019,4
191690009004020,4
191690009004021,4
191690009004022,4
191690009004023,4
191690009004024,4
191690009004025,4
191690009004026,4
191690009004027,4
191690009004028,4
191690009004029,4
191690009004030,4
191690010004000,4
191690010004001,4
191690010004002,4
191690010004003,4
191690010004004,4
191690010004005,4
191690010004006,4
191690010004007,4
191690010004008,4
191690010004009,4
191690010004010,4
191690010004011,4
191690010004012,4
191690010004013,4
191690010004014,4
191690010004015,4
191690004001004,4
191690004001005,4
191690004001006,4
191690004001007,4
191690004001008,4
191690004001009,4
191690004001010,4
191690004001011,4
191690004001013,4
191690004002005,4
191690004002007,4
191690004002008,4
191690004002009,4
191690004002010,4
191690004003000,4
191690004003001,4
191690004003002,4
191690004003003,4
191690004003004,4
191690004003005,4
191690004003006,4
191690004003007,4
191690004003008,4
191690004003009,4
191690004003010,4
191690005001000,4
191690005001001,4
191690005001002,4
191690005001003,4
191690005001004,4
191690005001005,4
191690005001006,4
191690005002000,4
191690005002001,4
191690005002002,4
191690005002003,4
191690005002004,4
191690005002005,4
191690005002006,4
191690005002008,4
191690005002009,4
191690005002010,4
191690005002011,4
191690005002012,4
191690005002013,4
191690005002015,4
191690008001000,4
191690008001001,4
191690008001002,4
191690008001009,4
191690008001010,4
191690009001000,4
191690009001001,4
191690009001002,4
191690009001003,4
191690009001004,4
191690009001005,4
191690009001006,4
191690009001007,4
191690009001008,4
191690009001009,4
191690009001010,4
191690009001011,4
191690009001012,4
191690009001013,4
191690009001014,4
191690009001015,4
191690009001016,4
191690009001017,4
191690009001018,4
191690009001019,4
191690009001020,4
191690009001021,4
191690009001022,4
191690009001023,4
191690009001024,4
191690009001025,4
191690009001026,4
191690009001027,4
191690009001028,4
191690009001029,4
191690009001030,4
191690009001031,4
191690009001032,4
191690009001033,4
191690009001034,4
191690009001035,4
191690010001000,4
191690010001001,4
191690010001002,4
191690010001003,4
191690010001004,4
191690010001005,4
191690010001006,4
191690010001007,4
191690010001008,4
191690010001013,4
191690010001014,4
191690010001015,4
191690010001016,4
191690010001017,4
191690010001018,4
191690010001019,4
191690005002007,4
191690005002014,4
191690006002000,4
191690006002001,4
191690006002002,4
191690006002003,4
191690006002004,4
191690006002005,4
191690006002008,4
191690006002009,4
191690006003000,4
191690006003001,4
191690006003003,4
191690006003004,4
191690006003005,4
191690007002000,4
191690007002001,4
191690007002004,4
191690007002005,4
191690007002006,4
191690007002007,4
191690007002009,4
191690007002010,4
191690007003000,4
191690007003001,4
191690007003002,4
191690007004000,4
191690007004001,4
191690007004002,4
191690008002000,4
191690008002001,4
191690008002002,4
191690008002003,4
191690008002007,4
191690008002008,4
191690006004006,4
191690006004007,4
191690006004008,4
191690006004009,4
191690006004010,4
191690006004011,4
191690006004012,4
191690006004013,4
191690006004014,4
191690006004015,4
191690006004017,4
191690006004018,4
191690006005000,4
191690006005001,4
191690006005002,4
191690006005003,4
191690006005004,4
191690006005005,4
191690006005006,4
191690006005007,4
191690006005008,4
191690006005009,4
191690006005010,4
191690006005011,4
191690006005012,4
191690006005013,4
191690006005014,4
191690006005024,4
191690006005025,4
191690007001000,4
191690007001001,4
191690007001002,4
191690007001003,4
191690007001005,4
191690007002002,4
191690007002003,4
191690006005015,4
191690006005016,4
191690006005017,4
191690006005018,4
191690006005019,4
191690006005020,4
191690006005021,4
191690006005022,4
191690006005023,4
191690013031000,4
191690013031001,4
191690013031002,4
191690013031003,4
191690013031004,4
191690013031005,4
191690013031006,4
191690013031007,4
191690013031008,4
191690013031009,4
191690013031010,4
191690013031011,4
191690013031012,4
191690013031013,4
191690013031014,4
191690013031015,4
191690013031016,4
191690013031017,4
191690013031018,4
191690013031019,4
191690013031020,4
191690013031021,4
191690013031022,4
191690013032000,4
191690013032001,4
191690013032002,4
191690007001004,4
191690007002008,4
191690013043000,4
191690013043001,4
191690013043002,4
191690013043003,4
191690013043004,4
191690013043005,4
191690013043006,4
191690013043007,4
191690013043008,4
191690013043009,4
191690013043010,4
191690013043011,4
191690013044000,4
191690013044001,4
191690013044002,4
191690013044003,4
191690013044004,4
191690013044005,4
191690013044006,4
191690013044007,4
191690008001003,4
191690008001005,4
191690008002004,4
191690008002005,4
191690008002006,4
191690008002009,4
191690008002010,4
191690008002011,4
191690008002012,4
191690008002013,4
191690011011000,4
191690011011001,4
191690011011006,4
191690011011007,4
191690011011015,4
191690008001004,4
191690008001006,4
191690008001007,4
191690008001008,4
191690010001009,4
191690010001010,4
191690010001011,4
191690010001012,4
191690010001020,4
191690010001021,4
191690010001022,4
191690010001023,4
191690010001024,4
191690010001025,4
191690010004016,4
191690011011002,4
191690011011003,4
191690011011004,4
191690011011005,4
191690011011008,4
191690011011009,4
191690011011010,4
191690011011011,4
191690011011012,4
191690011011013,4
191690011011014,4
191690011011016,4
191690011011017,4
191690011012000,4
191690011012001,4
191690011012002,4
191690011012003,4
191690011012004,4
191690011012005,4
191690011012006,4
191690011012007,4
191690011012008,4
191690011012009,4
191690011012010,4
191690011012011,4
191690011012012,4
191690011012013,4
191690011012014,4
191690011012015,4
191690011012016,4
191690011012017,4
191690011012018,4
191690011013000,4
191690011013001,4
191690011013002,4
191690011013003,4
191690011013004,4
191690011013005,4
191690011013006,4
191690011013007,4
191690011013013,4
191690011013014,4
191690011013015,4
191690011013016,4
191690011013017,4
191690012001000,4
191690012001001,4
191690012001002,4
191690010002043,4
191690010002044,4
191690010002045,4
191690010002047,4
191690010002048,4
191690010002049,4
191690010002050,4
191690010002051,4
191690010002052,4
191690010002053,4
191690013021000,4
191690013021001,4
191690013021002,4
191690013021003,4
191690013021004,4
191690013021005,4
191690013021006,4
191690013021007,4
191690013021008,4
191690013021009,4
191690013021043,4
191690013021053,4
191690013021054,4
191690013021055,4
191690013021056,4
191690013021057,4
191690013021058,4
191690013021059,4
191690013021060,4
191690013021061,4
191690013021062,4
191690013021063,4
191690013021064,4
191690013021065,4
191690013021066,4
191690013021077,4
191690013021078,4
191690013021081,4
191690013022000,4
191690013022001,4
191690013023003,4
191690013023004,4
191690013023005,4
191690013023006,4
191690013023007,4
191690013023011,4
191690013023012,4
191690013023013,4
191690013023014,4
191690013023015,4
191690013023016,4
191690013023017,4
191690013023018,4
191690013023019,4
191690013023020,4
191690013023021,4
191690013023022,4
191690013023023,4
191690013023024,4
191690013023025,4
191690013023026,4
191690013023027,4
191690011013008,4
191690011013009,4
191690011013010,4
191690011013011,4
191690011013012,4
191690011013018,4
191690011013019,4
191690011013021,4
191690013021010,4
191690013021011,4
191690013021012,4
191690013021015,4
191690013021016,4
191690013021017,4
191690013021018,4
191690013021027,4
191690013021034,4
191690013021035,4
191690013021036,4
191690013021037,4
191690013021038,4
191690013021039,4
191690013021040,4
191690013021041,4
191690013021042,4
191690013021044,4
191690013021045,4
191690013021046,4
191690013021047,4
191690013021048,4
191690013021049,4
191690013021050,4
191690013021051,4
191690013021052,4
191690013021072,4
191690013021089,4
191690013021091,4
191690013021092,4
191690013021093,4
191690013021094,4
191690013021100,4
191690013021101,4
191690013041001,4
191690013041003,4
191690013042002,4
191690013042003,4
191690013042006,4
191690011013020,4
191690013021013,4
191690013021014,4
191690013021019,4
191690013021020,4
191690013021021,4
191690013021022,4
191690013021023,4
191690013021024,4
191690013021025,4
191690013021026,4
191690013021028,4
191690013021029,4
191690013021030,4
191690013021031,4
191690013021032,4
191690013021033,4
191690013021067,4
191690013021068,4
191690013021069,4
191690013021070,4
191690013021071,4
191690013021073,4
191690013021074,4
191690013021075,4
191690013021076,4
191690013021079,4
191690013021080,4
191690013021082,4
191690013021083,4
191690013021084,4
191690013021085,4
191690013021086,4
191690013021087,4
191690013021088,4
191690013021090,4
191690013021095,4
191690013021096,4
191690013021097,4
191690013021098,4
191690013021099,4
191690013023008,4
191690013023009,4
191690013023010,4
191690013023028,4
191690013023029,4
191690013023030,4
191690013023031,4
191690101012000,4
191690101012001,4
191690101012002,4
191690101012003,4
191690101012004,4
191690101012005,4
191690011021000,4
191690011021001,4
191690011021002,4
191690011021003,4
191690011022000,4
191690011022001,4
191690011022002,4
191690011022003,4
191690011022004,4
191690011022005,4
191690011022006,4
191690011022007,4
191690011022008,4
191690011022009,4
191690013021102,4
191690013023032,4
191690013023033,4
191690013023034,4
191690101011000,4
191690101011003,4
191690101011004,4
191690101011067,4
191690101012007,4
191690101012008,4
191690101012009,4
191690101012010,4
191690101012011,4
191690101012019,4
191690101012020,4
191690101012021,4
191690101012022,4
191690101012023,4
191690101012024,4
191690101012025,4
191690101012026,4
191690101012027,4
191690101012028,4
191690101012029,4
191690101012030,4
191690101012031,4
191690101012032,4
191690101012033,4
191690101012034,4
191690101012035,4
191690101012036,4
191690101012038,4
191690101012040,4
191690101012041,4
191690101012042,4
191690101012043,4
191690101012068,4
191690101021004,4
191690101021005,4
191690101021006,4
191690101021015,4
191690101021016,4
191690101021017,4
191690101021024,4
191690101021025,4
191690101021028,4
191690101021035,4
191690101021038,4
191690101021039,4
191690101021060,4
191690101021061,4
191690101021066,4
191690013033000,4
191690013033001,4
191690013033002,4
191690013033003,4
191690013033004,4
191690013033005,4
191690013033006,4
191690013033007,4
191690013033008,4
191690013033009,4
191690013033010,4
191690013033011,4
191690013041000,4
191690013041002,4
191690013042000,4
191690013042001,4
191690013042004,4
191690013042005,4
191690101011001,4
191690101011002,4
191690101011005,4
191690101011006,4
191690101011007,4
191690101011008,4
191690101011009,4
191690101011010,4
191690101011011,4
191690101011012,4
191690101011013,4
191690101011014,4
191690101011015,4
191690101011016,4
191690101011017,4
191690101011018,4
191690101011019,4
191690101011020,4
191690101011021,4
191690101011022,4
191690101011023,4
191690101011024,4
191690101011025,4
191690101011026,4
191690101011027,4
191690101011028,4
191690101011029,4
191690101011030,4
191690101011031,4
191690101011032,4
191690101011033,4
191690101011034,4
191690101011035,4
191690101011036,4
191690101011037,4
191690101011038,4
191690101011039,4
191690101011040,4
191690101011041,4
191690101011042,4
191690101011043,4
191690101011044,4
191690101011045,4
191690101011046,4
191690101011047,4
191690101011048,4
191690101011049,4
191690101011050,4
191690101011051,4
191690101011052,4
191690101011053,4
191690101011054,4
191690101011055,4
191690101011056,4
191690101011057,4
191690101011058,4
191690101011059,4
191690101011060,4
191690101011061,4
191690101011062,4
191690101011063,4
191690101011064,4
191690101011065,4
191690101011066,4
191690101011079,4
191690101011080,4
191690101011081,4
191690101012069,4
191690101011068,4
191690101011069,4
191690101011070,4
191690101011071,4
191690101011072,4
191690101011073,4
191690101011074,4
191690101011075,4
191690101011076,4
191690101011077,4
191690101011078,4
191690101012006,4
191690101012012,4
191690101012013,4
191690101012014,4
191690101012015,4
191690101012016,4
191690101012017,4
191690101012018,4
191690101012064,4
191690101012065,4
191690101012037,4
191690101012039,4
191690101012044,4
191690101012045,4
191690101012046,4
191690101012047,4
191690101012048,4
191690101012049,4
191690101012050,4
191690101012051,4
191690101012052,4
191690101012053,4
191690101012054,4
191690101012055,4
191690101012056,4
191690101012057,4
191690101012058,4
191690101012059,4
191690101012060,4
191690101012061,4
191690101012062,4
191690101012063,4
191690101012066,4
191690101012067,4
191690101021018,4
191690101021021,4
191690101021022,4
191690101021026,4
191690101021027,4
191690101021029,4
191690101021030,4
191690101021031,4
191690101021032,4
191690101021033,4
191690101021034,4
191690101021036,4
191690101021037,4
191690101021040,4
191690101021041,4
191690101021042,4
191690101021043,4
191690101021044,4
191690101021045,4
191690101021046,4
191690101021047,4
191690101021048,4
191690101021049,4
191690101021050,4
191690101021051,4
191690101021052,4
191690101021053,4
191690101021054,4
191690101021055,4
191690101021057,4
191690101021062,4
191690101021063,4
191690101021064,4
191690101021065,4
191690101021067,4
191690101021068,4
191690101021069,4
191690101022097,4
191690101022098,4
191690101022099,4
191690101022100,4
191690101022102,4
191690101022107,4
191690101021000,4
191690101021001,4
191690101021002,4
191690101021003,4
191690101021007,4
191690101021008,4
191690101021009,4
191690101021010,4
191690101021011,4
191690101021012,4
191690101021013,4
191690101021014,4
191690101021019,4
191690101021020,4
191690101021023,4
191690101021056,4
191690101021058,4
191690101021059,4
191690101022000,4
191690101022001,4
191690101022002,4
191690101022003,4
191690101022004,4
191690101022005,4
191690101022006,4
191690101022007,4
191690101022008,4
191690101022009,4
191690101022010,4
191690101022011,4
191690101022012,4
191690101022013,4
191690101022015,4
191690101022016,4
191690101022017,4
191690101022018,4
191690101022019,4
191690101022020,4
191690101022022,4
191690101022023,4
191690101022024,4
191690101022026,4
191690101022039,4
191690101022040,4
191690101022041,4
191690101022042,4
191690101022043,4
191690101022044,4
191690101022045,4
191690101022046,4
191690101022047,4
191690101022048,4
191690101022049,4
191690101022050,4
191690101022080,4
191690101022083,4
191690101022084,4
191690101022085,4
191690101022086,4
191690101022087,4
191690101022088,4
191690101022089,4
191690101022090,4
191690101022091,4
191690101022092,4
191690101022093,4
191690101022094,4
191690101022095,4
191690101022096,4
191690101022101,4
191690101022103,4
191690101022104,4
191690101022105,4
191690101022106,4
191690102001015,4
191690102001016,4
191690102001121,4
191690102001122,4
191690102001123,4
191690102001126,4
191690102001127,4
191690101022014,4
191690101022021,4
191690101022025,4
191690101022027,4
191690101022028,4
191690101022029,4
191690101022030,4
191690101022031,4
191690101022032,4
191690101022033,4
191690101022034,4
191690101022035,4
191690101022036,4
191690101022037,4
191690101022038,4
191690101022051,4
191690101022052,4
191690101022053,4
191690101022054,4
191690101022055,4
191690101022056,4
191690101022057,4
191690101022058,4
191690101022059,4
191690101022060,4
191690101022061,4
191690101022062,4
191690101022063,4
191690101022064,4
191690101022065,4
191690101022066,4
191690101022067,4
191690101022068,4
191690101022069,4
191690101022070,4
191690101022071,4
191690101022072,4
191690101022073,4
191690101022074,4
191690101022075,4
191690101022076,4
191690101022077,4
191690101022078,4
191690101022079,4
191690101022081,4
191690101022082,4
191690102001000,4
191690102001001,4
191690102001002,4
191690102001003,4
191690102001004,4
191690102001005,4
191690102001006,4
191690102001009,4
191690102001012,4
191690102002014,4
191690102002015,4
191690102002016,4
191690102002017,4
191690102002018,4
191690102002019,4
191690102002020,4
191690102002021,4
191690102002022,4
191690102002023,4
191690102002025,4
191690102002026,4
191690102002027,4
191690102002028,4
191690102002029,4
191690102002030,4
191690102002031,4
191690102002032,4
191690102002033,4
191690102002034,4
191690102002035,4
191690102002036,4
191690102002037,4
191690102002038,4
191690102002039,4
191690102002040,4
191690102002041,4
191690102002042,4
191690102002043,4
191690102002044,4
191690102002045,4
191690102002074,4
191690102002075,4
191690102002076,4
191690102002171,4
191690102002172,4
191690102002173,4
191690102002174,4
191690102003016,4
191690102003047,4
191690102003048,4
191690103001000,4
191690103001014,4
191690103001015,4
191690103001018,4
191690103001023,4
191690103001024,4
191690103001025,4
191690103001027,4
191690103003040,4
191690103003043,4
191690103003048,4
191690103003049,4
191690103003050,4
191690103003051,4
191690104003003,4
191690104003004,4
191690104003033,4
191690102001010,4
191690102001011,4
191690102001013,4
191690102001014,4
191690102001017,4
191690102001018,4
191690102001019,4
191690102001020,4
191690102001021,4
191690102001022,4
191690102001023,4
191690102001024,4
191690102001025,4
191690102001026,4
191690102001027,4
191690102001028,4
191690102001029,4
191690102001030,4
191690102001031,4
191690102001032,4
191690102001033,4
191690102001034,4
191690102001035,4
191690102001036,4
191690102001037,4
191690102001038,4
191690102001039,4
191690102001040,4
191690102001041,4
191690102001042,4
191690102001043,4
191690102001044,4
191690102001045,4
191690102001046,4
191690102001047,4
191690102001048,4
191690102001049,4
191690102001050,4
191690102001051,4
191690102001052,4
191690102001053,4
191690102001054,4
191690102001055,4
191690102001056,4
191690102001057,4
191690102001058,4
191690102001059,4
191690102001060,4
191690102001061,4
191690102001062,4
191690102001063,4
191690102001064,4
191690102001065,4
191690102001066,4
191690102001067,4
191690102001068,4
191690102001069,4
191690102001070,4
191690102001071,4
191690102001072,4
191690102001073,4
191690102001074,4
191690102001075,4
191690102001076,4
191690102001077,4
191690102001078,4
191690102001079,4
191690102001080,4
191690102001081,4
191690102001082,4
191690102001083,4
191690102001084,4
191690102001085,4
191690102001086,4
191690102001087,4
191690102001088,4
191690102001089,4
191690102001090,4
191690102001091,4
191690102001092,4
191690102001093,4
191690102001094,4
191690102001095,4
191690102001096,4
191690102001097,4
191690102001098,4
191690102001099,4
191690102001100,4
191690102001101,4
191690102001102,4
191690102001103,4
191690102001104,4
191690102001105,4
191690102001106,4
191690102001107,4
191690102001108,4
191690102001109,4
191690102001110,4
191690102001111,4
191690102001112,4
191690102001113,4
191690102001114,4
191690102001115,4
191690102001116,4
191690102001117,4
191690102001118,4
191690102001119,4
191690102001120,4
191690102001124,4
191690102001125,4
191690102001128,4
191690102001129,4
191690102001130,4
191690102001131,4
191690102001132,4
191690102001133,4
191690102001134,4
191690102001135,4
191690102001136,4
191690102001137,4
191690102001138,4
191690102001139,4
191690102001140,4
191690102001141,4
191690102001142,4
191690102001143,4
191690102001144,4
191690102001145,4
191690102001146,4
191690102002000,4
191690102002001,4
191690102002002,4
191690102002003,4
191690102002004,4
191690102002005,4
191690102002006,4
191690102002007,4
191690102002008,4
191690102002009,4
191690102002010,4
191690102002011,4
191690102002012,4
191690102002013,4
191690102002024,4
191690102002046,4
191690102002047,4
191690102002048,4
191690102002049,4
191690102002050,4
191690102002051,4
191690102002052,4
191690102002053,4
191690102002054,4
191690102002055,4
191690102002056,4
191690102002057,4
191690102002058,4
191690102002059,4
191690102002060,4
191690102002061,4
191690102002062,4
191690102002063,4
191690102002064,4
191690102002065,4
191690102002066,4
191690102002067,4
191690102002068,4
191690102002069,4
191690102002070,4
191690102002071,4
191690102002072,4
191690102002073,4
191690102002081,4
191690102002082,4
191690102002083,4
191690102002084,4
191690102002085,4
191690102002086,4
191690102002087,4
191690102002093,4
191690102002094,4
191690102002168,4
191690102002169,4
191690102002170,4
191690102003000,4
191690102003001,4
191690102003002,4
191690102003003,4
191690102003004,4
191690102003005,4
191690102003006,4
191690102003007,4
191690102003008,4
191690102003009,4
191690102003010,4
191690102003011,4
191690102003012,4
191690102003013,4
191690102003014,4
191690102003015,4
191690102003017,4
191690102003018,4
191690102003019,4
191690102003020,4
191690102003021,4
191690102003022,4
191690102003023,4
191690102003024,4
191690102003025,4
191690102003026,4
191690102003027,4
191690102003028,4
191690102003029,4
191690102003030,4
191690102003031,4
191690102003032,4
191690102003033,4
191690102003034,4
191690102003035,4
191690102003036,4
191690102003037,4
191690102003038,4
191690102003039,4
191690102003040,4
191690102003041,4
191690102003042,4
191690102003043,4
191690102003044,4
191690102003045,4
191690102003046,4
191690102003049,4
191690102003050,4
191690102003051,4
191690102003052,4
191690102003053,4
191690102003054,4
191690102003055,4
191690102003056,4
191690102003057,4
191690102003058,4
191690105001159,4
191690105001161,4
191690105001168,4
191690102002077,4
191690102002078,4
191690102002079,4
191690102002080,4
191690102002088,4
191690102002089,4
191690102002090,4
191690102002091,4
191690102002092,4
191690102002095,4
191690102002096,4
191690102002097,4
191690102002098,4
191690102002099,4
191690102002100,4
191690102002101,4
191690102002102,4
191690102002103,4
191690102002104,4
191690102002105,4
191690102002106,4
191690102002107,4
191690102002108,4
191690102002109,4
191690102002110,4
191690102002111,4
191690102002112,4
191690102002113,4
191690102002114,4
191690102002115,4
191690102002116,4
191690102002117,4
191690102002118,4
191690102002119,4
191690102002120,4
191690102002121,4
191690102002122,4
191690102002123,4
191690102002124,4
191690102002125,4
191690102002126,4
191690102002127,4
191690102002128,4
191690102002129,4
191690102002130,4
191690102002131,4
191690102002132,4
191690102002133,4
191690102002134,4
191690102002135,4
191690102002136,4
191690102002137,4
191690102002138,4
191690102002139,4
191690102002140,4
191690102002141,4
191690102002142,4
191690102002143,4
191690102002144,4
191690102002145,4
191690102002146,4
191690102002147,4
191690102002148,4
191690102002149,4
191690102002150,4
191690102002151,4
191690102002152,4
191690102002153,4
191690102002154,4
191690102002155,4
191690102002156,4
191690102002157,4
191690102002158,4
191690102002159,4
191690102002160,4
191690102002161,4
191690102002162,4
191690102002163,4
191690102002164,4
191690102002165,4
191690102002166,4
191690102002167,4
191690102002175,4
191690102002176,4
191690104002000,4
191690104003000,4
191690104003001,4
191690105001073,4
191690105001074,4
191690105001075,4
191690105001076,4
191690105001089,4
191690105001090,4
191690105001091,4
191690105001092,4
191690105001093,4
191690105001094,4
191690105001095,4
191690105001096,4
191690105001097,4
191690105001098,4
191690105001099,4
191690105001100,4
191690105001101,4
191690105001102,4
191690105001103,4
191690105001104,4
191690105001105,4
191690105001106,4
191690105001107,4
191690105001108,4
191690105001109,4
191690105001110,4
191690105001111,4
191690105001112,4
191690105001113,4
191690105001114,4
191690105001115,4
191690105001116,4
191690105001117,4
191690105001118,4
191690105001119,4
191690105001120,4
191690105001121,4
191690105001122,4
191690105001135,4
191690105001136,4
191690105001142,4
191690105001143,4
191690105001144,4
191690105001145,4
191690105001146,4
191690105001147,4
191690105001148,4
191690105001149,4
191690105001150,4
191690105001151,4
191690105001152,4
191690105001153,4
191690105001154,4
191690105001156,4
191690105001157,4
191690105001158,4
191690105001162,4
191690105001163,4
191690105001170,4
191690105001000,4
191690105001001,4
191690105001002,4
191690105001003,4
191690105001004,4
191690105001005,4
191690105001006,4
191690105001007,4
191690105001008,4
191690105001009,4
191690105001010,4
191690105001011,4
191690105001012,4
191690105001013,4
191690105001014,4
191690105001015,4
191690105001016,4
191690105001017,4
191690105001018,4
191690105001019,4
191690105001020,4
191690105001021,4
191690105001022,4
191690105001023,4
191690105001024,4
191690105001025,4
191690105001026,4
191690105001027,4
191690105001028,4
191690105001029,4
191690105001030,4
191690105001031,4
191690105001032,4
191690105001033,4
191690105001034,4
191690105001035,4
191690105001036,4
191690105001037,4
191690105001038,4
191690105001039,4
191690105001040,4
191690105001041,4
191690105001042,4
191690105001043,4
191690105001044,4
191690105001045,4
191690105001046,4
191690105001047,4
191690105001048,4
191690105001049,4
191690105001050,4
191690105001051,4
191690105001052,4
191690105001053,4
191690105001054,4
191690105001055,4
191690105001056,4
191690105001057,4
191690105001058,4
191690105001059,4
191690105001060,4
191690105001061,4
191690105001062,4
191690105001063,4
191690105001064,4
191690105001065,4
191690105001066,4
191690105001067,4
191690105001068,4
191690105001069,4
191690105001070,4
191690105001071,4
191690105001072,4
191690105001164,4
191690105001169,4
191690105001077,4
191690105001078,4
191690105001079,4
191690105001080,4
191690105001081,4
191690105001082,4
191690105001083,4
191690105001084,4
191690105001085,4
191690105001086,4
191690105001087,4
191690105001088,4
191690105001123,4
191690105001124,4
191690105001125,4
191690105001126,4
191690105001127,4
191690105001128,4
191690105001129,4
191690105001130,4
191690105001131,4
191690105001132,4
191690105001133,4
191690105001134,4
191690105001137,4
191690105001138,4
191690105001139,4
191690105001140,4
191690105001141,4
191690105001155,4
191690105001160,4
191690105001165,4
191690105001166,4
191690105001167,4
191690105002000,4
191690105002001,4
191690105002002,4
191690105002003,4
191690105002004,4
191690105002005,4
191690105002006,4
191690105002007,4
191690105002008,4
191690105002009,4
191690105002010,4
191690105002011,4
191690105002012,4
191690105002013,4
191690105002014,4
191690105002015,4
191690105002016,4
191690105002017,4
191690105002018,4
191690105002019,4
191690105002020,4
191690105002021,4
191690105002022,4
191690105002023,4
191690105002024,4
191690105002025,4
191690105002026,4
191690105002027,4
191690105002028,4
191690105002029,4
191690105002030,4
191690105002031,4
191690105002032,4
191690105002033,4
191690105002034,4
191690105002035,4
191690105002036,4
191690105002037,4
191690105002038,4
191690105002039,4
191690105002040,4
191690105002041,4
191690105002042,4
191690105002043,4
191690105002044,4
191690105002045,4
191690105002046,4
191690105002047,4
191690105002048,4
191690105002049,4
191690105002050,4
191690105002051,4
191690105002052,4
191690105002053,4
191690105002054,4
191690105002055,4
191690105002056,4
191690105002057,4
191690105002058,4
191690105002059,4
191690105002060,4
191690105002061,4
191690105002062,4
191690105002063,4
191690105002064,4
191690105002065,4
191690105002066,4
191690105002067,4
191690105002068,4
191690105002069,4
191690105002070,4
191690105002071,4
191690105002072,4
191690105002073,4
191690105002074,4
191690105002075,4
191690105002076,4
191690105002077,4
191690105002078,4
191690105002079,4
191690105002080,4
191690105002081,4
191690105002082,4
191690106001002,4
191690106001004,4
191690106001005,4
191690106001006,4
191690106001007,4
191690106001008,4
191690106001009,4
191690106001010,4
191690106001011,4
191690106001012,4
191690106001014,4
191690106001015,4
191690106001016,4
191690106001017,4
191690106001018,4
191690106001019,4
191690106001020,4
191690106001021,4
191690106001022,4
191690106001023,4
191690106001024,4
191690106001025,4
191690106001026,4
191690106001027,4
191690106001028,4
191690106001029,4
191690106001030,4
191690106001031,4
191690106001032,4
191690106001033,4
191690106001034,4
191690106001035,4
191690106001036,4
191690106001037,4
191690106001038,4
191690106001039,4
191690106001040,4
191690106001041,4
191690106001042,4
191690106001043,4
191690106001044,4
191690106001045,4
191690106001046,4
191690106001047,4
191690106001048,4
191690106001049,4
191690106001050,4
191690106001051,4
191690106001052,4
191690106001053,4
191690106001054,4
191690106001055,4
191690106001056,4
191690106001057,4
191690106001058,4
191690106001059,4
191690106001060,4
191690106001061,4
191690106001062,4
191690106001063,4
191690106002011,4
191690106002012,4
191690106002013,4
191690106002014,4
191690106002015,4
191690106002016,4
191690106002017,4
191690106002018,4
191690106002019,4
191690106002020,4
191690106002021,4
191690106002022,4
191690106002023,4
191690106002024,4
191690106002025,4
191690106002026,4
191690106002027,4
191690106002028,4
191690106002030,4
191690106003004,4
191690106003008,4
191690106003009,4
191690106003010,4
191690106003011,4
191690106003012,4
191690106003013,4
191690106003014,4
191690106003015,4
191690106003016,4
191690106003017,4
191690106003018,4
191690106003019,4
191690106003020,4
191690106003021,4
191690106003022,4
191690106003023,4
191690106003024,4
191690106003025,4
191690106003026,4
191690106003027,4
191690106003028,4
191690106003029,4
191690106003030,4
191690106003031,4
191690106003032,4
191690106003033,4
191690106003034,4
191690106003035,4
191690106003036,4
191690106003037,4
191690106003040,4
191690106003041,4
191690106003046,4
191690106003047,4
191690106003048,4
191690106003049,4
191690106004022,4
191690106004025,4
191690106004026,4
191690106004088,4
191690106004089,4
191712901001000,1
191712901001001,1
191712901001002,1
191712901001003,1
191712901001005,1
191712901001006,1
191712901001007,1
191712901001008,1
191712901001009,1
191712901001010,1
191712901001011,1
191712901001012,1
191712901001013,1
191712901001016,1
191712901001017,1
191712901001018,1
191712901001019,1
191712901001020,1
191712901001021,1
191712901001022,1
191712901002000,1
191712901002001,1
191712901002002,1
191712901002003,1
191712901002004,1
191712901002005,1
191712901002006,1
191712901002007,1
191712901002008,1
191712901002009,1
191712901002010,1
191712901002011,1
191712901002012,1
191712901002013,1
191712901002014,1
191712901002015,1
191712901002016,1
191712901002017,1
191712901002018,1
191712901002019,1
191712901002020,1
191712901002021,1
191712901001004,1
191712901001014,1
191712901001015,1
191712902001000,1
191712902001001,1
191712902001002,1
191712902001003,1
191712902001004,1
191712902001005,1
191712902001006,1
191712902001007,1
191712902001012,1
191712902001013,1
191712902001014,1
191712902001015,1
191712902001016,1
191712902001017,1
191712902001018,1
191712902001019,1
191712902001020,1
191712902001021,1
191712902001022,1
191712902001023,1
191712902001024,1
191712902001025,1
191712902001026,1
191712902001027,1
191712902001028,1
191712902001029,1
191712902001030,1
191712902001031,1
191712902001036,1
191712902001037,1
191712902001038,1
191712902001039,1
191712902001043,1
191712902001045,1
191712902001046,1
191712902001047,1
191712902001048,1
191712902001049,1
191712902001050,1
191712902001051,1
191712902001052,1
191712902001053,1
191712902001054,1
191712902001055,1
191712902001056,1
191712902001057,1
191712902001058,1
191712902001063,1
191712902001064,1
191712902001065,1
191712902001066,1
191712902001069,1
191712902001070,1
191712902001071,1
191712902001072,1
191712902001073,1
191712902001074,1
191712902001105,1
191712901001023,1
191712901001024,1
191712901001025,1
191712901001026,1
191712901001027,1
191712901001028,1
191712901001029,1
191712901001030,1
191712901001031,1
191712901001032,1
191712901001033,1
191712901001034,1
191712901001035,1
191712901001036,1
191712901001037,1
191712901001047,1
191712901001048,1
191712901001049,1
191712901001050,1
191712901001051,1
191712901001052,1
191712901001053,1
191712901001054,1
191712901001055,1
191712901001056,1
191712901001057,1
191712901001058,1
191712901001059,1
191712901001060,1
191712901001061,1
191712901001062,1
191712901001092,1
191712901001093,1
191712901001098,1
191712901001099,1
191712901001100,1
191712901001101,1
191712901001102,1
191712901001146,1
191712901002022,1
191712901002023,1
191712901002025,1
191712901004034,1
191712901001038,1
191712901001039,1
191712901001040,1
191712901001041,1
191712901001042,1
191712901001043,1
191712901001044,1
191712901001045,1
191712901001046,1
191712901001063,1
191712901001064,1
191712901001065,1
191712901001066,1
191712901001067,1
191712901001068,1
191712901001069,1
191712901001070,1
191712901001071,1
191712901001072,1
191712901001073,1
191712901001074,1
191712901001075,1
191712901001076,1
191712901001077,1
191712901001078,1
191712901001079,1
191712901001080,1
191712901001081,1
191712901001082,1
191712901001083,1
191712901001084,1
191712901001085,1
191712901001086,1
191712901001087,1
191712901001088,1
191712901001089,1
191712901001090,1
191712901001091,1
191712901001144,1
191712901001145,1
191712902001075,1
191712902001076,1
191712902001077,1
191712902001078,1
191712902001079,1
191712902001080,1
191712902001081,1
191712902001087,1
191712902001088,1
191712902001089,1
191712902001090,1
191712902001091,1
191712902001092,1
191712902001093,1
191712902001094,1
191712902001095,1
191712902001096,1
191712902001097,1
191712902001098,1
191712902001099,1
191712902001100,1
191712902001102,1
191712902001103,1
191712902001104,1
191712902001110,1
191712902001111,1
191712902001112,1
191712902001113,1
191712902001114,1
191712902001115,1
191712902001116,1
191712902003000,1
191712902003001,1
191712902003002,1
191712902003003,1
191712902003004,1
191712902003005,1
191712902003006,1
191712902003007,1
191712902003008,1
191712902003009,1
191712902003010,1
191712902003011,1
191712902003012,1
191712902003013,1
191712902003014,1
191712902003015,1
191712902003016,1
191712902003017,1
191712902003018,1
191712902003019,1
191712902003020,1
191712902003021,1
191712902003022,1
191712902003023,1
191712902003024,1
191712902003025,1
191712902003026,1
191712902003027,1
191712902003028,1
191712902003029,1
191712902003030,1
191712902003031,1
191712902003032,1
191712902003033,1
191712902003034,1
191712902003035,1
191712902003036,1
191712902003037,1
191712902003038,1
191712902003039,1
191712902003040,1
191712902003041,1
191712902003042,1
191712902003043,1
191712902003044,1
191712902003045,1
191712902003046,1
191712902003047,1
191712902003048,1
191712902003049,1
191712902003050,1
191712902003051,1
191712902003052,1
191712902003053,1
191712902003054,1
191712902003055,1
191712902003056,1
191712902003057,1
191712901001094,1
191712901001095,1
191712901001096,1
191712901001097,1
191712901001103,1
191712901001104,1
191712901001105,1
191712901001106,1
191712901001107,1
191712901001108,1
191712901001109,1
191712901001110,1
191712901001111,1
191712901001112,1
191712901001113,1
191712901001114,1
191712901001115,1
191712901001116,1
191712901001117,1
191712901001118,1
191712901001119,1
191712901001132,1
191712901001133,1
191712901001134,1
191712901001135,1
191712901001136,1
191712901001137,1
191712901001138,1
191712901001139,1
191712901001140,1
191712901001141,1
191712901001142,1
191712901001143,1
191712901003000,1
191712901003001,1
191712901003002,1
191712901003003,1
191712901003004,1
191712901003005,1
191712901003006,1
191712901003007,1
191712901003008,1
191712901003009,1
191712901003010,1
191712901003011,1
191712901003012,1
191712901003013,1
191712901003014,1
191712901003015,1
191712901003016,1
191712901003017,1
191712901003018,1
191712901003019,1
191712901003020,1
191712901003021,1
191712901003023,1
191712901003024,1
191712901003025,1
191712901003026,1
191712901003027,1
191712901003028,1
191712901003030,1
191712901003031,1
191712901003032,1
191712901003033,1
191712901003034,1
191712901003035,1
191712901003036,1
191712901003037,1
191712901003038,1
191712901003094,1
191712901003095,1
191712901003096,1
191712901003097,1
191712901003098,1
191712901003101,1
191712901003102,1
191712901003103,1
191712901003104,1
191712901003107,1
191712901003108,1
191712901003109,1
191712901003110,1
191712901003111,1
191712901003112,1
191712901003113,1
191712901003114,1
191712901003115,1
191712901003116,1
191712901003117,1
191712901001120,1
191712901001121,1
191712901001122,1
191712901001123,1
191712901001124,1
191712901001125,1
191712901001126,1
191712901001127,1
191712901001128,1
191712901001129,1
191712901001130,1
191712901001131,1
191712901001147,1
191712901001148,1
191712901001149,1
191712901003022,1
191712901003029,1
191712901003039,1
191712901003040,1
191712901003041,1
191712901003042,1
191712901003043,1
191712901003044,1
191712901003045,1
191712901003046,1
191712901003047,1
191712901003054,1
191712901003055,1
191712901003056,1
191712901003057,1
191712901003058,1
191712901003061,1
191712901003062,1
191712901003063,1
191712901003064,1
191712901003065,1
191712901003066,1
191712901003067,1
191712901003074,1
191712901003075,1
191712901003076,1
191712901003080,1
191712901003081,1
191712901003082,1
191712901003083,1
191712901003099,1
191712901003100,1
191712901003105,1
191712903001037,1
191712901002024,1
191712901002026,1
191712901002027,1
191712901002028,1
191712901002029,1
191712901002030,1
191712901002031,1
191712901002032,1
191712901002033,1
191712901002034,1
191712901002035,1
191712901002036,1
191712901002037,1
191712901002038,1
191712901002039,1
191712901002040,1
191712901002041,1
191712901002042,1
191712901002043,1
191712901002044,1
191712901002045,1
191712901004000,1
191712901004001,1
191712901004002,1
191712901004003,1
191712901004004,1
191712901004005,1
191712901004006,1
191712901004007,1
191712901004008,1
191712901004009,1
191712901004010,1
191712901004011,1
191712901004012,1
191712901004013,1
191712901004014,1
191712901004015,1
191712901004016,1
191712901004017,1
191712901004018,1
191712901004019,1
191712901004020,1
191712901004021,1
191712901004022,1
191712901004023,1
191712901004024,1
191712901004025,1
191712901004026,1
191712901004027,1
191712901004028,1
191712901004029,1
191712901004030,1
191712901004031,1
191712901004032,1
191712901004033,1
191712901004035,1
191712901004036,1
191712901004037,1
191712901004038,1
191712901004039,1
191712901004040,1
191712901003048,1
191712901003049,1
191712901003050,1
191712901003051,1
191712901003052,1
191712901003053,1
191712901003059,1
191712901003060,1
191712901003068,1
191712901003069,1
191712901003084,1
191712903001031,1
191712903001032,1
191712903001033,1
191712903001034,1
191712903001035,1
191712903001036,1
191712903001038,1
191712903001039,1
191712903001040,1
191712903001041,1
191712903001046,1
191712903001047,1
191712903001048,1
191712903001049,1
191712903001050,1
191712903001051,1
191712903001052,1
191712903001053,1
191712903001054,1
191712903001055,1
191712903001056,1
191712903001082,1
191712903001083,1
191712903001084,1
191712903001085,1
191712903001086,1
191712903001087,1
191712903001088,1
191712903001089,1
191712903001090,1
191712903001091,1
191712903001092,1
191712903001093,1
191712903001094,1
191712903001095,1
191712903001096,1
191712903001114,1
191712903001115,1
191712903001141,1
191712903001149,1
191712904002004,1
191712901003070,1
191712901003071,1
191712903001113,1
191712903001140,1
191712903001142,1
191712903001143,1
191712904001000,1
191712904001001,1
191712904001008,1
191712904001028,1
191712904002000,1
191712904002001,1
191712904002002,1
191712904002003,1
191712904002005,1
191712904002006,1
191712904002012,1
191712904002013,1
191712904002014,1
191712904002015,1
191712904002016,1
191712904002022,1
191712904002023,1
191712904002024,1
191712904002025,1
191712904002026,1
191712904002027,1
191712904002028,1
191712904002029,1
191712904002030,1
191712904002062,1
191712904003000,1
191712904003001,1
191712904003025,1
191712905003003,1
191712905003004,1
191712905003005,1
191712905003006,1
191712905003007,1
191712905003008,1
191712905003009,1
191712905003010,1
191712905003011,1
191712905003012,1
191712905003013,1
191712905003014,1
191712905003021,1
191712905003022,1
191712905003023,1
191712905003024,1
191712905003025,1
191712905003026,1
191712905003039,1
191712906001052,1
191712906001053,1
191712906004018,1
191712906004019,1
191712901003072,1
191712901003073,1
191712901003077,1
191712901003078,1
191712901003079,1
191712901003085,1
191712901003086,1
191712901003087,1
191712901003088,1
191712901003089,1
191712906002000,1
191712906002001,1
191712906002002,1
191712906002003,1
191712906002004,1
191712906002005,1
191712906002006,1
191712906002007,1
191712906002008,1
191712906002011,1
191712906002012,1
191712906002013,1
191712906002014,1
191712906002027,1
191712906002028,1
191712906002029,1
191712906003007,1
191712906004012,1
191712906004013,1
191712906004014,1
191712906004015,1
191712906004016,1
191712906004017,1
191712906004020,1
191712906004021,1
191712906004022,1
191712906004023,1
191712906004024,1
191712906004025,1
191712906004026,1
191712906004091,1
191712906004092,1
191712906004093,1
191712906004094,1
191712906004101,1
191712901003090,1
191712901003091,1
191712901003092,1
191712901003093,1
191712901003106,1
191712906003000,1
191712906003001,1
191712906003002,1
191712906003003,1
191712906003004,1
191712906003005,1
191712906003006,1
191712906004000,1
191712906004001,1
191712906004002,1
191712906004003,1
191712906004004,1
191712906004005,1
191712906004006,1
191712906004007,1
191712906004008,1
191712906004009,1
191712906004010,1
191712906004011,1
191712906004027,1
191712906004028,1
191712906004029,1
191712906004030,1
191712906004031,1
191712906004032,1
191712906004033,1
191712906004034,1
191712906004035,1
191712906004036,1
191712906004037,1
191712906004038,1
191712906004039,1
191712906004040,1
191712906004041,1
191712906004042,1
191712906004043,1
191712906004044,1
191712906004045,1
191712906004046,1
191712906004047,1
191712906004048,1
191712906004049,1
191712906004050,1
191712906004051,1
191712906004052,1
191712906004053,1
191712906004054,1
191712906004055,1
191712906004056,1
191712906004057,1
191712906004058,1
191712906004059,1
191712906004060,1
191712906004061,1
191712906004062,1
191712906004063,1
191712906004064,1
191712906004065,1
191712906004066,1
191712906004067,1
191712906004068,1
191712906004069,1
191712906004070,1
191712906004071,1
191712906004072,1
191712906004073,1
191712906004074,1
191712906004075,1
191712906004076,1
191712906004077,1
191712906004078,1
191712906004079,1
191712906004080,1
191712906004081,1
191712906004082,1
191712906004083,1
191712906004084,1
191712906004085,1
191712906004086,1
191712906004087,1
191712906004088,1
191712906004089,1
191712906004090,1
191712906004095,1
191712906004096,1
191712906004097,1
191712906004098,1
191712906004099,1
191712906004100,1
191712906004102,1
191712906004103,1
191712906004104,1
191712906004105,1
191712906004106,1
191712906004107,1
191712906004108,1
191712906004109,1
191712902001008,1
191712902001009,1
191712902001010,1
191712902001011,1
191712902001032,1
191712902001033,1
191712902001034,1
191712902001035,1
191712902001040,1
191712902001041,1
191712902001042,1
191712902001044,1
191712902001059,1
191712902001060,1
191712902001061,1
191712902001062,1
191712902001067,1
191712902001068,1
191712902001085,1
191712902001086,1
191712902001101,1
191712902002000,1
191712902002001,1
191712902002002,1
191712902002003,1
191712902002011,1
191712902002012,1
191712902002013,1
191712902002014,1
191712902002015,1
191712902002016,1
191712902002017,1
191712902002018,1
191712902002019,1
191712902002020,1
191712902002059,1
191712902002060,1
191712902002061,1
191712902002062,1
191712902002063,1
191712902002067,1
191712902002072,1
191712902002073,1
191712902002074,1
191712902002075,1
191712902002079,1
191712902002080,1
191712902002081,1
191712902002082,1
191712902002083,1
191712902002087,1
191712902001082,1
191712902001083,1
191712902001084,1
191712902001106,1
191712902001107,1
191712902001108,1
191712902001109,1
191712902002084,1
191712902002085,1
191712902002086,1
191712902002088,1
191712902002089,1
191712902002090,1
191712902002094,1
191712902002095,1
191712902002096,1
191712902002097,1
191712903001000,1
191712903001001,1
191712903001002,1
191712903001003,1
191712903001004,1
191712903001005,1
191712903001006,1
191712903001007,1
191712903001008,1
191712903001009,1
191712903001010,1
191712903001011,1
191712903001012,1
191712903001013,1
191712903001014,1
191712903001015,1
191712903001016,1
191712903001017,1
191712903001018,1
191712903001019,1
191712903001020,1
191712903001021,1
191712903001022,1
191712903001023,1
191712903001024,1
191712903001025,1
191712903001026,1
191712903001027,1
191712903001028,1
191712903001029,1
191712903001030,1
191712903002000,1
191712903002092,1
191712903002093,1
191712903002094,1
191712903002095,1
191712903002110,1
191712903002111,1
191712903002112,1
191712903002113,1
191712902002004,1
191712902002005,1
191712902002006,1
191712902002007,1
191712902002008,1
191712902002009,1
191712902002010,1
191712902002021,1
191712902002022,1
191712902002023,1
191712902002024,1
191712902002025,1
191712902002026,1
191712902002027,1
191712902002028,1
191712902002029,1
191712902002030,1
191712902002031,1
191712902002032,1
191712902002033,1
191712902002034,1
191712902002035,1
191712902002036,1
191712902002037,1
191712902002038,1
191712902002039,1
191712902002040,1
191712902002041,1
191712902002042,1
191712902002043,1
191712902002044,1
191712902002045,1
191712902002046,1
191712902002047,1
191712902002048,1
191712902002049,1
191712902002050,1
191712902002051,1
191712902002052,1
191712902002053,1
191712902002054,1
191712902002055,1
191712902002056,1
191712902002057,1
191712902002058,1
191712902002064,1
191712902002065,1
191712902002066,1
191712902002068,1
191712902002069,1
191712902002070,1
191712902002071,1
191712902002076,1
191712902002077,1
191712902002078,1
191712902002091,1
191712902002092,1
191712902002093,1
191712903002008,1
191712903001042,1
191712903001043,1
191712903001044,1
191712903001045,1
191712903001057,1
191712903001058,1
191712903001059,1
191712903001060,1
191712903001061,1
191712903001062,1
191712903001063,1
191712903001064,1
191712903001065,1
191712903001066,1
191712903001067,1
191712903001068,1
191712903001069,1
191712903001070,1
191712903001071,1
191712903001072,1
191712903001073,1
191712903001074,1
191712903001075,1
191712903001076,1
191712903001077,1
191712903001078,1
191712903001079,1
191712903001080,1
191712903001081,1
191712903001097,1
191712903001098,1
191712903001099,1
191712903001100,1
191712903001101,1
191712903001102,1
191712903001103,1
191712903001104,1
191712903001105,1
191712903001106,1
191712903001128,1
191712903001129,1
191712903001136,1
191712903001147,1
191712903003000,1
191712903003001,1
191712903003002,1
191712903003003,1
191712903003004,1
191712903003005,1
191712903003008,1
191712903003009,1
191712903003010,1
191712903003011,1
191712903003012,1
191712903003013,1
191712903003014,1
191712903003015,1
191712903003016,1
191712903003017,1
191712903003018,1
191712903003019,1
191712903003020,1
191712903003021,1
191712903003022,1
191712903003023,1
191712903003024,1
191712903003025,1
191712903003026,1
191712903003027,1
191712903003028,1
191712903003029,1
191712903003030,1
191712903003031,1
191712903003032,1
191712903003033,1
191712903003034,1
191712903003035,1
191712903003036,1
191712903003037,1
191712903003038,1
191712903003039,1
191712903003040,1
191712903003041,1
191712903003042,1
191712903003043,1
191712903003044,1
191712903003045,1
191712903003046,1
191712903003047,1
191712903003048,1
191712903003049,1
191712903003050,1
191712903003051,1
191712903003053,1
191712903003054,1
191712903003055,1
191712903001107,1
191712903001108,1
191712903001109,1
191712903001110,1
191712903001111,1
191712903001112,1
191712903001116,1
191712903001117,1
191712903001118,1
191712903001119,1
191712903001120,1
191712903001121,1
191712903001122,1
191712903001123,1
191712903001124,1
191712903001125,1
191712903001126,1
191712903001127,1
191712903001130,1
191712903001131,1
191712903001132,1
191712903001133,1
191712903001135,1
191712903001137,1
191712903001138,1
191712903001139,1
191712903001144,1
191712903001145,1
191712903001146,1
191712903001148,1
191712904002007,1
191712904002008,1
191712904002009,1
191712904002010,1
191712904002011,1
191712904002017,1
191712904002018,1
191712904002019,1
191712904002020,1
191712904002021,1
191712904002065,1
191712905003015,1
191712905003016,1
191712905003017,1
191712905003018,1
191712905003019,1
191712905003020,1
191712906001000,1
191712906001001,1
191712906001002,1
191712906001003,1
191712906001004,1
191712906001005,1
191712906001006,1
191712906001007,1
191712906001008,1
191712906001009,1
191712906001010,1
191712906001011,1
191712906001012,1
191712906001013,1
191712906001014,1
191712906001015,1
191712906001016,1
191712906001017,1
191712906001018,1
191712906001019,1
191712906001020,1
191712906001021,1
191712906001022,1
191712906001023,1
191712906001024,1
191712906001025,1
191712906001026,1
191712906001027,1
191712906001028,1
191712906001029,1
191712906001030,1
191712906001031,1
191712906001032,1
191712906001033,1
191712906001034,1
191712906001035,1
191712906001036,1
191712906001037,1
191712906001038,1
191712906001039,1
191712906001040,1
191712906001041,1
191712906001042,1
191712906001043,1
191712906001044,1
191712906001045,1
191712906001046,1
191712906001047,1
191712906001048,1
191712906001049,1
191712906001050,1
191712906001051,1
191712906001057,1
191712906001058,1
191712906001059,1
191712906001060,1
191712906001061,1
191712906001062,1
191712906001063,1
191712906001064,1
191712906001065,1
191712906001066,1
191712906001067,1
191712906001068,1
191712906001069,1
191712906001070,1
191712906001071,1
191712906001072,1
191712906001078,1
191712906001079,1
191712906001080,1
191712906001081,1
191712906001082,1
191712906001091,1
191712906001118,1
191712903001134,1
191712903001150,1
191712903001151,1
191712903002001,1
191712903002002,1
191712903002003,1
191712903002004,1
191712903002005,1
191712903002006,1
191712903002007,1
191712903002009,1
191712903002010,1
191712903002011,1
191712903002012,1
191712903002013,1
191712903002014,1
191712903002015,1
191712903002016,1
191712903002017,1
191712903002018,1
191712903002019,1
191712903002020,1
191712903002021,1
191712903002022,1
191712903002023,1
191712903002024,1
191712903002025,1
191712903002026,1
191712903002027,1
191712903002028,1
191712903002029,1
191712903002030,1
191712903002031,1
191712903002032,1
191712903002033,1
191712903002034,1
191712903002035,1
191712903002036,1
191712903002037,1
191712903002038,1
191712903002039,1
191712903002040,1
191712903002041,1
191712903002042,1
191712903002043,1
191712903002044,1
191712903002045,1
191712903002046,1
191712903002047,1
191712903002048,1
191712903002049,1
191712903002050,1
191712903002051,1
191712903002052,1
191712903002053,1
191712903002054,1
191712903002055,1
191712903002056,1
191712903002057,1
191712903002058,1
191712903002059,1
191712903002060,1
191712903002061,1
191712903002062,1
191712903002063,1
191712903002064,1
191712903002065,1
191712903002066,1
191712903002067,1
191712903002068,1
191712903002069,1
191712903002070,1
191712903002071,1
191712903002072,1
191712903002073,1
191712903002074,1
191712903002075,1
191712903002076,1
191712903002077,1
191712903002078,1
191712903002079,1
191712903002080,1
191712903002081,1
191712903002082,1
191712903002083,1
191712903002084,1
191712903002085,1
191712903002086,1
191712903002087,1
191712903002088,1
191712903002089,1
191712903002090,1
191712903002091,1
191712903002096,1
191712903002097,1
191712903002098,1
191712903002099,1
191712903002100,1
191712903002101,1
191712903002102,1
191712903002103,1
191712903002104,1
191712903002105,1
191712903002106,1
191712903002107,1
191712903002108,1
191712903002109,1
191712903002114,1
191712903002115,1
191712903003006,1
191712903003007,1
191712903003052,1
191712904001002,1
191712904001003,1
191712904001004,1
191712904001009,1
191712904001010,1
191712904001011,1
191712904001012,1
191712904001013,1
191712904001014,1
191712904001015,1
191712904001016,1
191712904001017,1
191712904001018,1
191712904001019,1
191712904001020,1
191712904001021,1
191712904001022,1
191712904001023,1
191712904001024,1
191712904001025,1
191712904001026,1
191712904001027,1
191712904001029,1
191712904001030,1
191712904001031,1
191712904001032,1
191712904001033,1
191712904001034,1
191712904001035,1
191712904001036,1
191712904001037,1
191712904001038,1
191712904001044,1
191712904001045,1
191712904001046,1
191712904001047,1
191712904001048,1
191712904002031,1
191712904002032,1
191712904002033,1
191712904002034,1
191712904002035,1
191712904002036,1
191712904002037,1
191712904002038,1
191712904002039,1
191712904002040,1
191712904002041,1
191712904002042,1
191712904002043,1
191712904002044,1
191712904002045,1
191712904002046,1
191712904002047,1
191712904002048,1
191712904002049,1
191712904002050,1
191712904002051,1
191712904002052,1
191712904002053,1
191712904002054,1
191712904002055,1
191712904002056,1
191712904002057,1
191712904002058,1
191712904002059,1
191712904002060,1
191712904002061,1
191712904002063,1
191712904002064,1
191712904003002,1
191712904003003,1
191712904003004,1
191712904003005,1
191712904003006,1
191712904003007,1
191712904003008,1
191712904003009,1
191712904003010,1
191712904003011,1
191712904003012,1
191712904003013,1
191712904003014,1
191712904003015,1
191712904003016,1
191712904003017,1
191712904003018,1
191712904003019,1
191712904003020,1
191712904003021,1
191712904003022,1
191712904003023,1
191712904003024,1
191712904003026,1
191712904003027,1
191712904003028,1
191712904003029,1
191712904003030,1
191712904003031,1
191712904003032,1
191712904003033,1
191712904003034,1
191712904003035,1
191712904003036,1
191712904003037,1
191712904003038,1
191712904003039,1
191712904003040,1
191712904003041,1
191712904003042,1
191712904003043,1
191712904003044,1
191712904003045,1
191712904003046,1
191712904003047,1
191712904003048,1
191712904003049,1
191712904003050,1
191712904003051,1
191712904003052,1
191712905003000,1
191712905003001,1
191712905003002,1
191712905003027,1
191712905003028,1
191712905003029,1
191712905003030,1
191712905003031,1
191712905003032,1
191712905003033,1
191712905003035,1
191712905003036,1
191712904001005,1
191712904001006,1
191712904001007,1
191712904001039,1
191712904001040,1
191712904001041,1
191712904001042,1
191712904001043,1
191712904001049,1
191712904001050,1
191712904001051,1
191712904001052,1
191712904001053,1
191712904001054,1
191712904001055,1
191712904001056,1
191712904001057,1
191712905001000,1
191712905001001,1
191712905001002,1
191712905001003,1
191712905001004,1
191712905001005,1
191712905001006,1
191712905001007,1
191712905001008,1
191712905001009,1
191712905001010,1
191712905001011,1
191712905001012,1
191712905001013,1
191712905001014,1
191712905001015,1
191712905001016,1
191712905001017,1
191712905001018,1
191712905001019,1
191712905001020,1
191712905001021,1
191712905001022,1
191712905001023,1
191712905001024,1
191712905001025,1
191712905001026,1
191712905001027,1
191712905001028,1
191712905001029,1
191712905001030,1
191712905001031,1
191712905001032,1
191712905001033,1
191712905001034,1
191712905001035,1
191712905001036,1
191712905001037,1
191712905001038,1
191712905001039,1
191712905001040,1
191712905001041,1
191712905001042,1
191712905001043,1
191712905001044,1
191712905001045,1
191712905001046,1
191712905001047,1
191712905001048,1
191712905001049,1
191712905001050,1
191712905001051,1
191712905001052,1
191712905001053,1
191712905001054,1
191712905001055,1
191712905001056,1
191712905001057,1
191712905001058,1
191712905001059,1
191712905001061,1
191712905002000,1
191712905002001,1
191712905002002,1
191712905002003,1
191712905002004,1
191712905002005,1
191712905002006,1
191712905002007,1
191712905002008,1
191712905002009,1
191712905002010,1
191712905002011,1
191712905002012,1
191712905002013,1
191712905002014,1
191712905002024,1
191712905002025,1
191712905002026,1
191712905002027,1
191712905002028,1
191712905002029,1
191712905002030,1
191712905002031,1
191712905002032,1
191712905002033,1
191712905002034,1
191712905002035,1
191712905002036,1
191712905002037,1
191712905002038,1
191712905002039,1
191712905002040,1
191712905002041,1
191712905002042,1
191712905002043,1
191712905002044,1
191712905002045,1
191712905002046,1
191712905002047,1
191712905002048,1
191712905002049,1
191712905002050,1
191712905002051,1
191712905002052,1
191712905002053,1
191712905002054,1
191712905002055,1
191712905002056,1
191712905002057,1
191712905002067,1
191712905002068,1
191712905002069,1
191712905003044,1
191712905003045,1
191712905003046,1
191712905003047,1
191712905003048,1
191712905003049,1
191712905003050,1
191712905003051,1
191712905003052,1
191712905003053,1
191712905003054,1
191712905003055,1
191712905003056,1
191712905003057,1
191712905003058,1
191712905003059,1
191712905003060,1
191712905003061,1
191712905003062,1
191712905003063,1
191712905003064,1
191712905003065,1
191712905003066,1
191712905003067,1
191712905003068,1
191712905003069,1
191712905003070,1
191712905003071,1
191712905003072,1
191712905003073,1
191712905003074,1
191712905003075,1
191712905003076,1
191712905003077,1
191712905003078,1
191712905003079,1
191712905003080,1
191712905003081,1
191712906002032,1
191712906002038,1
191712906002039,1
191712905001060,1
191712905001062,1
191712905002058,1
191712905002059,1
191712905002060,1
191712905002065,1
191712905002066,1
191712906002031,1
191712906002035,1
191712906002036,1
191712906002037,1
191712906002041,1
191712906002042,1
191712906002043,1
191712906002044,1
191712906002045,1
191712906002046,1
191712906002047,1
191712906002048,1
191712906002049,1
191712906002050,1
191712906002051,1
191712906002052,1
191712906002053,1
191712906002054,1
191712906002055,1
191712906002065,1
191712906002066,1
191712906002067,1
191712906002068,1
191712906002069,1
191712906002070,1
191712906002071,1
191712906002072,1
191712906002102,1
191712906002103,1
191712906002104,1
191712906002105,1
191712906002106,1
191712906002107,1
191712906002108,1
191712906002109,1
191712906002110,1
191712906002111,1
191712906002112,1
191712906002113,1
191712906002114,1
191712906002115,1
191712906002116,1
191712906002117,1
191712906002118,1
191712906002119,1
191712906002120,1
191712906002123,1
191712906002124,1
191712906002125,1
191712906002139,1
191712906002140,1
191712906002141,1
191712906002142,1
191712906002143,1
191712905002015,1
191712905002016,1
191712905002017,1
191712905002018,1
191712905002019,1
191712905002020,1
191712905002021,1
191712905002022,1
191712905002023,1
191712905002061,1
191712905002062,1
191712905002063,1
191712905002064,1
191712905003034,1
191712905003037,1
191712905003038,1
191712905003040,1
191712905003041,1
191712905003042,1
191712905003043,1
191712905003082,1
191712906001054,1
191712906001055,1
191712906001056,1
191712906001073,1
191712906001074,1
191712906001075,1
191712906001076,1
191712906001077,1
191712906001083,1
191712906001084,1
191712906001085,1
191712906001086,1
191712906001087,1
191712906001088,1
191712906001089,1
191712906001090,1
191712906001092,1
191712906001093,1
191712906001094,1
191712906001095,1
191712906001096,1
191712906001097,1
191712906001098,1
191712906001099,1
191712906001100,1
191712906001101,1
191712906001102,1
191712906001103,1
191712906001104,1
191712906001105,1
191712906001106,1
191712906001107,1
191712906001108,1
191712906001109,1
191712906001110,1
191712906001111,1
191712906001112,1
191712906001113,1
191712906001114,1
191712906001115,1
191712906001116,1
191712906001117,1
191712906002056,1
191712906002057,1
191712906002058,1
191712906002059,1
191712906002060,1
191712906002061,1
191712906002062,1
191712906002063,1
191712906002064,1
191712906002128,1
191712906002129,1
191712906002130,1
191712906002131,1
191712906002132,1
191712906002133,1
191712906002134,1
191712906002135,1
191712906002136,1
191712906002137,1
191712906002138,1
191712906002009,1
191712906002010,1
191712906002015,1
191712906002016,1
191712906002017,1
191712906002018,1
191712906002019,1
191712906002020,1
191712906002021,1
191712906002022,1
191712906002023,1
191712906002024,1
191712906002025,1
191712906002026,1
191712906002030,1
191712906002033,1
191712906002034,1
191712906002040,1
191712906002073,1
191712906002074,1
191712906002075,1
191712906002076,1
191712906002077,1
191712906002078,1
191712906002079,1
191712906002080,1
191712906002081,1
191712906002082,1
191712906002083,1
191712906002084,1
191712906002085,1
191712906002086,1
191712906002087,1
191712906002088,1
191712906002089,1
191712906002090,1
191712906002091,1
191712906002092,1
191712906002093,1
191712906002094,1
191712906002096,1
191712906002097,1
191712906002098,1
191712906002099,1
191712906002100,1
191712906002101,1
191712906002121,1
191712906002122,1
191712906002126,1
191712906002127,1
191712906003008,1
191712906003050,1
191712906003051,1
191712906003052,1
191712906002095,1
191712906003009,1
191712906003010,1
191712906003011,1
191712906003012,1
191712906003013,1
191712906003014,1
191712906003015,1
191712906003016,1
191712906003017,1
191712906003018,1
191712906003019,1
191712906003020,1
191712906003021,1
191712906003022,1
191712906003023,1
191712906003024,1
191712906003025,1
191712906003026,1
191712906003027,1
191712906003028,1
191712906003029,1
191712906003030,1
191712906003031,1
191712906003032,1
191712906003033,1
191712906003034,1
191712906003035,1
191712906003036,1
191712906003037,1
191712906003038,1
191712906003039,1
191712906003040,1
191712906003041,1
191712906003042,1
191712906003043,1
191712906003044,1
191712906003045,1
191712906003046,1
191712906003047,1
191712906003048,1
191712906003049,1
191712906003053,1
191712906003054,1
191712906003055,1
191712906003056,1
191712906003057,1
191712906003058,1
191712906003059,1
191712906003060,1
191712906003061,1
191712906003062,1
191712906003063,1
191712906003064,1
191712906003065,1
191712906003066,1
191712906003067,1
191712906003068,1
191712906003069,1
191712906003070,1
191712906003071,1
191712906003072,1
191712906003073,1
191712906003074,1
191712906003075,1
191712906003076,1
191712906003077,1
191712906003078,1
191712906003079,1
191712906003080,1
191712906003081,1
191712906003082,1
191712906003083,1
191712906003084,1
191712906003085,1
191712906003086,1
191731801001000,3
191731801001001,3
191731801001002,3
191731801001003,3
191731801001004,3
191731801001005,3
191731801001006,3
191731801001007,3
191731801001008,3
191731801001009,3
191731801001010,3
191731801001011,3
191731801001012,3
191731801001013,3
191731801001014,3
191731801001015,3
191731801001016,3
191731801001017,3
191731801001018,3
191731801001019,3
191731801001020,3
191731801001021,3
191731801001022,3
191731801001023,3
191731801001024,3
191731801001025,3
191731801001026,3
191731801001027,3
191731801001028,3
191731801001029,3
191731801001030,3
191731801001033,3
191731801001034,3
191731801001035,3
191731801001036,3
191731801001037,3
191731801001038,3
191731801001039,3
191731801001040,3
191731801001041,3
191731801001042,3
191731801001043,3
191731801001044,3
191731801001045,3
191731801001046,3
191731801001047,3
191731801001048,3
191731801001049,3
191731801001050,3
191731801001051,3
191731801001052,3
191731801001053,3
191731801001054,3
191731801001055,3
191731801001056,3
191731801001057,3
191731801001058,3
191731801001059,3
191731801001060,3
191731801001061,3
191731801001062,3
191731801001063,3
191731801001064,3
191731801001129,3
191731801001156,3
191731801001157,3
191731801001158,3
191731801001159,3
191731801001167,3
191731801001168,3
191731801001169,3
191731801001170,3
191731801001172,3
191731801001177,3
191731801001178,3
191731801001179,3
191731801001180,3
191731801001181,3
191731801001182,3
191731801001183,3
191731801001184,3
191731801001185,3
191731801001186,3
191731801001187,3
191731801001188,3
191731801001189,3
191731801001190,3
191731801001191,3
191731801001192,3
191731801001193,3
191731801001194,3
191731801001195,3
191731801001196,3
191731801001197,3
191731801001198,3
191731801001199,3
191731801001200,3
191731801001211,3
191731801001212,3
191731801001213,3
191731801001214,3
191731801001215,3
191731801001219,3
191731801001220,3
191731801001221,3
191731801001222,3
191731801001465,3
191731801001467,3
191731801001468,3
191731801001469,3
191731801001470,3
191731801001472,3
191731801002005,3
191731801002015,3
191731801002016,3
191731801003000,3
191731801003004,3
191731801003051,3
191731801003060,3
191731801003061,3
191731801003062,3
191731801001031,3
191731801001032,3
191731801002000,3
191731801002001,3
191731801002002,3
191731801002003,3
191731801002004,3
191731801002006,3
191731801002007,3
191731801002008,3
191731801002009,3
191731801002010,3
191731801002011,3
191731801002012,3
191731801002013,3
191731801002014,3
191731801002017,3
191731801002018,3
191731801002019,3
191731801002020,3
191731801002021,3
191731801002022,3
191731801002023,3
191731801002024,3
191731801002025,3
191731801002026,3
191731801002027,3
191731801002028,3
191731801002029,3
191731801002030,3
191731801002031,3
191731801002032,3
191731801002033,3
191731801002034,3
191731801002035,3
191731801002036,3
191731801002037,3
191731801002038,3
191731801002039,3
191731801003005,3
191731801003010,3
191731801003011,3
191731801003012,3
191731801003016,3
191731801003017,3
191731801003018,3
191731801003019,3
191731801003020,3
191731801003021,3
191731801003022,3
191731801003023,3
191731801003024,3
191731801003025,3
191731801003026,3
191731801003027,3
191731801003028,3
191731801003029,3
191731801003030,3
191731801003031,3
191731801003032,3
191731801003033,3
191731801003034,3
191731801003035,3
191731801003036,3
191731801003037,3
191731801003038,3
191731801003039,3
191731801003040,3
191731801003041,3
191731801003042,3
191731801003043,3
191731801003044,3
191731801003045,3
191731801003046,3
191731801003047,3
191731801003048,3
191731801003049,3
191731801003050,3
191731801003052,3
191731801003053,3
191731801003054,3
191731801003055,3
191731801003056,3
191731801003057,3
191731801003058,3
191731801003059,3
191731801003065,3
191731801003066,3
191731801003067,3
191731801003068,3
191731801003069,3
191731801003070,3
191731801001065,3
191731801001066,3
191731801001067,3
191731801001068,3
191731801001069,3
191731801001070,3
191731801001071,3
191731801001072,3
191731801001073,3
191731801001074,3
191731801001075,3
191731801001076,3
191731801001077,3
191731801001078,3
191731801001079,3
191731801001080,3
191731801001081,3
191731801001082,3
191731801001083,3
191731801001084,3
191731801001085,3
191731801001086,3
191731801001087,3
191731801001088,3
191731801001089,3
191731801001090,3
191731801001091,3
191731801001092,3
191731801001093,3
191731801001094,3
191731801001095,3
191731801001096,3
191731801001097,3
191731801001098,3
191731801001099,3
191731801001100,3
191731801001101,3
191731801001102,3
191731801001103,3
191731801001104,3
191731801001105,3
191731801001106,3
191731801001107,3
191731801001108,3
191731801001109,3
191731801001110,3
191731801001111,3
191731801001112,3
191731801001113,3
191731801001114,3
191731801001115,3
191731801001116,3
191731801001117,3
191731801001118,3
191731801001119,3
191731801001120,3
191731801001121,3
191731801001122,3
191731801001123,3
191731801001124,3
191731801001125,3
191731801001126,3
191731801001127,3
191731801001128,3
191731801001130,3
191731801001131,3
191731801001132,3
191731801001133,3
191731801001134,3
191731801001135,3
191731801001136,3
191731801001137,3
191731801001138,3
191731801001139,3
191731801001140,3
191731801001141,3
191731801001142,3
191731801001143,3
191731801001144,3
191731801001145,3
191731801001146,3
191731801001147,3
191731801001148,3
191731801001149,3
191731801001150,3
191731801001151,3
191731801001152,3
191731801001153,3
191731801001154,3
191731801001155,3
191731801001164,3
191731801003001,3
191731801003002,3
191731801003003,3
191731801003006,3
191731801003007,3
191731801003008,3
191731801003009,3
191731801003013,3
191731801003014,3
191731801003015,3
191731801003063,3
191731801003064,3
191731803002117,3
191731803002118,3
191731803002119,3
191731803002120,3
191731803002611,3
191731801001160,3
191731801001161,3
191731801001162,3
191731801001163,3
191731801001165,3
191731801001174,3
191731801001175,3
191731801001296,3
191731801001297,3
191731801001298,3
191731801001299,3
191731801001300,3
191731801001301,3
191731801001302,3
191731801001303,3
191731801001304,3
191731801001305,3
191731801001306,3
191731801001307,3
191731801001308,3
191731801001309,3
191731801001310,3
191731801001311,3
191731801001312,3
191731801001313,3
191731801001314,3
191731801001315,3
191731801001316,3
191731801001317,3
191731801001318,3
191731801001319,3
191731801001320,3
191731801001321,3
191731801001322,3
191731801001323,3
191731801001324,3
191731801001325,3
191731801001326,3
191731801001327,3
191731801001328,3
191731801001329,3
191731801001330,3
191731801001331,3
191731801001332,3
191731801001333,3
191731801001334,3
191731801001335,3
191731801001336,3
191731801001337,3
191731801001338,3
191731801001339,3
191731801001340,3
191731801001341,3
191731801001342,3
191731801001343,3
191731801001344,3
191731801001345,3
191731801001346,3
191731801001347,3
191731801001348,3
191731801001349,3
191731801001350,3
191731801001351,3
191731801001352,3
191731801001353,3
191731801001354,3
191731801001355,3
191731801001356,3
191731801001357,3
191731801001358,3
191731801001359,3
191731801001360,3
191731801001361,3
191731801001387,3
191731801001388,3
191731801001389,3
191731801001390,3
191731801001391,3
191731801001392,3
191731801001393,3
191731801001394,3
191731801001395,3
191731801001396,3
191731801001397,3
191731801001398,3
191731801001399,3
191731801001400,3
191731801001401,3
191731801001402,3
191731801001403,3
191731801001404,3
191731801001405,3
191731801001406,3
191731801001407,3
191731801001408,3
191731801001414,3
191731801001415,3
191731801001416,3
191731801001417,3
191731801001418,3
191731801001419,3
191731801001420,3
191731801001421,3
191731801001422,3
191731801001423,3
191731801001452,3
191731801001457,3
191731801001458,3
191731801001459,3
191731801001460,3
191731801001461,3
191731801001462,3
191731801001463,3
191731801001464,3
191731803002191,3
191731803002192,3
191731803002193,3
191731803002194,3
191731803002196,3
191731803002197,3
191731803002198,3
191731803002199,3
191731803002200,3
191731803002204,3
191731803002205,3
191731803002206,3
191731803002212,3
191731803002213,3
191731803002214,3
191731803002215,3
191731803002249,3
191731803002250,3
191731803002251,3
191731803002252,3
191731803002253,3
191731803002254,3
191731803002255,3
191731803002258,3
191731803002261,3
191731803002262,3
191731803002263,3
191731803002264,3
191731801001166,3
191731801001171,3
191731801001173,3
191731801001176,3
191731801001201,3
191731801001202,3
191731801001203,3
191731801001204,3
191731801001205,3
191731801001206,3
191731801001207,3
191731801001208,3
191731801001209,3
191731801001210,3
191731801001223,3
191731801001224,3
191731801001225,3
191731801001226,3
191731801001229,3
191731801001230,3
191731801001270,3
191731801001271,3
191731801001272,3
191731801001273,3
191731801001274,3
191731801001275,3
191731801001276,3
191731801001277,3
191731801001278,3
191731801001279,3
191731801001280,3
191731801001281,3
191731801001282,3
191731801001283,3
191731801001284,3
191731801001285,3
191731801001286,3
191731801001287,3
191731801001288,3
191731801001289,3
191731801001290,3
191731801001291,3
191731801001292,3
191731801001293,3
191731801001294,3
191731801001295,3
191731801001362,3
191731801001363,3
191731801001364,3
191731801001365,3
191731801001366,3
191731801001367,3
191731801001368,3
191731801001369,3
191731801001370,3
191731801001371,3
191731801001372,3
191731801001373,3
191731801001374,3
191731801001375,3
191731801001376,3
191731801001377,3
191731801001378,3
191731801001379,3
191731801001380,3
191731801001381,3
191731801001382,3
191731801001383,3
191731801001384,3
191731801001385,3
191731801001386,3
191731801001409,3
191731801001410,3
191731801001411,3
191731801001412,3
191731801001413,3
191731801001424,3
191731801001425,3
191731801001426,3
191731801001427,3
191731801001428,3
191731801001429,3
191731801001430,3
191731801001431,3
191731801001432,3
191731801001433,3
191731801001434,3
191731801001435,3
191731801001436,3
191731801001437,3
191731801001438,3
191731801001439,3
191731801001440,3
191731801001441,3
191731801001442,3
191731801001443,3
191731801001444,3
191731801001445,3
191731801001446,3
191731801001447,3
191731801001448,3
191731801001449,3
191731801001450,3
191731801001451,3
191731801001453,3
191731801001454,3
191731801001455,3
191731801001456,3
191731801001471,3
191731801001216,3
191731801001217,3
191731801001218,3
191731801001227,3
191731801001228,3
191731801001231,3
191731801001232,3
191731801001233,3
191731801001234,3
191731801001235,3
191731801001236,3
191731801001237,3
191731801001238,3
191731801001239,3
191731801001240,3
191731801001241,3
191731801001242,3
191731801001243,3
191731801001244,3
191731801001245,3
191731801001246,3
191731801001247,3
191731801001248,3
191731801001249,3
191731801001250,3
191731801001251,3
191731801001252,3
191731801001253,3
191731801001254,3
191731801001255,3
191731801001256,3
191731801001257,3
191731801001258,3
191731801001259,3
191731801001260,3
191731801001261,3
191731801001262,3
191731801001263,3
191731801001264,3
191731801001265,3
191731801001266,3
191731801001267,3
191731801001268,3
191731801001269,3
191731801001466,3
191731802001000,3
191731802001001,3
191731802001002,3
191731802001003,3
191731802001004,3
191731802001005,3
191731802001006,3
191731802001007,3
191731802001008,3
191731802001009,3
191731802001010,3
191731802001011,3
191731802001012,3
191731802001013,3
191731802001028,3
191731802001029,3
191731802001030,3
191731802001031,3
191731802001032,3
191731802001033,3
191731802001034,3
191731802001035,3
191731802001036,3
191731802001037,3
191731802001038,3
191731802001039,3
191731802001040,3
191731802001041,3
191731802001042,3
191731802001043,3
191731802001044,3
191731802001170,3
191731802001171,3
191731802001174,3
191731802001175,3
191731802001176,3
191731802001177,3
191731802001178,3
191731802001179,3
191731802001180,3
191731802001181,3
191731802001182,3
191731802001183,3
191731802001184,3
191731802001185,3
191731802001186,3
191731802001187,3
191731802001188,3
191731802001189,3
191731802001190,3
191731802001191,3
191731802001192,3
191731802001193,3
191731802001194,3
191731802001195,3
191731802001196,3
191731802001197,3
191731802001198,3
191731802001199,3
191731802001200,3
191731802001201,3
191731802001202,3
191731802001203,3
191731802001204,3
191731802001205,3
191731802001206,3
191731802001207,3
191731802001208,3
191731802001209,3
191731802001210,3
191731802001211,3
191731802001212,3
191731802001213,3
191731802001214,3
191731802001226,3
191731802001374,3
191731802001375,3
191731802001376,3
191731802001377,3
191731802001379,3
191731802001380,3
191731802001014,3
191731802001015,3
191731802001016,3
191731802001017,3
191731802001018,3
191731802001019,3
191731802001020,3
191731802001021,3
191731802001022,3
191731802001023,3
191731802001024,3
191731802001025,3
191731802001026,3
191731802001027,3
191731802001045,3
191731802001046,3
191731802001047,3
191731802001048,3
191731802001049,3
191731802001050,3
191731802001051,3
191731802001052,3
191731802001053,3
191731802001054,3
191731802001055,3
191731802001056,3
191731802001057,3
191731802001058,3
191731802001059,3
191731802001060,3
191731802001061,3
191731802001072,3
191731802001073,3
191731802001074,3
191731802001084,3
191731802001085,3
191731802001086,3
191731802001087,3
191731802001088,3
191731802001089,3
191731802001090,3
191731802001091,3
191731802001092,3
191731802001093,3
191731802001094,3
191731802001095,3
191731802001096,3
191731802001097,3
191731802001098,3
191731802001099,3
191731802001100,3
191731802001101,3
191731802001102,3
191731802001103,3
191731802001104,3
191731802001105,3
191731802001106,3
191731802001107,3
191731802001108,3
191731802001109,3
191731802001110,3
191731802001111,3
191731802001112,3
191731802001113,3
191731802001123,3
191731802001124,3
191731802001125,3
191731802001126,3
191731802001127,3
191731802001137,3
191731802001138,3
191731802001161,3
191731802001162,3
191731802001163,3
191731802001164,3
191731802001167,3
191731802001168,3
191731802001169,3
191731802001172,3
191731802001173,3
191731802001062,3
191731802001063,3
191731802001064,3
191731802001065,3
191731802001066,3
191731802001067,3
191731802001068,3
191731802001069,3
191731802001070,3
191731802001071,3
191731802001075,3
191731802001076,3
191731802001077,3
191731802001080,3
191731802001081,3
191731802001082,3
191731802001083,3
191731802001114,3
191731802001119,3
191731802001120,3
191731802001121,3
191731802001144,3
191731802003000,3
191731802003001,3
191731802003002,3
191731802003068,3
191731802003069,3
191731803002280,3
191731803002281,3
191731803002282,3
191731803002283,3
191731803002284,3
191731803002285,3
191731803002286,3
191731803002287,3
191731803002288,3
191731803002289,3
191731803002290,3
191731803002293,3
191731803002294,3
191731803002295,3
191731803002337,3
191731803002342,3
191731803002343,3
191731803002344,3
191731803002345,3
191731803002346,3
191731803002347,3
191731803002348,3
191731803002349,3
191731803002350,3
191731803002351,3
191731803002352,3
191731803002353,3
191731803002354,3
191731803002355,3
191731803002356,3
191731803002357,3
191731803002358,3
191731803002359,3
191731803002360,3
191731803002361,3
191731803002363,3
191731803002364,3
191731803002365,3
191731803002366,3
191731803002394,3
191731803002395,3
191731803002396,3
191731803002397,3
191731803002398,3
191731803002402,3
191731803002403,3
191731803002404,3
191731803002405,3
191731803002406,3
191731803002407,3
191731802001078,3
191731802001079,3
191731802001115,3
191731802001116,3
191731802001117,3
191731802001118,3
191731802001122,3
191731802001128,3
191731802001140,3
191731802001141,3
191731802001142,3
191731802001378,3
191731802002000,3
191731802002001,3
191731802002002,3
191731802002003,3
191731802002004,3
191731802002005,3
191731802002041,3
191731802002062,3
191731802002063,3
191731802002075,3
191731802002076,3
191731802002077,3
191731802002080,3
191731802002081,3
191731802002084,3
191731802002088,3
191731802003006,3
191731802003064,3
191731802003066,3
191731802003067,3
191731803002362,3
191731802001129,3
191731802001353,3
191731802001354,3
191731802001355,3
191731802001358,3
191731802001359,3
191731802001360,3
191731802001361,3
191731802002082,3
191731802002083,3
191731802002085,3
191731802002086,3
191731802002087,3
191731802003070,3
191731803002401,3
191731803002408,3
191731803002409,3
191731803002410,3
191731803002411,3
191731803002412,3
191731803002413,3
191731803002466,3
191731803002467,3
191731803002468,3
191731803002469,3
191731803002500,3
191731803002501,3
191731803002502,3
191731803002503,3
191731803002504,3
191731803002505,3
191731803002506,3
191731803002507,3
191731803002508,3
191731803002509,3
191731803002510,3
191731803002511,3
191731803002512,3
191731803002513,3
191731803002514,3
191731803002515,3
191731803002516,3
191731803002517,3
191731803002518,3
191731803002519,3
191731803002520,3
191731803002521,3
191731803002522,3
191731803002523,3
191731803002524,3
191731803002525,3
191731803002526,3
191731803002527,3
191731803002528,3
191731803002529,3
191731803002530,3
191731803002531,3
191731803002532,3
191731803002533,3
191731803002534,3
191731803002535,3
191731803002536,3
191731803002537,3
191731803002538,3
191731803002539,3
191731803002540,3
191731803002541,3
191731803002542,3
191731803002543,3
191731803002544,3
191731803002545,3
191731803002546,3
191731803002547,3
191731803002548,3
191731803002549,3
191731803002552,3
191731803002553,3
191731803002554,3
191731803002555,3
191731803002556,3
191731803002557,3
191731803002558,3
191731803002559,3
191731803002560,3
191731803002561,3
191731803002562,3
191731803002563,3
191731803002564,3
191731803002565,3
191731803002566,3
191731803002567,3
191731803002568,3
191731803002569,3
191731803002570,3
191731803002571,3
191731803002572,3
191731803002573,3
191731803002574,3
191731803002575,3
191731803002601,3
191731802001130,3
191731802001131,3
191731802001132,3
191731802001133,3
191731802001134,3
191731802001135,3
191731802001136,3
191731802001145,3
191731802001146,3
191731802001147,3
191731802001151,3
191731802001152,3
191731802001153,3
191731802001154,3
191731802001155,3
191731802001156,3
191731802001157,3
191731802001158,3
191731802001159,3
191731802001160,3
191731802001165,3
191731802001166,3
191731802001227,3
191731802001228,3
191731802001229,3
191731802001230,3
191731802001232,3
191731802001233,3
191731802001234,3
191731802001240,3
191731802001241,3
191731802001242,3
191731802001243,3
191731802001244,3
191731802001326,3
191731802001327,3
191731802001328,3
191731802001329,3
191731802001330,3
191731802001331,3
191731802001332,3
191731802001333,3
191731802001334,3
191731802001335,3
191731802001336,3
191731802001337,3
191731802001338,3
191731802001339,3
191731802001340,3
191731802001341,3
191731802001342,3
191731802001343,3
191731802001344,3
191731802001345,3
191731802001346,3
191731802001347,3
191731802001348,3
191731802001349,3
191731802001350,3
191731802001351,3
191731802001352,3
191731802001356,3
191731802001357,3
191731802001362,3
191731802001363,3
191731802001364,3
191731802001367,3
191731802001368,3
191731802001369,3
191731802001370,3
191731802001371,3
191731802001372,3
191731802001373,3
191731802001139,3
191731802001143,3
191731802001148,3
191731802001149,3
191731802001150,3
191731802002006,3
191731802002007,3
191731802002008,3
191731802002009,3
191731802002010,3
191731802002011,3
191731802002012,3
191731802002013,3
191731802002014,3
191731802002015,3
191731802002016,3
191731802002017,3
191731802002018,3
191731802002019,3
191731802002020,3
191731802002021,3
191731802002022,3
191731802002023,3
191731802002024,3
191731802002025,3
191731802002026,3
191731802002027,3
191731802002028,3
191731802002029,3
191731802002030,3
191731802002031,3
191731802002032,3
191731802002033,3
191731802002034,3
191731802002035,3
191731802002036,3
191731802002037,3
191731802002038,3
191731802002039,3
191731802002040,3
191731802002042,3
191731802002043,3
191731802002044,3
191731802002045,3
191731802002046,3
191731802002047,3
191731802002048,3
191731802002049,3
191731802002050,3
191731802002051,3
191731802002052,3
191731802002053,3
191731802002054,3
191731802002055,3
191731802002056,3
191731802002057,3
191731802002058,3
191731802002059,3
191731802002060,3
191731802002061,3
191731802002064,3
191731802002065,3
191731802002066,3
191731802002067,3
191731802002068,3
191731802002069,3
191731802002070,3
191731802002071,3
191731802002072,3
191731802002073,3
191731802002074,3
191731802002078,3
191731802002079,3
191731802002089,3
191731802003003,3
191731802003004,3
191731802003005,3
191731802003007,3
191731802003008,3
191731802003009,3
191731802003010,3
191731802003011,3
191731802003012,3
191731802003013,3
191731802003014,3
191731802003015,3
191731802003016,3
191731802003017,3
191731802003018,3
191731802003019,3
191731802003020,3
191731802003021,3
191731802003022,3
191731802003023,3
191731802003024,3
191731802003025,3
191731802003026,3
191731802003027,3
191731802003028,3
191731802003029,3
191731802003030,3
191731802003031,3
191731802003032,3
191731802003033,3
191731802003034,3
191731802003035,3
191731802003036,3
191731802003037,3
191731802003038,3
191731802003039,3
191731802003040,3
191731802003041,3
191731802003042,3
191731802003043,3
191731802003044,3
191731802003045,3
191731802003046,3
191731802003047,3
191731802003048,3
191731802003049,3
191731802003050,3
191731802003051,3
191731802003052,3
191731802003053,3
191731802003054,3
191731802003055,3
191731802003056,3
191731802003057,3
191731802003058,3
191731802003059,3
191731802003060,3
191731802003061,3
191731802003062,3
191731802003063,3
191731802003065,3
191731802003071,3
191731802003072,3
191731802001215,3
191731802001216,3
191731802001217,3
191731802001218,3
191731802001219,3
191731802001220,3
191731802001221,3
191731802001222,3
191731802001223,3
191731802001224,3
191731802001225,3
191731802001231,3
191731802001235,3
191731802001236,3
191731802001237,3
191731802001238,3
191731802001239,3
191731802001245,3
191731802001246,3
191731802001247,3
191731802001248,3
191731802001249,3
191731802001250,3
191731802001251,3
191731802001252,3
191731802001253,3
191731802001254,3
191731802001255,3
191731802001257,3
191731802001258,3
191731802001259,3
191731802001260,3
191731802001261,3
191731802001262,3
191731802001263,3
191731802001264,3
191731802001265,3
191731802001266,3
191731802001267,3
191731802001268,3
191731802001269,3
191731802001270,3
191731802001271,3
191731802001272,3
191731802001273,3
191731802001274,3
191731802001275,3
191731802001276,3
191731802001277,3
191731802001278,3
191731802001279,3
191731802001280,3
191731802001281,3
191731802001282,3
191731802001283,3
191731802001284,3
191731802001285,3
191731802001286,3
191731802001287,3
191731802001297,3
191731802001298,3
191731802001321,3
191731802001322,3
191731802001323,3
191731802001325,3
191731802001365,3
191731802001366,3
191731802001256,3
191731802001288,3
191731802001289,3
191731802001290,3
191731802001291,3
191731802001292,3
191731802001293,3
191731802001294,3
191731802001295,3
191731802001296,3
191731802001299,3
191731802001300,3
191731802001301,3
191731802001302,3
191731802001303,3
191731802001304,3
191731802001305,3
191731802001306,3
191731802001307,3
191731802001308,3
191731802001309,3
191731802001310,3
191731802001311,3
191731802001312,3
191731802001313,3
191731802001314,3
191731802001315,3
191731802001316,3
191731802001317,3
191731802001318,3
191731802001319,3
191731802001320,3
191731802001324,3
191731803001000,3
191731803001001,3
191731803001002,3
191731803001003,3
191731803001004,3
191731803001005,3
191731803001006,3
191731803001007,3
191731803001008,3
191731803001009,3
191731803001010,3
191731803001011,3
191731803001012,3
191731803001013,3
191731803001014,3
191731803001015,3
191731803001016,3
191731803001017,3
191731803001018,3
191731803001019,3
191731803001020,3
191731803001021,3
191731803001022,3
191731803001023,3
191731803001024,3
191731803001025,3
191731803001026,3
191731803001027,3
191731803001028,3
191731803001029,3
191731803001030,3
191731803001031,3
191731803001032,3
191731803001033,3
191731803001034,3
191731803001035,3
191731803001036,3
191731803001037,3
191731803001038,3
191731803001039,3
191731803001040,3
191731803001041,3
191731803001042,3
191731803001043,3
191731803001044,3
191731803001045,3
191731803001046,3
191731803001047,3
191731803001048,3
191731803001049,3
191731803001050,3
191731803001054,3
191731803001055,3
191731803001056,3
191731803001057,3
191731803001058,3
191731803001059,3
191731803001060,3
191731803001061,3
191731803001062,3
191731803001063,3
191731803001064,3
191731803001065,3
191731803001066,3
191731803001067,3
191731803001068,3
191731803001069,3
191731803001070,3
191731803001071,3
191731803001072,3
191731803001073,3
191731803001074,3
191731803001075,3
191731803001076,3
191731803001077,3
191731803001078,3
191731803001079,3
191731803001080,3
191731803001086,3
191731803001087,3
191731803001088,3
191731803001089,3
191731803002013,3
191731803002143,3
191731803001051,3
191731803001052,3
191731803001053,3
191731803001202,3
191731803002000,3
191731803002001,3
191731803002002,3
191731803002003,3
191731803002004,3
191731803002005,3
191731803002006,3
191731803002007,3
191731803002008,3
191731803002009,3
191731803002010,3
191731803002011,3
191731803002012,3
191731803002014,3
191731803002015,3
191731803002016,3
191731803002017,3
191731803002018,3
191731803002019,3
191731803002020,3
191731803002021,3
191731803002022,3
191731803002023,3
191731803002024,3
191731803002025,3
191731803002026,3
191731803002027,3
191731803002028,3
191731803002029,3
191731803002030,3
191731803002031,3
191731803002032,3
191731803002033,3
191731803002034,3
191731803002035,3
191731803002036,3
191731803002037,3
191731803002038,3
191731803002039,3
191731803002040,3
191731803002041,3
191731803002042,3
191731803002043,3
191731803002044,3
191731803002045,3
191731803002046,3
191731803002047,3
191731803002048,3
191731803002049,3
191731803002050,3
191731803002051,3
191731803002052,3
191731803002053,3
191731803002054,3
191731803002055,3
191731803002056,3
191731803002057,3
191731803002058,3
191731803002059,3
191731803002060,3
191731803002061,3
191731803002062,3
191731803002063,3
191731803002064,3
191731803002065,3
191731803002066,3
191731803002067,3
191731803002068,3
191731803002069,3
191731803002070,3
191731803002071,3
191731803002072,3
191731803002073,3
191731803002074,3
191731803002075,3
191731803002076,3
191731803002077,3
191731803002078,3
191731803002079,3
191731803002080,3
191731803002081,3
191731803002082,3
191731803002083,3
191731803002084,3
191731803002085,3
191731803002086,3
191731803002087,3
191731803002088,3
191731803002089,3
191731803002090,3
191731803002091,3
191731803002092,3
191731803002093,3
191731803002094,3
191731803002095,3
191731803002096,3
191731803002097,3
191731803002098,3
191731803002099,3
191731803002100,3
191731803002101,3
191731803002102,3
191731803002103,3
191731803002104,3
191731803002105,3
191731803002106,3
191731803002107,3
191731803002108,3
191731803002109,3
191731803002110,3
191731803002115,3
191731803002116,3
191731803002126,3
191731803002127,3
191731803002128,3
191731803002129,3
191731803002135,3
191731803002138,3
191731803002139,3
191731803002140,3
191731803002141,3
191731803002142,3
191731803002144,3
191731803002608,3
191731803002610,3
191731803001081,3
191731803001082,3
191731803001083,3
191731803001084,3
191731803001085,3
191731803001090,3
191731803001091,3
191731803001092,3
191731803001093,3
191731803001094,3
191731803001095,3
191731803001096,3
191731803001097,3
191731803001098,3
191731803001099,3
191731803001100,3
191731803001101,3
191731803001102,3
191731803001103,3
191731803001104,3
191731803001105,3
191731803001106,3
191731803001107,3
191731803001108,3
191731803001109,3
191731803001110,3
191731803001111,3
191731803001112,3
191731803001113,3
191731803001114,3
191731803001115,3
191731803001116,3
191731803001117,3
191731803001118,3
191731803001119,3
191731803001120,3
191731803001121,3
191731803001122,3
191731803001123,3
191731803001124,3
191731803001125,3
191731803001126,3
191731803001127,3
191731803001128,3
191731803001129,3
191731803001130,3
191731803001131,3
191731803001132,3
191731803001133,3
191731803001134,3
191731803001135,3
191731803001136,3
191731803001137,3
191731803001138,3
191731803001139,3
191731803001140,3
191731803001141,3
191731803001142,3
191731803001143,3
191731803001144,3
191731803001145,3
191731803001146,3
191731803001147,3
191731803001149,3
191731803001150,3
191731803001170,3
191731803001171,3
191731803001182,3
191731803001183,3
191731803001184,3
191731803001185,3
191731803001186,3
191731803001187,3
191731803001188,3
191731803001189,3
191731803001190,3
191731803001191,3
191731803001192,3
191731803001193,3
191731803001194,3
191731803001195,3
191731803001196,3
191731803001199,3
191731803001200,3
191731803001201,3
191731803001203,3
191731803002157,3
191731803002158,3
191731803002278,3
191731803002279,3
191731803002305,3
191731803002306,3
191731803002307,3
191731803002308,3
191731803002605,3
191731803001148,3
191731803001151,3
191731803001152,3
191731803001153,3
191731803001154,3
191731803001155,3
191731803001156,3
191731803001157,3
191731803001158,3
191731803001159,3
191731803001160,3
191731803001161,3
191731803001162,3
191731803001163,3
191731803001164,3
191731803001165,3
191731803001166,3
191731803001167,3
191731803001168,3
191731803001169,3
191731803001172,3
191731803001173,3
191731803001174,3
191731803001175,3
191731803001176,3
191731803001177,3
191731803001178,3
191731803001179,3
191731803001180,3
191731803001181,3
191731803001197,3
191731803001198,3
191731803002111,3
191731803002112,3
191731803002113,3
191731803002114,3
191731803002121,3
191731803002122,3
191731803002123,3
191731803002124,3
191731803002125,3
191731803002130,3
191731803002131,3
191731803002132,3
191731803002133,3
191731803002134,3
191731803002136,3
191731803002137,3
191731803002145,3
191731803002146,3
191731803002147,3
191731803002148,3
191731803002149,3
191731803002150,3
191731803002151,3
191731803002152,3
191731803002153,3
191731803002154,3
191731803002155,3
191731803002156,3
191731803002159,3
191731803002160,3
191731803002161,3
191731803002162,3
191731803002163,3
191731803002164,3
191731803002165,3
191731803002166,3
191731803002167,3
191731803002168,3
191731803002169,3
191731803002170,3
191731803002171,3
191731803002172,3
191731803002173,3
191731803002174,3
191731803002175,3
191731803002176,3
191731803002177,3
191731803002178,3
191731803002179,3
191731803002180,3
191731803002181,3
191731803002182,3
191731803002183,3
191731803002184,3
191731803002185,3
191731803002186,3
191731803002187,3
191731803002188,3
191731803002189,3
191731803002190,3
191731803002195,3
191731803002201,3
191731803002202,3
191731803002203,3
191731803002207,3
191731803002208,3
191731803002209,3
191731803002210,3
191731803002211,3
191731803002216,3
191731803002217,3
191731803002218,3
191731803002219,3
191731803002220,3
191731803002221,3
191731803002222,3
191731803002223,3
191731803002224,3
191731803002225,3
191731803002226,3
191731803002227,3
191731803002228,3
191731803002229,3
191731803002230,3
191731803002231,3
191731803002232,3
191731803002233,3
191731803002234,3
191731803002235,3
191731803002236,3
191731803002237,3
191731803002238,3
191731803002239,3
191731803002240,3
191731803002241,3
191731803002242,3
191731803002243,3
191731803002244,3
191731803002245,3
191731803002246,3
191731803002247,3
191731803002248,3
191731803002256,3
191731803002257,3
191731803002259,3
191731803002260,3
191731803002265,3
191731803002266,3
191731803002267,3
191731803002268,3
191731803002269,3
191731803002270,3
191731803002271,3
191731803002272,3
191731803002273,3
191731803002274,3
191731803002275,3
191731803002276,3
191731803002277,3
191731803002291,3
191731803002292,3
191731803002612,3
191731803002613,3
191731803002296,3
191731803002297,3
191731803002298,3
191731803002299,3
191731803002300,3
191731803002301,3
191731803002302,3
191731803002303,3
191731803002304,3
191731803002309,3
191731803002310,3
191731803002311,3
191731803002312,3
191731803002313,3
191731803002314,3
191731803002315,3
191731803002316,3
191731803002317,3
191731803002318,3
191731803002319,3
191731803002320,3
191731803002321,3
191731803002322,3
191731803002323,3
191731803002324,3
191731803002325,3
191731803002326,3
191731803002327,3
191731803002328,3
191731803002329,3
191731803002330,3
191731803002331,3
191731803002332,3
191731803002333,3
191731803002334,3
191731803002335,3
191731803002336,3
191731803002338,3
191731803002339,3
191731803002340,3
191731803002341,3
191731803002367,3
191731803002368,3
191731803002369,3
191731803002370,3
191731803002371,3
191731803002372,3
191731803002373,3
191731803002374,3
191731803002375,3
191731803002376,3
191731803002377,3
191731803002378,3
191731803002379,3
191731803002380,3
191731803002381,3
191731803002382,3
191731803002383,3
191731803002384,3
191731803002385,3
191731803002386,3
191731803002387,3
191731803002391,3
191731803002392,3
191731803002393,3
191731803002424,3
191731803002425,3
191731803002426,3
191731803002427,3
191731803002428,3
191731803002429,3
191731803002430,3
191731803002431,3
191731803002432,3
191731803002433,3
191731803002434,3
191731803002435,3
191731803002436,3
191731803002437,3
191731803002438,3
191731803002439,3
191731803002440,3
191731803002441,3
191731803002599,3
191731803002602,3
191731803002603,3
191731803002604,3
191731803002606,3
191731803002607,3
191731803002609,3
191731803002388,3
191731803002389,3
191731803002390,3
191731803002399,3
191731803002400,3
191731803002414,3
191731803002415,3
191731803002416,3
191731803002417,3
191731803002418,3
191731803002419,3
191731803002420,3
191731803002421,3
191731803002422,3
191731803002423,3
191731803002442,3
191731803002443,3
191731803002444,3
191731803002445,3
191731803002446,3
191731803002447,3
191731803002448,3
191731803002449,3
191731803002450,3
191731803002451,3
191731803002452,3
191731803002453,3
191731803002454,3
191731803002455,3
191731803002456,3
191731803002457,3
191731803002458,3
191731803002459,3
191731803002460,3
191731803002461,3
191731803002462,3
191731803002463,3
191731803002464,3
191731803002465,3
191731803002470,3
191731803002471,3
191731803002472,3
191731803002473,3
191731803002474,3
191731803002475,3
191731803002476,3
191731803002477,3
191731803002478,3
191731803002479,3
191731803002480,3
191731803002481,3
191731803002482,3
191731803002483,3
191731803002484,3
191731803002485,3
191731803002486,3
191731803002487,3
191731803002488,3
191731803002489,3
191731803002490,3
191731803002491,3
191731803002492,3
191731803002493,3
191731803002494,3
191731803002495,3
191731803002496,3
191731803002497,3
191731803002498,3
191731803002499,3
191731803002550,3
191731803002551,3
191731803002576,3
191731803002577,3
191731803002578,3
191731803002579,3
191731803002580,3
191731803002581,3
191731803002582,3
191731803002583,3
191731803002584,3
191731803002585,3
191731803002586,3
191731803002587,3
191731803002588,3
191731803002589,3
191731803002590,3
191731803002591,3
191731803002592,3
191731803002593,3
191731803002594,3
191731803002595,3
191731803002596,3
191731803002597,3
191731803002598,3
191731803002600,3
191751901001000,3
191751901001001,3
191751901001002,3
191751901001003,3
191751901001004,3
191751901001005,3
191751901001006,3
191751901001007,3
191751901001008,3
191751901001009,3
191751901001010,3
191751901001011,3
191751901001012,3
191751901001013,3
191751901001016,3
191751901001017,3
191751901001018,3
191751901001019,3
191751901001020,3
191751901001021,3
191751901001024,3
191751901001025,3
191751901001028,3
191751901001029,3
191751901001030,3
191751901001031,3
191751901001032,3
191751901001033,3
191751901001034,3
191751901001035,3
191751901001036,3
191751901001041,3
191751901001042,3
191751901001043,3
191751901001044,3
191751901001045,3
191751901001046,3
191751901001047,3
191751901001048,3
191751901001049,3
191751901001050,3
191751901001051,3
191751901001052,3
191751901001063,3
191751901001064,3
191751901001065,3
191751901001066,3
191751901002006,3
191751901002007,3
191751901002094,3
191751901002095,3
191751901002096,3
191751901002104,3
191751901002105,3
191751901001014,3
191751901001015,3
191751901001037,3
191751901001038,3
191751901001039,3
191751901001040,3
191751901001056,3
191751903001000,3
191751903001001,3
191751903001002,3
191751903001003,3
191751903001030,3
191751903001031,3
191751903001032,3
191751903001033,3
191751903001034,3
191751903001035,3
191751903001036,3
191751903001037,3
191751903001038,3
191751903001039,3
191751903001040,3
191751903001041,3
191751903001042,3
191751903001043,3
191751903001044,3
191751903001045,3
191751903001046,3
191751903001047,3
191751903001048,3
191751903001049,3
191751903001050,3
191751903001051,3
191751903001052,3
191751903001053,3
191751903001054,3
191751903001055,3
191751903001056,3
191751903001057,3
191751903001058,3
191751903001059,3
191751903001060,3
191751903001061,3
191751903001062,3
191751903001063,3
191751903001064,3
191751903001065,3
191751903001120,3
191751903001121,3
191751903001122,3
191751903001123,3
191751903001124,3
191751903001127,3
191751903001128,3
191751903001132,3
191751903001196,3
191751903001197,3
191751904004000,3
191751904004001,3
191751901001022,3
191751901001023,3
191751901001026,3
191751901001027,3
191751901002000,3
191751901002001,3
191751901002002,3
191751901002003,3
191751901002004,3
191751901002005,3
191751901002008,3
191751901002009,3
191751901002010,3
191751901002011,3
191751901002012,3
191751901002013,3
191751901002014,3
191751901002015,3
191751901002016,3
191751901002017,3
191751901002018,3
191751901002019,3
191751901002020,3
191751901002021,3
191751901002022,3
191751901002023,3
191751901002024,3
191751901002025,3
191751901002026,3
191751901002027,3
191751901002028,3
191751901002029,3
191751901002030,3
191751901002031,3
191751901002032,3
191751901002033,3
191751901002034,3
191751901002035,3
191751901002036,3
191751901002037,3
191751901002038,3
191751901002039,3
191751901002040,3
191751901002041,3
191751901002042,3
191751901002043,3
191751901002044,3
191751901002045,3
191751901002046,3
191751901002047,3
191751901002048,3
191751901002049,3
191751901002050,3
191751901002051,3
191751901002052,3
191751901002053,3
191751901002054,3
191751901002055,3
191751901002056,3
191751901002057,3
191751901002058,3
191751901002059,3
191751901002060,3
191751901002061,3
191751901002062,3
191751901002063,3
191751901002064,3
191751901002065,3
191751901002066,3
191751901002067,3
191751901002068,3
191751901002069,3
191751901002070,3
191751901002071,3
191751901002072,3
191751901002073,3
191751901002074,3
191751901002075,3
191751901002076,3
191751901002077,3
191751901002078,3
191751901002079,3
191751901002080,3
191751901002081,3
191751901002082,3
191751901002083,3
191751901002084,3
191751901002085,3
191751901002086,3
191751901002087,3
191751901002088,3
191751901002089,3
191751901002090,3
191751901002091,3
191751901002092,3
191751901002093,3
191751901002110,3
191751901001053,3
191751901001054,3
191751901001057,3
191751901001058,3
191751901001059,3
191751901001060,3
191751901001061,3
191751901001062,3
191751901001067,3
191751901001068,3
191751901001069,3
191751901001070,3
191751901001071,3
191751901001072,3
191751901001073,3
191751901001074,3
191751901001075,3
191751901001076,3
191751901001077,3
191751901001078,3
191751901001081,3
191751901001082,3
191751901001125,3
191751901001126,3
191751901001127,3
191751901001128,3
191751901001129,3
191751901001130,3
191751901001131,3
191751901001132,3
191751901001150,3
191751901001151,3
191751901001152,3
191751901001153,3
191751901001156,3
191751901001157,3
191751901001160,3
191751901002106,3
191751901002111,3
191751901003000,3
191751901003001,3
191751901003002,3
191751901003003,3
191751901003004,3
191751901003005,3
191751901003006,3
191751901003007,3
191751901003008,3
191751901003009,3
191751901003010,3
191751901003011,3
191751901003012,3
191751901003013,3
191751901003014,3
191751901003015,3
191751901003016,3
191751901003017,3
191751901003018,3
191751901003019,3
191751901003020,3
191751901003021,3
191751901003022,3
191751901003023,3
191751901003024,3
191751901003025,3
191751901003026,3
191751901003027,3
191751901003028,3
191751901003029,3
191751901003030,3
191751901003031,3
191751901003032,3
191751901003033,3
191751901003034,3
191751901003035,3
191751901003036,3
191751901003037,3
191751901003038,3
191751901003039,3
191751901003040,3
191751901003041,3
191751901003042,3
191751901003043,3
191751901003044,3
191751901003045,3
191751901003046,3
191751901003047,3
191751901003048,3
191751901003049,3
191751901003050,3
191751901003051,3
191751901003052,3
191751901003053,3
191751901003054,3
191751901003055,3
191751901003056,3
191751901003057,3
191751901003058,3
191751901003059,3
191751901003060,3
191751901003061,3
191751901003062,3
191751901003063,3
191751901003064,3
191751901003065,3
191751901003066,3
191751901003067,3
191751901003068,3
191751901003069,3
191751901003070,3
191751901003071,3
191751901003072,3
191751901003073,3
191751901003074,3
191751901003075,3
191751901003076,3
191751901003077,3
191751901003078,3
191751901003079,3
191751901003080,3
191751901003081,3
191751901003082,3
191751901003083,3
191751901003084,3
191751901003085,3
191751901003086,3
191751901003087,3
191751901003088,3
191751901003089,3
191751903001168,3
191751903001169,3
191751903001209,3
191751903001210,3
191751903002013,3
191751903002014,3
191751903002015,3
191751903002016,3
191751903002017,3
191751903002018,3
191751903002019,3
191751903002020,3
191751903002057,3
191751903002058,3
191751901001055,3
191751901001154,3
191751901001155,3
191751901001158,3
191751901001159,3
191751902004006,3
191751902004008,3
191751902004010,3
191751902004114,3
191751902004117,3
191751902004118,3
191751902004122,3
191751903001125,3
191751903001126,3
191751903001129,3
191751903001130,3
191751903001131,3
191751903001133,3
191751903001134,3
191751903001135,3
191751903001136,3
191751903001137,3
191751903001138,3
191751903001139,3
191751903001140,3
191751903001141,3
191751903001142,3
191751903001143,3
191751903001144,3
191751903001145,3
191751903001146,3
191751903001147,3
191751903001148,3
191751903001149,3
191751903001150,3
191751903001151,3
191751903001152,3
191751903001153,3
191751903001154,3
191751903001155,3
191751903001156,3
191751903001157,3
191751903001158,3
191751903001159,3
191751903001160,3
191751903001161,3
191751903001162,3
191751903001163,3
191751903001164,3
191751903001165,3
191751903001166,3
191751903001167,3
191751903001170,3
191751903001171,3
191751903001172,3
191751903001173,3
191751903001174,3
191751903001175,3
191751903001176,3
191751903001177,3
191751903001178,3
191751903001179,3
191751903001180,3
191751903001181,3
191751903001182,3
191751903001183,3
191751903001184,3
191751903001185,3
191751903001186,3
191751903001187,3
191751903001188,3
191751903001189,3
191751903001190,3
191751903001191,3
191751903001192,3
191751903001193,3
191751903001194,3
191751903001195,3
191751903001198,3
191751903001199,3
191751903001200,3
191751903002021,3
191751903002022,3
191751903002023,3
191751903002024,3
191751903002025,3
191751903002026,3
191751903002027,3
191751903002028,3
191751903002029,3
191751903002033,3
191751901001079,3
191751901001080,3
191751901001083,3
191751901001084,3
191751901001085,3
191751901001086,3
191751901001087,3
191751901001088,3
191751901001089,3
191751901001090,3
191751901001091,3
191751901001092,3
191751901001093,3
191751901001094,3
191751901001095,3
191751901001096,3
191751901001097,3
191751901001098,3
191751901001099,3
191751901001100,3
191751901001101,3
191751901001102,3
191751901001103,3
191751901001104,3
191751901001105,3
191751901001106,3
191751901001107,3
191751901001108,3
191751901001109,3
191751901001110,3
191751901001111,3
191751901001112,3
191751901001113,3
191751901001114,3
191751901001115,3
191751901001116,3
191751901001117,3
191751901001118,3
191751901001119,3
191751901001120,3
191751901001121,3
191751901001122,3
191751901001123,3
191751901001124,3
191751901001133,3
191751901001134,3
191751901001135,3
191751901001136,3
191751901001137,3
191751901001138,3
191751901001139,3
191751901001140,3
191751901001141,3
191751901001142,3
191751901001143,3
191751901001144,3
191751901001145,3
191751901001146,3
191751901001147,3
191751901001148,3
191751901001149,3
191751901002097,3
191751901002098,3
191751901002099,3
191751901002100,3
191751901002101,3
191751901002102,3
191751901002103,3
191751901002107,3
191751901002108,3
191751901002109,3
191751903002000,3
191751903002001,3
191751903002002,3
191751903002003,3
191751903002004,3
191751903002005,3
191751903002006,3
191751903002007,3
191751903002008,3
191751903002011,3
191751903002012,3
191751902001000,3
191751902001001,3
191751902001002,3
191751902001003,3
191751902001004,3
191751902001005,3
191751902001006,3
191751902001007,3
191751902001008,3
191751902001009,3
191751902001010,3
191751902001011,3
191751902001012,3
191751902001013,3
191751902001014,3
191751902001015,3
191751902001016,3
191751902001017,3
191751902001018,3
191751902001019,3
191751902001020,3
191751902001021,3
191751902001022,3
191751902001023,3
191751902001024,3
191751902001025,3
191751902001026,3
191751902001027,3
191751902001028,3
191751902001029,3
191751902001030,3
191751902001031,3
191751902001032,3
191751902001033,3
191751902001034,3
191751902001035,3
191751902001036,3
191751902001037,3
191751902001038,3
191751902001039,3
191751902001040,3
191751902001041,3
191751902001042,3
191751902001043,3
191751902001044,3
191751902001045,3
191751902001046,3
191751902001047,3
191751902001048,3
191751902001049,3
191751902001050,3
191751902001051,3
191751902001052,3
191751902001053,3
191751902001054,3
191751902002000,3
191751902002001,3
191751902002002,3
191751902002003,3
191751902002004,3
191751902002005,3
191751902002006,3
191751902002007,3
191751902002008,3
191751902002009,3
191751902002010,3
191751902002011,3
191751902002012,3
191751902002013,3
191751902002014,3
191751902002015,3
191751902002016,3
191751902002017,3
191751902002018,3
191751902002019,3
191751902002020,3
191751902002021,3
191751902002022,3
191751902002023,3
191751902002024,3
191751902002025,3
191751902002026,3
191751902002027,3
191751902002028,3
191751902002029,3
191751902002030,3
191751902002031,3
191751902002032,3
191751902002033,3
191751902002034,3
191751902002035,3
191751902002036,3
191751902002037,3
191751902002038,3
191751902002039,3
191751902002040,3
191751902003000,3
191751902003001,3
191751902003002,3
191751902003003,3
191751902003004,3
191751902003005,3
191751902003006,3
191751902003007,3
191751902003008,3
191751902003009,3
191751902003010,3
191751902003011,3
191751902003012,3
191751902003013,3
191751902003014,3
191751902003015,3
191751902003016,3
191751902003017,3
191751902003018,3
191751902003019,3
191751902003022,3
191751902003023,3
191751902003024,3
191751902003025,3
191751902003026,3
191751902003031,3
191751902003032,3
191751902003033,3
191751902003034,3
191751902003035,3
191751902004000,3
191751902004001,3
191751902004002,3
191751902004003,3
191751902004004,3
191751902004005,3
191751902004007,3
191751902004009,3
191751902004011,3
191751902004012,3
191751902004013,3
191751902004014,3
191751902004015,3
191751902004016,3
191751902004017,3
191751902004018,3
191751902004019,3
191751902004020,3
191751902004021,3
191751902004022,3
191751902004023,3
191751902004024,3
191751902004025,3
191751902004026,3
191751902004027,3
191751902004028,3
191751902004029,3
191751902004030,3
191751902004031,3
191751902004032,3
191751902004033,3
191751902004034,3
191751902004035,3
191751902004036,3
191751902004037,3
191751902004038,3
191751902004039,3
191751902004040,3
191751902004041,3
191751902004042,3
191751902004043,3
191751902004044,3
191751902004045,3
191751902004046,3
191751902004047,3
191751902004048,3
191751902004049,3
191751902004050,3
191751902004051,3
191751902004052,3
191751902004053,3
191751902004054,3
191751902004055,3
191751902004056,3
191751902004057,3
191751902004058,3
191751902004059,3
191751902004060,3
191751902004061,3
191751902004062,3
191751902004063,3
191751902004064,3
191751902004065,3
191751902004066,3
191751902004067,3
191751902004068,3
191751902004069,3
191751902004070,3
191751902004071,3
191751902004072,3
191751902004073,3
191751902004074,3
191751902004075,3
191751902004076,3
191751902004077,3
191751902004078,3
191751902004079,3
191751902004080,3
191751902004081,3
191751902004082,3
191751902004083,3
191751902004084,3
191751902004085,3
191751902004086,3
191751902004087,3
191751902004088,3
191751902004089,3
191751902004090,3
191751902004091,3
191751902004092,3
191751902004093,3
191751902004094,3
191751902004095,3
191751902004096,3
191751902004097,3
191751902004098,3
191751902004099,3
191751902004100,3
191751902004101,3
191751902004102,3
191751902004103,3
191751902004104,3
191751902004105,3
191751902004106,3
191751902004107,3
191751902004108,3
191751902004109,3
191751902004110,3
191751902004111,3
191751902004112,3
191751902004115,3
191751902004116,3
191751902005000,3
191751902005001,3
191751902005002,3
191751902005003,3
191751902005004,3
191751902005005,3
191751902005006,3
191751902005007,3
191751902005008,3
191751902005009,3
191751902005010,3
191751902005011,3
191751902005012,3
191751902005013,3
191751902005014,3
191751902005015,3
191751902005016,3
191751902005017,3
191751902005018,3
191751902005019,3
191751902005020,3
191751902005021,3
191751902005022,3
191751902005023,3
191751902005024,3
191751902005025,3
191751902005026,3
191751902005027,3
191751902005028,3
191751902005029,3
191751902005030,3
191751902005031,3
191751902005032,3
191751902005033,3
191751902005034,3
191751902005035,3
191751902005036,3
191751902005037,3
191751902005038,3
191751902005039,3
191751902005040,3
191751902005041,3
191751902005042,3
191751902005043,3
191751902005044,3
191751902005045,3
191751902005046,3
191751902005047,3
191751902005048,3
191751902005049,3
191751902005050,3
191751902005051,3
191751902005052,3
191751902005053,3
191751902005054,3
191751902005055,3
191751902005056,3
191751902005057,3
191751902005058,3
191751902005059,3
191751902005060,3
191751902005061,3
191751902005062,3
191751902005063,3
191751902005064,3
191751902005065,3
191751902005066,3
191751902005067,3
191751902005068,3
191751902005069,3
191751902005070,3
191751902005071,3
191751904001004,3
191751904001005,3
191751904001006,3
191751904001007,3
191751904001008,3
191751904001009,3
191751904001010,3
191751904001011,3
191751904001012,3
191751904001014,3
191751904001016,3
191751904001017,3
191751904001018,3
191751904001019,3
191751904001020,3
191751904001021,3
191751904001022,3
191751904001023,3
191751904001024,3
191751904001025,3
191751904001026,3
191751904001027,3
191751904001028,3
191751904001029,3
191751904001030,3
191751904001032,3
191751904002001,3
191751904002002,3
191751904002003,3
191751904002004,3
191751904002005,3
191751904002006,3
191751904002007,3
191751904002008,3
191751904002009,3
191751904002010,3
191751904002011,3
191751904002012,3
191751904002013,3
191751904002014,3
191751904002015,3
191751904002016,3
191751904002017,3
191751904002018,3
191751904002019,3
191751904002020,3
191751904002021,3
191751904002022,3
191751904002023,3
191751904002025,3
191751904002026,3
191751904002027,3
191751904003000,3
191751904003001,3
191751904003002,3
191751904003003,3
191751904003004,3
191751904003005,3
191751904003006,3
191751904003007,3
191751904003008,3
191751904003009,3
191751904003010,3
191751904003011,3
191751904003012,3
191751904003013,3
191751904003014,3
191751904003015,3
191751904003016,3
191751904003017,3
191751904003018,3
191751904003019,3
191751904003020,3
191751904003021,3
191751904003022,3
191751904003023,3
191751904003024,3
191751904003025,3
191751904003026,3
191751904003027,3
191751904003028,3
191751904003029,3
191751904003030,3
191751904003031,3
191751904003032,3
191751904003033,3
191751904003034,3
191751904003035,3
191751904003036,3
191751904003037,3
191751904003038,3
191751904003039,3
191751904003040,3
191751904003041,3
191751904003042,3
191751904003043,3
191751904003044,3
191751904003045,3
191751904004002,3
191751904004003,3
191751904004004,3
191751904004005,3
191751904004006,3
191751904004007,3
191751904004008,3
191751904004009,3
191751904004010,3
191751904004011,3
191751904004012,3
191751904004013,3
191751904004014,3
191751904004015,3
191751904004016,3
191751904004017,3
191751904004018,3
191751904004019,3
191751904004020,3
191751904004021,3
191751904004022,3
191751904004023,3
191751904004024,3
191751904004025,3
191751904004026,3
191751904004027,3
191751904004028,3
191751904004029,3
191751904004030,3
191751904004031,3
191751904004032,3
191751904004033,3
191751904004034,3
191751904004035,3
191751904004036,3
191751904004037,3
191751904004038,3
191751904004039,3
191751904004040,3
191751904004041,3
191751904004042,3
191751904004043,3
191751904004044,3
191751904004045,3
191751904004046,3
191751904004047,3
191751904004048,3
191751904004049,3
191751904004050,3
191751904004051,3
191751904004052,3
191751904004053,3
191751904005000,3
191751904005001,3
191751904005002,3
191751904005003,3
191751904005004,3
191751904005005,3
191751904005006,3
191751904005007,3
191751904005008,3
191751904005009,3
191751904005010,3
191751904005011,3
191751904005012,3
191751904005013,3
191751904005014,3
191751904005015,3
191751904005016,3
191751904005017,3
191751904005018,3
191751904005019,3
191751904005020,3
191751904005021,3
191751904005022,3
191751904005023,3
191751904005024,3
191751904005025,3
191751904005026,3
191751904005027,3
191751904005028,3
191751904005029,3
191751904005030,3
191751904005031,3
191751904005032,3
191751904005033,3
191751904005034,3
191751904005035,3
191751904005036,3
191751902003020,3
191751902003021,3
191751902003027,3
191751902003028,3
191751902003029,3
191751902003030,3
191751902003036,3
191751902003037,3
191751902004113,3
191751902004119,3
191751902004120,3
191751902004121,3
191751903001110,3
191751903001111,3
191751903001112,3
191751903001113,3
191751903001114,3
191751903001117,3
191751903001118,3
191751903001119,3
191751903001206,3
191751903001207,3
191751903001208,3
191751903002134,3
191751903002135,3
191751903002136,3
191751903002137,3
191751903002138,3
191751903002139,3
191751903002140,3
191751903002141,3
191751903002142,3
191751903002143,3
191751903002144,3
191751903002145,3
191751903002146,3
191751903002147,3
191751903002148,3
191751903002149,3
191751903002150,3
191751903002151,3
191751903002152,3
191751903002153,3
191751903002154,3
191751903002155,3
191751903002156,3
191751903002157,3
191751903002158,3
191751903002159,3
191751903002160,3
191751903002161,3
191751903002162,3
191751903002163,3
191751903002164,3
191751903002165,3
191751903002166,3
191751903002167,3
191751903002168,3
191751903002169,3
191751903002170,3
191751903002171,3
191751903002172,3
191751903002173,3
191751903002174,3
191751903002175,3
191751903002176,3
191751903002177,3
191751903002178,3
191751903002179,3
191751903002180,3
191751903002181,3
191751903002182,3
191751903002183,3
191751903002184,3
191751903002185,3
191751903002186,3
191751903002187,3
191751903002188,3
191751903002189,3
191751903002190,3
191751903002191,3
191751903002192,3
191751903002193,3
191751903002194,3
191751903002195,3
191751903002196,3
191751903002197,3
191751903002198,3
191751903002199,3
191751903002200,3
191751903002201,3
191751903002202,3
191751903002203,3
191751903002204,3
191751903002205,3
191751903002206,3
191751903002208,3
191751903002212,3
191751903002213,3
191751903002214,3
191751903002215,3
191751903002216,3
191751903002217,3
191751903002218,3
191751903002221,3
191751903002222,3
191751903002229,3
191751904001013,3
191751904001015,3
191751904001031,3
191751903001004,3
191751903001005,3
191751903001006,3
191751903001007,3
191751903001008,3
191751903001009,3
191751903001010,3
191751903001011,3
191751903001012,3
191751903001013,3
191751903001014,3
191751903001015,3
191751903001016,3
191751903001017,3
191751903001018,3
191751903001019,3
191751903001020,3
191751903001021,3
191751903001022,3
191751903001023,3
191751903001024,3
191751903001025,3
191751903001026,3
191751903001027,3
191751903001028,3
191751903001029,3
191751903001066,3
191751903001067,3
191751903001068,3
191751903001069,3
191751903001070,3
191751903001071,3
191751903001072,3
191751903001073,3
191751903001074,3
191751903001075,3
191751903001076,3
191751903001077,3
191751903001078,3
191751903001079,3
191751903001080,3
191751903001081,3
191751903001082,3
191751903001083,3
191751903001084,3
191751903001085,3
191751903001086,3
191751903001087,3
191751903001088,3
191751903001089,3
191751903001090,3
191751903001091,3
191751903001092,3
191751903001093,3
191751903001094,3
191751903001095,3
191751903001096,3
191751903001097,3
191751903001098,3
191751903001099,3
191751903001100,3
191751903001101,3
191751903001102,3
191751903001103,3
191751903001104,3
191751903001105,3
191751903001106,3
191751903001107,3
191751903001108,3
191751903001109,3
191751903001115,3
191751903001116,3
191751903001201,3
191751903001202,3
191751903001205,3
191751904001000,3
191751904001001,3
191751904001002,3
191751904001003,3
191751904002000,3
191751904002024,3
191751903001203,3
191751903001204,3
191751903002030,3
191751903002031,3
191751903002032,3
191751903002034,3
191751903002035,3
191751903002036,3
191751903002037,3
191751903002038,3
191751903002039,3
191751903002040,3
191751903002041,3
191751903002042,3
191751903002043,3
191751903002044,3
191751903002045,3
191751903002046,3
191751903002047,3
191751903002048,3
191751903002049,3
191751903002050,3
191751903002051,3
191751903002052,3
191751903002053,3
191751903002100,3
191751903002101,3
191751903002102,3
191751903002103,3
191751903002113,3
191751903002114,3
191751903002115,3
191751903002116,3
191751903002117,3
191751903002118,3
191751903002119,3
191751903002120,3
191751903002121,3
191751903002122,3
191751903002123,3
191751903002124,3
191751903002125,3
191751903002126,3
191751903002127,3
191751903002128,3
191751903002129,3
191751903002130,3
191751903002131,3
191751903002132,3
191751903002247,3
191751903002267,3
191751903002268,3
191751903002282,3
191751903002283,3
191751903002284,3
191751903002285,3
191751903002286,3
191751903002287,3
191751903002288,3
191751903002289,3
191751903002290,3
191751903002291,3
191751903002292,3
191751903002293,3
191751903002294,3
191751903002295,3
191751903002296,3
191751903002297,3
191751903002315,3
191751903002316,3
191751903002317,3
191751903002318,3
191751903002319,3
191751903002320,3
191751903002321,3
191751903002322,3
191751903002330,3
191751903002331,3
191751903002332,3
191751903002333,3
191751903002334,3
191751903002335,3
191751903002336,3
191751903002337,3
191751903002338,3
191751903002339,3
191751903002340,3
191751903002341,3
191751903002342,3
191751903002343,3
191751903002344,3
191751903002345,3
191751903002346,3
191751903002347,3
191751903002348,3
191751903002349,3
191751903002350,3
191751903002351,3
191751903002352,3
191751903002408,3
191751903002409,3
191751903002410,3
191751903002470,3
191751903002471,3
191751903002472,3
191751903002473,3
191751903002476,3
191751903002477,3
191751903002478,3
191751903002479,3
191751903002482,3
191751903002009,3
191751903002010,3
191751903002064,3
191751903002065,3
191751903002066,3
191751903002067,3
191751903002068,3
191751903002069,3
191751903002070,3
191751903002071,3
191751903002072,3
191751903002073,3
191751903002074,3
191751903002075,3
191751903002076,3
191751903002077,3
191751903002078,3
191751903002079,3
191751903002080,3
191751903002081,3
191751903002082,3
191751903002083,3
191751903002084,3
191751903002089,3
191751903002438,3
191751903002439,3
191751903002440,3
191751903002441,3
191751903002442,3
191751903002443,3
191751903002444,3
191751903002445,3
191751903002446,3
191751903002447,3
191751903002448,3
191751903002449,3
191751903002450,3
191751903002451,3
191751903002452,3
191751903002453,3
191751903002454,3
191751903002455,3
191751903002456,3
191751903002457,3
191751903002458,3
191751903002459,3
191751903002460,3
191751903002461,3
191751903002462,3
191751903002463,3
191751903002464,3
191751903002467,3
191751903002468,3
191751903002469,3
191751903002480,3
191751903002054,3
191751903002055,3
191751903002056,3
191751903002059,3
191751903002060,3
191751903002061,3
191751903002062,3
191751903002063,3
191751903002085,3
191751903002086,3
191751903002087,3
191751903002088,3
191751903002090,3
191751903002091,3
191751903002092,3
191751903002093,3
191751903002094,3
191751903002095,3
191751903002096,3
191751903002097,3
191751903002098,3
191751903002099,3
191751903002104,3
191751903002105,3
191751903002106,3
191751903002107,3
191751903002108,3
191751903002109,3
191751903002110,3
191751903002111,3
191751903002112,3
191751903002298,3
191751903002299,3
191751903002300,3
191751903002301,3
191751903002302,3
191751903002303,3
191751903002304,3
191751903002305,3
191751903002306,3
191751903002307,3
191751903002308,3
191751903002309,3
191751903002310,3
191751903002311,3
191751903002312,3
191751903002313,3
191751903002314,3
191751903002415,3
191751903002416,3
191751903002417,3
191751903002418,3
191751903002419,3
191751903002420,3
191751903002421,3
191751903002422,3
191751903002423,3
191751903002424,3
191751903002425,3
191751903002426,3
191751903002427,3
191751903002430,3
191751903002431,3
191751903002432,3
191751903002433,3
191751903002434,3
191751903002435,3
191751903002436,3
191751903002437,3
191751903002465,3
191751903002466,3
191751903002474,3
191751903002475,3
191751903002133,3
191751903002207,3
191751903002209,3
191751903002210,3
191751903002211,3
191751903002219,3
191751903002220,3
191751903002223,3
191751903002224,3
191751903002225,3
191751903002226,3
191751903002227,3
191751903002228,3
191751903002230,3
191751903002231,3
191751903002232,3
191751903002233,3
191751903002234,3
191751903002235,3
191751903002236,3
191751903002237,3
191751903002238,3
191751903002239,3
191751903002240,3
191751903002241,3
191751903002242,3
191751903002243,3
191751903002244,3
191751903002245,3
191751903002246,3
191751903002248,3
191751903002249,3
191751903002250,3
191751903002251,3
191751903002252,3
191751903002253,3
191751903002254,3
191751903002255,3
191751903002256,3
191751903002257,3
191751903002258,3
191751903002259,3
191751903002260,3
191751903002261,3
191751903002262,3
191751903002263,3
191751903002264,3
191751903002265,3
191751903002266,3
191751903002269,3
191751903002270,3
191751903002271,3
191751903002272,3
191751903002273,3
191751903002274,3
191751903002275,3
191751903002276,3
191751903002277,3
191751903002278,3
191751903002279,3
191751903002280,3
191751903002281,3
191751903002353,3
191751903002354,3
191751903002355,3
191751903002356,3
191751903002357,3
191751903002358,3
191751903002359,3
191751903002360,3
191751903002361,3
191751903002362,3
191751903002363,3
191751903002364,3
191751903002365,3
191751903002366,3
191751903002367,3
191751903002368,3
191751903002369,3
191751903002370,3
191751903002371,3
191751903002372,3
191751903002373,3
191751903002374,3
191751903002375,3
191751903002376,3
191751903002377,3
191751903002378,3
191751903002379,3
191751903002380,3
191751903002381,3
191751903002382,3
191751903002383,3
191751903002384,3
191751903002385,3
191751903002386,3
191751903002387,3
191751903002388,3
191751903002389,3
191751903002390,3
191751903002391,3
191751903002392,3
191751903002393,3
191751903002394,3
191751903002395,3
191751903002396,3
191751903002397,3
191751903002398,3
191751903002399,3
191751903002400,3
191751903002401,3
191751903002402,3
191751903002403,3
191751903002404,3
191751903002405,3
191751903002406,3
191751903002407,3
191751903002413,3
191751903002414,3
191751903002481,3
191751903002483,3
191751903002323,3
191751903002324,3
191751903002325,3
191751903002326,3
191751903002327,3
191751903002328,3
191751903002329,3
191751903002411,3
191751903002412,3
191751903002428,3
191751903002429,3
191779501001000,2
191779501001001,2
191779501001002,2
191779501001003,2
191779501001004,2
191779501001005,2
191779501001006,2
191779501001007,2
191779501001008,2
191779501001010,2
191779501001011,2
191779501001015,2
191779501001016,2
191779501001017,2
191779501001018,2
191779501001019,2
191779501001020,2
191779501001021,2
191779501001022,2
191779501001023,2
191779501001024,2
191779501001025,2
191779501001026,2
191779501001027,2
191779501001028,2
191779501001029,2
191779501001030,2
191779501001031,2
191779501001032,2
191779501001033,2
191779501001034,2
191779501001037,2
191779501001038,2
191779501001047,2
191779501001048,2
191779501001049,2
191779501001050,2
191779501001009,2
191779501001012,2
191779501001013,2
191779501001039,2
191779501001040,2
191779501001091,2
191779501002000,2
191779501002001,2
191779501002002,2
191779501002003,2
191779501002012,2
191779501002013,2
191779501002014,2
191779501002015,2
191779501002016,2
191779501002041,2
191779501002042,2
191779501002055,2
191779501002056,2
191779501002057,2
191779501002058,2
191779501002059,2
191779501002060,2
191779501002061,2
191779501002063,2
191779501002064,2
191779501002065,2
191779501002066,2
191779501001014,2
191779501001035,2
191779501001036,2
191779501001041,2
191779501001042,2
191779501001043,2
191779501001044,2
191779501001045,2
191779501001046,2
191779501001051,2
191779501001052,2
191779501001061,2
191779501001062,2
191779501001063,2
191779501001064,2
191779501001065,2
191779501001066,2
191779501001067,2
191779501001068,2
191779501001069,2
191779501001070,2
191779501001071,2
191779501001072,2
191779501001087,2
191779501005000,2
191779501005001,2
191779501005002,2
191779501005003,2
191779501005004,2
191779501005005,2
191779501005006,2
191779501005007,2
191779501005008,2
191779501005009,2
191779501005010,2
191779501005013,2
191779501005021,2
191779501005022,2
191779501001053,2
191779501001054,2
191779501001055,2
191779501001058,2
191779501001059,2
191779501001060,2
191779501001073,2
191779501001074,2
191779501001075,2
191779501001076,2
191779501001077,2
191779501001079,2
191779501001080,2
191779501001081,2
191779501001082,2
191779501001083,2
191779501001084,2
191779501001085,2
191779501001086,2
191779501001088,2
191779501001089,2
191779501001090,2
191779501004010,2
191779501004011,2
191779501005014,2
191779501005015,2
191779501005033,2
191779501005034,2
191779501005035,2
191779501005045,2
191779501001056,2
191779501001057,2
191779501001078,2
191779501002062,2
191779501002067,2
191779501002068,2
191779501004000,2
191779501004004,2
191779501004005,2
191779501004006,2
191779501004007,2
191779501004008,2
191779501004009,2
191779501004012,2
191779501004013,2
191779501004014,2
191779501004015,2
191779501004016,2
191779501004017,2
191779501004018,2
191779501004019,2
191779501004020,2
191779501004021,2
191779501004022,2
191779501004023,2
191779501004024,2
191779501004025,2
191779501004026,2
191779501004027,2
191779501004028,2
191779501004029,2
191779501004030,2
191779501004031,2
191779501004032,2
191779501004033,2
191779501004034,2
191779501004035,2
191779501004036,2
191779501004037,2
191779501004038,2
191779501004039,2
191779501004040,2
191779501004041,2
191779501004042,2
191779501004043,2
191779501004044,2
191779501004045,2
191779501004046,2
191779501004047,2
191779501004048,2
191779501004049,2
191779501004050,2
191779501004051,2
191779501004055,2
191779501004056,2
191779501004057,2
191779501004058,2
191779501004059,2
191779501004060,2
191779501004061,2
191779501004062,2
191779501004063,2
191779501004064,2
191779501004065,2
191779501004066,2
191779501004067,2
191779501004068,2
191779501004069,2
191779501004070,2
191779501004071,2
191779501004072,2
191779501004073,2
191779501004074,2
191779501004075,2
191779501004076,2
191779501004077,2
191779501004078,2
191779501004079,2
191779501004080,2
191779501004081,2
191779501004082,2
191779501004083,2
191779501004084,2
191779501004085,2
191779501004086,2
191779501004087,2
191779501004088,2
191779501004089,2
191779502001000,2
191779502001001,2
191779502001002,2
191779502001039,2
191779502001050,2
191779502001051,2
191779502001052,2
191779502001053,2
191779502001054,2
191779502001055,2
191779502001056,2
191779502001064,2
191779502001065,2
191779502001066,2
191779502001067,2
191779502001068,2
191779502001069,2
191779502001076,2
191779502001077,2
191779502003019,2
191779502003020,2
191779502003021,2
191779502003022,2
191779502003023,2
191779502003024,2
191779502003025,2
191779502003027,2
191779502003028,2
191779502003029,2
191779502003030,2
191779502003031,2
191779502003032,2
191779502003033,2
191779502003034,2
191779502003039,2
191779501002004,2
191779501002007,2
191779501002008,2
191779501002009,2
191779501002010,2
191779501002011,2
191779501002017,2
191779501002018,2
191779501002019,2
191779501002020,2
191779501002021,2
191779501002022,2
191779501002023,2
191779501002024,2
191779501002025,2
191779501002028,2
191779501002029,2
191779501002030,2
191779501002031,2
191779501002035,2
191779501002036,2
191779501002037,2
191779501002038,2
191779501002039,2
191779501002043,2
191779501002044,2
191779501002045,2
191779501002046,2
191779501002047,2
191779501002048,2
191779501002049,2
191779501002050,2
191779501002051,2
191779501002005,2
191779501002006,2
191779501002026,2
191779501002027,2
191779501002032,2
191779501002033,2
191779501002034,2
191779501002040,2
191779501002052,2
191779501002053,2
191779501002054,2
191779501003000,2
191779501003001,2
191779501003002,2
191779501003003,2
191779501003004,2
191779501003005,2
191779501003006,2
191779501003007,2
191779501003008,2
191779501003009,2
191779501003010,2
191779501003011,2
191779501003012,2
191779501003013,2
191779501003014,2
191779501003015,2
191779501003016,2
191779501003017,2
191779501003018,2
191779501003019,2
191779501003020,2
191779501003021,2
191779501003076,2
191779501003077,2
191779501003078,2
191779501003079,2
191779501003080,2
191779501003081,2
191779501003082,2
191779501003083,2
191779501003084,2
191779501003085,2
191779501003086,2
191779501003090,2
191779501003091,2
191779501003092,2
191779501003093,2
191779501004001,2
191779501004002,2
191779501004003,2
191779501003022,2
191779501003023,2
191779501003024,2
191779501003025,2
191779501003026,2
191779501003027,2
191779501003028,2
191779501003029,2
191779501003030,2
191779501003031,2
191779501003032,2
191779501003033,2
191779501003034,2
191779501003035,2
191779501003036,2
191779501003037,2
191779501003038,2
191779501003039,2
191779501003040,2
191779501003041,2
191779501003042,2
191779501003043,2
191779501003044,2
191779501003045,2
191779501003046,2
191779501003047,2
191779501003048,2
191779501003049,2
191779501003050,2
191779501003051,2
191779501003052,2
191779501003053,2
191779501003054,2
191779501003055,2
191779501003056,2
191779501003057,2
191779501003058,2
191779501003059,2
191779501003060,2
191779501003061,2
191779501003062,2
191779501003063,2
191779501003064,2
191779501003065,2
191779501003066,2
191779501003067,2
191779501003068,2
191779501003069,2
191779501003070,2
191779501003071,2
191779501003072,2
191779501003073,2
191779501003074,2
191779501003075,2
191779501003087,2
191779501003088,2
191779501003089,2
191779501003094,2
191779502001003,2
191779502001004,2
191779502001005,2
191779502001006,2
191779502001007,2
191779502001008,2
191779502001009,2
191779502001010,2
191779502001011,2
191779502001012,2
191779502001013,2
191779502001014,2
191779502001015,2
191779502001016,2
191779502001017,2
191779502001018,2
191779502001019,2
191779502001020,2
191779502001021,2
191779502001022,2
191779502001023,2
191779502001024,2
191779502001025,2
191779502001026,2
191779502001032,2
191779502001033,2
191779502001034,2
191779502001035,2
191779502001036,2
191779502001037,2
191779502001038,2
191779502001081,2
191779501004052,2
191779501004053,2
191779501004054,2
191779502003000,2
191779502003001,2
191779502003002,2
191779502003003,2
191779502003004,2
191779502003005,2
191779502003006,2
191779502003007,2
191779502003008,2
191779502003009,2
191779502003010,2
191779502003011,2
191779502003012,2
191779502003013,2
191779502003014,2
191779502003015,2
191779502003016,2
191779502003017,2
191779502003018,2
191779502003114,2
191779502003116,2
191779502003117,2
191779502004010,2
191779502004011,2
191779502004012,2
191779502004013,2
191779502004077,2
191779502004078,2
191779501005011,2
191779501005012,2
191779501005016,2
191779501005017,2
191779501005018,2
191779501005019,2
191779501005020,2
191779501005023,2
191779501005024,2
191779501005025,2
191779501005026,2
191779501005027,2
191779501005028,2
191779501005029,2
191779501005030,2
191779501005031,2
191779501005032,2
191779501005036,2
191779501005037,2
191779501005038,2
191779501005039,2
191779501005040,2
191779501005041,2
191779501005042,2
191779501005043,2
191779501005044,2
191779501005049,2
191779501005050,2
191779501005051,2
191779501005052,2
191779501005053,2
191779501005054,2
191779501005055,2
191779501005056,2
191779501005057,2
191779501005058,2
191779501005059,2
191779501005060,2
191779501005061,2
191779501005062,2
191779501005063,2
191779501005064,2
191779501005065,2
191779501005066,2
191779501005067,2
191779501005068,2
191779501005069,2
191779501005070,2
191779501005071,2
191779501005072,2
191779501005073,2
191779501005074,2
191779501005075,2
191779501005076,2
191779501005077,2
191779502004008,2
191779502004009,2
191779502004014,2
191779502004074,2
191779502004075,2
191779502004076,2
191779502004079,2
191779502004080,2
191779502004081,2
191779502004083,2
191779502004084,2
191779502004085,2
191779501005046,2
191779501005047,2
191779501005048,2
191779502003128,2
191779502003129,2
191779502003150,2
191779502004000,2
191779502004001,2
191779502004002,2
191779502004003,2
191779502004004,2
191779502004005,2
191779502004006,2
191779502004007,2
191779502004015,2
191779502004016,2
191779502004017,2
191779502004018,2
191779502004019,2
191779502004020,2
191779502004021,2
191779502004022,2
191779502004023,2
191779502004024,2
191779502004025,2
191779502004026,2
191779502004027,2
191779502004028,2
191779502004029,2
191779502004030,2
191779502004031,2
191779502004032,2
191779502004033,2
191779502004034,2
191779502004035,2
191779502004036,2
191779502004037,2
191779502004038,2
191779502004039,2
191779502004040,2
191779502004041,2
191779502004042,2
191779502004043,2
191779502004044,2
191779502004045,2
191779502004046,2
191779502004047,2
191779502004048,2
191779502004049,2
191779502004050,2
191779502004051,2
191779502004052,2
191779502004053,2
191779502004054,2
191779502004055,2
191779502004056,2
191779502004057,2
191779502004058,2
191779502004059,2
191779502004060,2
191779502004061,2
191779502004062,2
191779502004063,2
191779502004064,2
191779502004065,2
191779502004066,2
191779502004067,2
191779502004068,2
191779502004069,2
191779502004070,2
191779502004071,2
191779502004072,2
191779502004073,2
191779502004082,2
191779502004087,2
191779502004088,2
191779502004089,2
191779502004090,2
191779502004091,2
191779502004092,2
191779502004093,2
191779502004094,2
191779502004095,2
191779502004096,2
191779502004097,2
191779502004098,2
191779502004099,2
191779502004100,2
191779502004101,2
191779502004102,2
191779502004103,2
191779502001027,2
191779502001028,2
191779502001029,2
191779502001030,2
191779502001031,2
191779502001040,2
191779502001041,2
191779502001042,2
191779502001043,2
191779502001044,2
191779502001045,2
191779502001046,2
191779502001047,2
191779502001048,2
191779502001049,2
191779502001057,2
191779502001058,2
191779502001059,2
191779502001060,2
191779502001061,2
191779502001062,2
191779502001063,2
191779502001070,2
191779502001071,2
191779502001072,2
191779502001073,2
191779502001074,2
191779502001075,2
191779502001079,2
191779502001080,2
191779502002006,2
191779502002007,2
191779502002008,2
191779502002009,2
191779502002010,2
191779502002011,2
191779502002082,2
191779502001078,2
191779502002094,2
191779502003026,2
191779502003035,2
191779502003036,2
191779502003037,2
191779502003038,2
191779502003040,2
191779502003041,2
191779502003042,2
191779502003043,2
191779502003044,2
191779502003045,2
191779502003046,2
191779502003047,2
191779502003050,2
191779502003051,2
191779502003054,2
191779502003055,2
191779502003059,2
191779502003060,2
191779502003061,2
191779502003062,2
191779502003063,2
191779502003064,2
191779502003065,2
191779502003066,2
191779502003067,2
191779502003068,2
191779502003069,2
191779502003070,2
191779502003071,2
191779502003072,2
191779502003073,2
191779502003074,2
191779502003106,2
191779502003158,2
191779502003159,2
191779502003160,2
191779502003161,2
191779502003163,2
191779502002000,2
191779502002001,2
191779502002002,2
191779502002003,2
191779502002004,2
191779502002005,2
191779502002012,2
191779502002013,2
191779502002014,2
191779502002015,2
191779502002016,2
191779502002017,2
191779502002018,2
191779502002019,2
191779502002020,2
191779502002021,2
191779502002022,2
191779502002072,2
191779502002073,2
191779502002074,2
191779502002079,2
191779502002083,2
191779502002084,2
191779502002085,2
191779502002086,2
191779502002087,2
191779502002088,2
191779502002089,2
191779502002090,2
191779502002091,2
191779502002092,2
191779502002093,2
191779502002095,2
191779502002096,2
191779502003048,2
191779502003049,2
191779502003052,2
191779502003053,2
191779502003056,2
191779502003057,2
191779502003058,2
191779502003078,2
191779502003088,2
191779502003104,2
191779502003162,2
191779502002023,2
191779502002024,2
191779502002025,2
191779502002026,2
191779502002027,2
191779502002028,2
191779502002029,2
191779502002030,2
191779502002031,2
191779502002032,2
191779502002033,2
191779502002034,2
191779502002035,2
191779502002036,2
191779502002037,2
191779502002038,2
191779502002039,2
191779502002040,2
191779502002041,2
191779502002042,2
191779502002043,2
191779502002044,2
191779502002045,2
191779502002046,2
191779502002047,2
191779502002048,2
191779502002049,2
191779502002050,2
191779502002051,2
191779502002052,2
191779502002053,2
191779502002054,2
191779502002055,2
191779502002056,2
191779502002057,2
191779502002058,2
191779502002059,2
191779502002060,2
191779502002061,2
191779502002062,2
191779502002063,2
191779502002064,2
191779502002065,2
191779502002066,2
191779502002067,2
191779502002068,2
191779502002069,2
191779502002070,2
191779502002071,2
191779502002075,2
191779502002076,2
191779502002077,2
191779502002078,2
191779502002080,2
191779502002081,2
191779502003075,2
191779502003076,2
191779502003077,2
191779502003079,2
191779502003080,2
191779502003081,2
191779502003082,2
191779502003083,2
191779502003084,2
191779502003085,2
191779502003086,2
191779502003087,2
191779502003089,2
191779502003090,2
191779502003091,2
191779502003092,2
191779502003093,2
191779502003094,2
191779502003095,2
191779502003096,2
191779502003097,2
191779502003098,2
191779502003099,2
191779502003100,2
191779502003101,2
191779502003102,2
191779502003103,2
191779502003105,2
191779502003107,2
191779502003108,2
191779502003109,2
191779502003110,2
191779502003111,2
191779502003112,2
191779502003113,2
191779502003115,2
191779502003118,2
191779502003119,2
191779502003120,2
191779502003121,2
191779502003122,2
191779502003123,2
191779502003124,2
191779502003125,2
191779502003126,2
191779502003127,2
191779502003130,2
191779502003131,2
191779502003132,2
191779502003133,2
191779502003134,2
191779502003135,2
191779502003136,2
191779502003137,2
191779502003138,2
191779502003139,2
191779502003140,2
191779502003141,2
191779502003142,2
191779502003143,2
191779502003144,2
191779502003145,2
191779502003146,2
191779502003147,2
191779502003148,2
191779502003149,2
191779502003151,2
191779502003152,2
191779502003153,2
191779502003154,2
191779502003155,2
191779502003156,2
191779502003157,2
191779502004086,2
191799601001000,2
191799601001001,2
191799601001002,2
191799601001003,2
191799601001004,2
191799601001005,2
191799601001006,2
191799601001007,2
191799601001008,2
191799601001009,2
191799601001010,2
191799601001011,2
191799601001012,2
191799601001013,2
191799601001014,2
191799601001015,2
191799601001016,2
191799601001017,2
191799601001018,2
191799601001019,2
191799601001020,2
191799601001021,2
191799601001022,2
191799601001023,2
191799601001024,2
191799601001025,2
191799601001026,2
191799601001027,2
191799601001028,2
191799601001029,2
191799601001030,2
191799601001031,2
191799601001032,2
191799601001033,2
191799601001034,2
191799601001035,2
191799601001036,2
191799601001037,2
191799601001038,2
191799601001039,2
191799601001040,2
191799601001041,2
191799601001042,2
191799601001043,2
191799601001044,2
191799601001045,2
191799601001046,2
191799601001047,2
191799601001048,2
191799601001049,2
191799601001050,2
191799601001051,2
191799601001054,2
191799601001055,2
191799601001056,2
191799601001096,2
191799601001097,2
191799601001098,2
191799601001099,2
191799601001100,2
191799601001106,2
191799601001107,2
191799601001108,2
191799601001052,2
191799601001053,2
191799601001057,2
191799601001058,2
191799601001059,2
191799601001060,2
191799601001061,2
191799601001062,2
191799601001063,2
191799601001064,2
191799601001065,2
191799601001066,2
191799601001067,2
191799601001068,2
191799601001069,2
191799601001083,2
191799601001084,2
191799601001092,2
191799601001093,2
191799601001094,2
191799601001095,2
191799601001101,2
191799601001102,2
191799601001103,2
191799601001104,2
191799601001105,2
191799611001000,2
191799611001002,2
191799611001091,2
191799611003000,2
191799611003001,2
191799611003002,2
191799611003003,2
191799611003004,2
191799611003005,2
191799611003006,2
191799611003007,2
191799611003008,2
191799611003009,2
191799611003010,2
191799611003013,2
191799611003014,2
191799611003015,2
191799611003016,2
191799611003017,2
191799611003018,2
191799611003019,2
191799611003020,2
191799611003021,2
191799611003022,2
191799611003036,2
191799611003037,2
191799611003038,2
191799611003041,2
191799611003042,2
191799611003043,2
191799611003065,2
191799601001070,2
191799601001071,2
191799601001072,2
191799601001073,2
191799601001074,2
191799601001075,2
191799601001076,2
191799601001077,2
191799601001078,2
191799601001079,2
191799601001080,2
191799601001081,2
191799601001082,2
191799601001085,2
191799601001086,2
191799601001087,2
191799601001088,2
191799601001089,2
191799601001090,2
191799601001091,2
191799601002090,2
191799601002091,2
191799601002092,2
191799601002093,2
191799601002094,2
191799601002095,2
191799601002125,2
191799603002000,2
191799603002001,2
191799603002003,2
191799604004000,2
191799604004001,2
191799604004002,2
191799611001003,2
191799611001011,2
191799611001012,2
191799611001013,2
191799611001014,2
191799601001109,2
191799611001001,2
191799611001004,2
191799611001005,2
191799611001006,2
191799611001007,2
191799611001008,2
191799611001009,2
191799611001010,2
191799611001019,2
191799611001022,2
191799611001023,2
191799611001024,2
191799611001028,2
191799611001029,2
191799611001030,2
191799611001034,2
191799611001035,2
191799611001036,2
191799611001037,2
191799611001038,2
191799611001039,2
191799611001040,2
191799611001041,2
191799611001042,2
191799611001043,2
191799611001044,2
191799611001045,2
191799611001046,2
191799611001047,2
191799611001048,2
191799611001049,2
191799611001050,2
191799611001051,2
191799611001052,2
191799611001053,2
191799611001054,2
191799611001055,2
191799611001056,2
191799611001057,2
191799611001058,2
191799611001059,2
191799611001060,2
191799611001061,2
191799611001062,2
191799611001063,2
191799611001064,2
191799611001067,2
191799611001068,2
191799611001069,2
191799611001070,2
191799611001071,2
191799611001072,2
191799611001073,2
191799611001074,2
191799611001075,2
191799611001076,2
191799611001077,2
191799611001078,2
191799611001083,2
191799611001084,2
191799611001085,2
191799611001086,2
191799611001087,2
191799611001088,2
191799611001089,2
191799611001090,2
191799611001092,2
191799611001093,2
191799611001094,2
191799611001096,2
191799611001097,2
191799611003011,2
191799611003012,2
191799611003023,2
191799611003024,2
191799611003025,2
191799611003026,2
191799611003027,2
191799611003028,2
191799611003029,2
191799611003030,2
191799611003031,2
191799611003035,2
191799611003058,2
191799611003059,2
191799601002000,2
191799601002001,2
191799601002002,2
191799601002003,2
191799601002004,2
191799601002005,2
191799601002006,2
191799601002007,2
191799601002008,2
191799601002029,2
191799601002030,2
191799601002031,2
191799601002032,2
191799601002033,2
191799601002034,2
191799601002035,2
191799601002036,2
191799601002037,2
191799601002038,2
191799601002039,2
191799601002040,2
191799601002041,2
191799601002042,2
191799601002043,2
191799601002044,2
191799601002045,2
191799601002046,2
191799601002047,2
191799601002048,2
191799601002049,2
191799601002050,2
191799601002051,2
191799601002053,2
191799601002054,2
191799601002055,2
191799601002056,2
191799601002057,2
191799601002058,2
191799601002059,2
191799601002060,2
191799601002061,2
191799601002062,2
191799601002063,2
191799601002064,2
191799601002065,2
191799601002066,2
191799601002067,2
191799601002068,2
191799601002069,2
191799601002070,2
191799601002071,2
191799601002072,2
191799601002073,2
191799601002074,2
191799601002075,2
191799601002076,2
191799601002077,2
191799601002078,2
191799601002081,2
191799601002087,2
191799601002088,2
191799601002089,2
191799601002099,2
191799601002100,2
191799601002101,2
191799601002009,2
191799601002010,2
191799601002011,2
191799601002012,2
191799601002013,2
191799601002014,2
191799601002015,2
191799601002016,2
191799601002017,2
191799601002018,2
191799601002019,2
191799601002020,2
191799601002021,2
191799601002022,2
191799601002023,2
191799601002024,2
191799601002025,2
191799601002026,2
191799601002027,2
191799601002028,2
191799601002052,2
191799601002079,2
191799601002080,2
191799601002082,2
191799601002083,2
191799601002084,2
191799601002085,2
191799601002086,2
191799601002102,2
191799601002103,2
191799601002104,2
191799601002105,2
191799601002106,2
191799601002107,2
191799601002108,2
191799601002109,2
191799601002110,2
191799601002111,2
191799601002112,2
191799601002113,2
191799601002114,2
191799601002118,2
191799601002119,2
191799601002120,2
191799601002121,2
191799601003000,2
191799601003001,2
191799601003002,2
191799601003003,2
191799601003005,2
191799601003006,2
191799601003007,2
191799601003008,2
191799601003009,2
191799601003010,2
191799601003011,2
191799601003012,2
191799601003013,2
191799601003014,2
191799601003015,2
191799601003016,2
191799601003017,2
191799601003018,2
191799601003019,2
191799601003020,2
191799601003021,2
191799601003044,2
191799601003045,2
191799601003046,2
191799601003047,2
191799601003048,2
191799601003049,2
191799601003068,2
191799601003069,2
191799601003070,2
191799601003081,2
191799601003082,2
191799601003086,2
191799601003087,2
191799601003088,2
191799601003092,2
191799601003136,2
191799603003000,2
191799603003001,2
191799603003002,2
191799603003005,2
191799603003010,2
191799601002096,2
191799601002097,2
191799601002098,2
191799601002122,2
191799601002123,2
191799601002124,2
191799603001000,2
191799603001002,2
191799603001004,2
191799603002002,2
191799603002004,2
191799603002005,2
191799603002006,2
191799603002007,2
191799603002008,2
191799603002009,2
191799603002010,2
191799603002011,2
191799603002012,2
191799603002013,2
191799603002014,2
191799603002015,2
191799603002016,2
191799603002017,2
191799603002018,2
191799603002019,2
191799603002020,2
191799603002021,2
191799603002022,2
191799603002023,2
191799603002024,2
191799603002025,2
191799603002026,2
191799603002027,2
191799603002028,2
191799603002029,2
191799603003003,2
191799603003004,2
191799603003006,2
191799603003007,2
191799603003011,2
191799603003012,2
191799603003013,2
191799603003014,2
191799603003015,2
191799603003016,2
191799603003017,2
191799603003018,2
191799603003019,2
191799603003020,2
191799603003021,2
191799603003022,2
191799603003023,2
191799603003024,2
191799603003025,2
191799603003026,2
191799603003027,2
191799603003028,2
191799603003029,2
191799603003030,2
191799603003031,2
191799603003032,2
191799603003033,2
191799604004009,2
191799604004010,2
191799604004011,2
191799604004012,2
191799604004013,2
191799601002115,2
191799601002116,2
191799601002117,2
191799601002126,2
191799601002127,2
191799601003089,2
191799601003090,2
191799601003091,2
191799601003131,2
191799601003132,2
191799601003133,2
191799601003134,2
191799601003135,2
191799602001000,2
191799602001001,2
191799602001005,2
191799602001007,2
191799602001008,2
191799602001009,2
191799602001010,2
191799603001001,2
191799603001003,2
191799603001005,2
191799603001025,2
191799603001032,2
191799603003008,2
191799603003009,2
191799606001018,2
191799606001019,2
191799606001020,2
191799606001021,2
191799606001034,2
191799606001035,2
191799606001036,2
191799606001037,2
191799606001045,2
191799606001046,2
191799606001050,2
191799606001053,2
191799607001000,2
191799607001001,2
191799607001002,2
191799607001023,2
191799607001024,2
191799607001025,2
191799607001029,2
191799607001030,2
191799607001031,2
191799607001032,2
191799607001033,2
191799607001034,2
191799607001035,2
191799607001036,2
191799607001038,2
191799607003000,2
191799607003001,2
191799607003009,2
191799607003013,2
191799607003014,2
191799607003017,2
191799608001005,2
191799608002031,2
191799608002035,2
191799610003056,2
191799601003004,2
191799601003022,2
191799601003023,2
191799601003024,2
191799601003025,2
191799601003026,2
191799601003027,2
191799601003028,2
191799601003029,2
191799601003031,2
191799601003032,2
191799601003033,2
191799601003034,2
191799601003035,2
191799601003036,2
191799601003037,2
191799601003040,2
191799601003041,2
191799601003042,2
191799601003043,2
191799601003050,2
191799601003051,2
191799601003053,2
191799601003054,2
191799601003055,2
191799601003056,2
191799601003057,2
191799601003058,2
191799601003059,2
191799601003060,2
191799601003061,2
191799601003117,2
191799601003118,2
191799601003119,2
191799601003120,2
191799601003121,2
191799601003122,2
191799601003123,2
191799601003124,2
191799601003128,2
191799601003138,2
191799601003139,2
191799601003141,2
191799601004000,2
191799601004001,2
191799601004058,2
191799601004060,2
191799601004061,2
191799601004089,2
191799601004090,2
191799601003030,2
191799601004002,2
191799601004003,2
191799601004004,2
191799601004005,2
191799601004006,2
191799601004007,2
191799601004008,2
191799601004009,2
191799601004010,2
191799601004011,2
191799601004012,2
191799601004013,2
191799601004014,2
191799601004015,2
191799601004016,2
191799601004017,2
191799601004018,2
191799601004019,2
191799601004020,2
191799601004021,2
191799601004022,2
191799601004023,2
191799601004024,2
191799601004025,2
191799601004026,2
191799601004027,2
191799601004028,2
191799601004029,2
191799601004030,2
191799601004031,2
191799601004032,2
191799601004033,2
191799601004034,2
191799601004035,2
191799601004036,2
191799601004037,2
191799601004038,2
191799601004039,2
191799601004040,2
191799601004041,2
191799601004042,2
191799601004043,2
191799601004044,2
191799601004045,2
191799601004046,2
191799601004047,2
191799601004048,2
191799601004049,2
191799601004050,2
191799601004051,2
191799601004052,2
191799601004053,2
191799601004054,2
191799601004055,2
191799601004056,2
191799601004057,2
191799601004059,2
191799601004062,2
191799601004063,2
191799601004064,2
191799601004065,2
191799601004066,2
191799601004067,2
191799601004068,2
191799601004069,2
191799601004070,2
191799601004071,2
191799601004072,2
191799601004073,2
191799601004074,2
191799601004075,2
191799601004076,2
191799601004077,2
191799601004078,2
191799601004079,2
191799601004080,2
191799601004081,2
191799601004082,2
191799601004083,2
191799601004084,2
191799601004085,2
191799601004086,2
191799601004087,2
191799601004088,2
191799601004091,2
191799601003038,2
191799601003039,2
191799601003052,2
191799601003062,2
191799601003063,2
191799601003064,2
191799601003065,2
191799601003071,2
191799601003072,2
191799601003073,2
191799601003074,2
191799601003075,2
191799601003093,2
191799601003094,2
191799601003095,2
191799601003096,2
191799601003097,2
191799601003098,2
191799601003102,2
191799601003103,2
191799601003104,2
191799601003106,2
191799601003107,2
191799601003108,2
191799601003109,2
191799601003110,2
191799601003111,2
191799601003112,2
191799601003113,2
191799601003116,2
191799601003125,2
191799601003126,2
191799601003142,2
191799601003066,2
191799601003067,2
191799601003076,2
191799601003077,2
191799601003078,2
191799601003079,2
191799601003080,2
191799601003083,2
191799601003084,2
191799601003085,2
191799601003099,2
191799601003100,2
191799601003101,2
191799601003105,2
191799601003114,2
191799601003115,2
191799601003127,2
191799601003129,2
191799601003130,2
191799601003137,2
191799601003140,2
191799607001003,2
191799607001004,2
191799607001005,2
191799607001006,2
191799607001007,2
191799607001008,2
191799607001009,2
191799607001010,2
191799607001011,2
191799607001012,2
191799607001013,2
191799607001014,2
191799607001015,2
191799607001016,2
191799607001017,2
191799607001018,2
191799607001019,2
191799607001020,2
191799607001021,2
191799607001022,2
191799607001026,2
191799607001027,2
191799607001028,2
191799607001037,2
191799607002000,2
191799607002001,2
191799607002002,2
191799607002003,2
191799607002004,2
191799607002005,2
191799607002006,2
191799607002007,2
191799607002008,2
191799607002009,2
191799607003015,2
191799602001002,2
191799602001003,2
191799602001004,2
191799602001006,2
191799602001011,2
191799602001012,2
191799602001013,2
191799602001014,2
191799602001015,2
191799602001016,2
191799602001017,2
191799602001018,2
191799602001019,2
191799602001020,2
191799602001021,2
191799602001022,2
191799602001023,2
191799602001024,2
191799602001025,2
191799602001026,2
191799602001027,2
191799602001028,2
191799602001029,2
191799602001030,2
191799602001031,2
191799602001032,2
191799602001033,2
191799602001034,2
191799602001035,2
191799602001036,2
191799602001037,2
191799602001038,2
191799602001039,2
191799602001040,2
191799602001041,2
191799602001042,2
191799602001043,2
191799602001044,2
191799602001045,2
191799602001046,2
191799602001047,2
191799602001048,2
191799602001049,2
191799602001050,2
191799602001051,2
191799602002000,2
191799602002001,2
191799602002002,2
191799602002003,2
191799602002004,2
191799602002005,2
191799602002006,2
191799602002007,2
191799602002008,2
191799602002009,2
191799602002010,2
191799602002011,2
191799602002012,2
191799602002013,2
191799602002014,2
191799602002015,2
191799602002016,2
191799602002017,2
191799602002018,2
191799602002019,2
191799602002020,2
191799602002021,2
191799602002022,2
191799602002023,2
191799602002024,2
191799602002025,2
191799602002026,2
191799602002027,2
191799602002028,2
191799602002029,2
191799602002030,2
191799602002031,2
191799602002032,2
191799602002033,2
191799602002034,2
191799602002035,2
191799602002036,2
191799602002037,2
191799602002038,2
191799602002039,2
191799602002040,2
191799602002041,2
191799602002042,2
191799602002043,2
191799602002044,2
191799602002045,2
191799602002046,2
191799602002047,2
191799602002048,2
191799602002049,2
191799602002050,2
191799602002051,2
191799602002052,2
191799602002053,2
191799602002054,2
191799602002055,2
191799602002056,2
191799602002057,2
191799602002058,2
191799602002059,2
191799602002060,2
191799602002061,2
191799602002062,2
191799602002063,2
191799602002064,2
191799602002065,2
191799602002066,2
191799602002067,2
191799602002068,2
191799602002069,2
191799602002070,2
191799602002071,2
191799602002072,2
191799602002073,2
191799602002074,2
191799602002075,2
191799602003003,2
191799602003004,2
191799602003005,2
191799602003006,2
191799602003017,2
191799602003018,2
191799602003019,2
191799603001026,2
191799603001027,2
191799603001028,2
191799603001029,2
191799603001030,2
191799603001031,2
191799603001034,2
191799603001035,2
191799603001036,2
191799606001000,2
191799606001001,2
191799606001002,2
191799606001003,2
191799606001004,2
191799606001005,2
191799606001006,2
191799606001008,2
191799606001009,2
191799606001010,2
191799606001011,2
191799606001012,2
191799606001027,2
191799606001028,2
191799606001029,2
191799606001038,2
191799606001039,2
191799606001040,2
191799606001041,2
191799606001042,2
191799602003000,2
191799602003001,2
191799602003002,2
191799602003008,2
191799602003009,2
191799602003010,2
191799602003011,2
191799603001006,2
191799603001007,2
191799603001008,2
191799603001009,2
191799603001010,2
191799603001011,2
191799603001012,2
191799603001013,2
191799603001014,2
191799603001015,2
191799603001016,2
191799603001017,2
191799603001018,2
191799603001019,2
191799603001020,2
191799603001021,2
191799603001022,2
191799603001023,2
191799603001024,2
191799603001033,2
191799604001000,2
191799604001001,2
191799604001002,2
191799604001003,2
191799604001004,2
191799604001005,2
191799604001006,2
191799604001007,2
191799604001008,2
191799604001009,2
191799604001010,2
191799604001011,2
191799604004003,2
191799604004004,2
191799604004005,2
191799604004006,2
191799604004007,2
191799604004008,2
191799604004014,2
191799604004015,2
191799604004016,2
191799604004017,2
191799604004018,2
191799604004019,2
191799604004020,2
191799604004021,2
191799604004022,2
191799604004023,2
191799602003007,2
191799602003012,2
191799602003013,2
191799602003014,2
191799602003015,2
191799602003016,2
191799604001012,2
191799604001013,2
191799604001014,2
191799604001015,2
191799604001016,2
191799604001017,2
191799604001018,2
191799604001019,2
191799604001020,2
191799604001021,2
191799604003016,2
191799604003019,2
191799604003020,2
191799604003021,2
191799604003022,2
191799604003023,2
191799604003024,2
191799604003025,2
191799604003026,2
191799604003027,2
191799605001000,2
191799605001001,2
191799605001002,2
191799605001003,2
191799605001004,2
191799605001005,2
191799605001006,2
191799605001007,2
191799605001008,2
191799605001009,2
191799605001010,2
191799605001011,2
191799605001012,2
191799605001013,2
191799605001014,2
191799605001015,2
191799605001016,2
191799605001017,2
191799605001018,2
191799605001019,2
191799605001020,2
191799605001021,2
191799605001022,2
191799605001023,2
191799605001024,2
191799605001025,2
191799605001026,2
191799605001027,2
191799605001028,2
191799605001029,2
191799605001030,2
191799605001031,2
191799605001032,2
191799605001033,2
191799605001034,2
191799605001035,2
191799605001036,2
191799605001037,2
191799605001038,2
191799605001039,2
191799605001040,2
191799605001041,2
191799605001042,2
191799605001043,2
191799605001044,2
191799605001045,2
191799605001046,2
191799605001047,2
191799605001048,2
191799605001049,2
191799605001050,2
191799605001051,2
191799605001052,2
191799605001053,2
191799605001054,2
191799605001055,2
191799605001056,2
191799605001057,2
191799605001058,2
191799605001059,2
191799605001060,2
191799605001061,2
191799605001062,2
191799605001063,2
191799605001064,2
191799605001065,2
191799605001066,2
191799605001067,2
191799605001068,2
191799605001069,2
191799605001070,2
191799605001072,2
191799605001073,2
191799605001076,2
191799605001080,2
191799605001081,2
191799605001082,2
191799605001083,2
191799605001095,2
191799605002000,2
191799605002001,2
191799605002002,2
191799605002003,2
191799605002004,2
191799605002005,2
191799605002006,2
191799605002007,2
191799605002008,2
191799605002009,2
191799605002010,2
191799605002011,2
191799605002012,2
191799605002013,2
191799605002014,2
191799605002015,2
191799605002016,2
191799605002017,2
191799605002018,2
191799605002019,2
191799605002020,2
191799606001007,2
191799606001023,2
191799606001024,2
191799606001025,2
191799606001026,2
191799606001030,2
191799606001031,2
191799604002000,2
191799604002001,2
191799604002002,2
191799604002003,2
191799604002004,2
191799604002005,2
191799604002006,2
191799604002007,2
191799604002008,2
191799604002009,2
191799604002010,2
191799604002011,2
191799604002012,2
191799604002013,2
191799604002014,2
191799604002015,2
191799604002016,2
191799604002017,2
191799604002018,2
191799604002019,2
191799604002020,2
191799604002021,2
191799604002022,2
191799604002023,2
191799604002024,2
191799604002025,2
191799604002026,2
191799604002027,2
191799604002028,2
191799604002029,2
191799604002030,2
191799604002031,2
191799604002032,2
191799604002033,2
191799604002034,2
191799604002035,2
191799604002036,2
191799604002037,2
191799604002038,2
191799604002039,2
191799604002040,2
191799604002041,2
191799604002042,2
191799604002043,2
191799604002044,2
191799604002045,2
191799604003000,2
191799604003001,2
191799604003002,2
191799604003003,2
191799604003004,2
191799604003005,2
191799604003006,2
191799604003007,2
191799604003008,2
191799604003009,2
191799604003010,2
191799604003011,2
191799604003012,2
191799604003013,2
191799604003014,2
191799604003015,2
191799604003017,2
191799604003018,2
191799604003028,2
191799604003029,2
191799604003030,2
191799604003031,2
191799604003032,2
191799604003033,2
191799604003034,2
191799604003035,2
191799604003036,2
191799604003037,2
191799604003038,2
191799604003039,2
191799604003040,2
191799604003041,2
191799604003042,2
191799604003043,2
191799604003044,2
191799604003045,2
191799604003046,2
191799604003047,2
191799604003048,2
191799604003049,2
191799604003050,2
191799604003051,2
191799604004024,2
191799605001071,2
191799605001074,2
191799605001075,2
191799605001077,2
191799605001078,2
191799605001079,2
191799605001093,2
191799605003000,2
191799605003001,2
191799605003002,2
191799605003003,2
191799605003004,2
191799605003005,2
191799605003006,2
191799605003007,2
191799605003008,2
191799605003009,2
191799605003010,2
191799605003011,2
191799605003012,2
191799605003013,2
191799605003014,2
191799605003015,2
191799605003016,2
191799605003017,2
191799605003018,2
191799605003019,2
191799605003020,2
191799605003021,2
191799605003022,2
191799605003023,2
191799605003024,2
191799605003025,2
191799605003026,2
191799605003027,2
191799605003028,2
191799605003029,2
191799605003030,2
191799605003031,2
191799605003032,2
191799605003033,2
191799605003034,2
191799605003035,2
191799605003036,2
191799605003037,2
191799605003038,2
191799605003039,2
191799605003040,2
191799605003041,2
191799605003042,2
191799605003043,2
191799605003044,2
191799605003045,2
191799605003046,2
191799605003047,2
191799605003048,2
191799605003049,2
191799605003050,2
191799605003051,2
191799605003052,2
191799605003053,2
191799605003054,2
191799605003055,2
191799605003056,2
191799605003057,2
191799605003058,2
191799605003059,2
191799605003060,2
191799605003061,2
191799605003062,2
191799605003063,2
191799605003064,2
191799605003065,2
191799605003066,2
191799605003067,2
191799605003068,2
191799605003069,2
191799605003070,2
191799605003071,2
191799605003072,2
191799610003000,2
191799610003001,2
191799610003002,2
191799610003003,2
191799610003029,2
191799610003030,2
191799610003031,2
191799610003054,2
191799611001015,2
191799611001016,2
191799611001017,2
191799611001018,2
191799611001020,2
191799611001021,2
191799611001025,2
191799611001026,2
191799611001027,2
191799611001031,2
191799611001032,2
191799611001033,2
191799611001065,2
191799611001066,2
191799611001079,2
191799611001080,2
191799611001081,2
191799611001082,2
191799611001095,2
191799605001084,2
191799605001085,2
191799605001086,2
191799605001087,2
191799605001088,2
191799605001089,2
191799605001090,2
191799605001091,2
191799605001092,2
191799605001094,2
191799606001013,2
191799606001043,2
191799606003010,2
191799606003011,2
191799606003012,2
191799606003013,2
191799606003014,2
191799606003015,2
191799608003000,2
191799608003001,2
191799608003006,2
191799609001000,2
191799609001001,2
191799609001002,2
191799609001003,2
191799609001004,2
191799609001005,2
191799609001006,2
191799609001007,2
191799609001008,2
191799609001009,2
191799609001010,2
191799609001011,2
191799609001012,2
191799609001013,2
191799609001014,2
191799609001015,2
191799609001016,2
191799609001017,2
191799609001018,2
191799609001019,2
191799609001020,2
191799609001021,2
191799609001022,2
191799609001023,2
191799609001024,2
191799609001025,2
191799609001026,2
191799609001027,2
191799609001028,2
191799609001029,2
191799609001030,2
191799609001031,2
191799609001032,2
191799609001033,2
191799609001034,2
191799609001035,2
191799609001036,2
191799609001037,2
191799609001038,2
191799609001039,2
191799609001040,2
191799609001041,2
191799609001042,2
191799609001043,2
191799609001044,2
191799609001045,2
191799609001046,2
191799609001047,2
191799609001048,2
191799609001049,2
191799609001050,2
191799609001051,2
191799609001052,2
191799609001053,2
191799609001054,2
191799609001055,2
191799609002000,2
191799609002001,2
191799609002002,2
191799609002003,2
191799609002004,2
191799609002005,2
191799609002007,2
191799609002008,2
191799609002009,2
191799609002010,2
191799609002011,2
191799609002017,2
191799609002018,2
191799609002019,2
191799609002020,2
191799609002021,2
191799609002022,2
191799609002023,2
191799609002024,2
191799609002025,2
191799609002026,2
191799609002027,2
191799609002028,2
191799609002031,2
191799609002032,2
191799609002033,2
191799609002034,2
191799609002038,2
191799609002039,2
191799609002044,2
191799609003000,2
191799609003001,2
191799609003002,2
191799609003003,2
191799609003004,2
191799609003007,2
191799609003008,2
191799609003009,2
191799609003010,2
191799609003011,2
191799609003012,2
191799609003015,2
191799609003016,2
191799609003017,2
191799610003004,2
191799610003005,2
191799610003006,2
191799610003007,2
191799610003008,2
191799610003009,2
191799610003020,2
191799610003021,2
191799610003022,2
191799610003023,2
191799610003024,2
191799610003025,2
191799606001014,2
191799606001015,2
191799606001016,2
191799606001017,2
191799606001022,2
191799606001032,2
191799606001033,2
191799606001044,2
191799606001047,2
191799606001048,2
191799606001049,2
191799606001051,2
191799606001052,2
191799606002000,2
191799606002001,2
191799606002002,2
191799606002003,2
191799606002004,2
191799606002005,2
191799606002006,2
191799606002008,2
191799606002009,2
191799606002010,2
191799606002011,2
191799606002012,2
191799606002013,2
191799606002014,2
191799606002015,2
191799606002016,2
191799606002017,2
191799606002018,2
191799606002019,2
191799606002020,2
191799606003000,2
191799606003001,2
191799606003002,2
191799606003003,2
191799606003004,2
191799606003005,2
191799606003006,2
191799606003007,2
191799606003008,2
191799606003009,2
191799606003016,2
191799606003017,2
191799606003018,2
191799606003019,2
191799606003020,2
191799606003021,2
191799606003022,2
191799606003023,2
191799606003024,2
191799606003025,2
191799606003026,2
191799606003027,2
191799606003028,2
191799606003029,2
191799606003030,2
191799606003031,2
191799606003032,2
191799606003033,2
191799606003034,2
191799606003035,2
191799606003036,2
191799606003037,2
191799606003038,2
191799606003039,2
191799606003040,2
191799606003041,2
191799606003042,2
191799606003043,2
191799606003044,2
191799608001000,2
191799609002006,2
191799609002012,2
191799609002013,2
191799609002014,2
191799609002015,2
191799606002007,2
191799606002021,2
191799606002022,2
191799606002023,2
191799608001001,2
191799608001002,2
191799608001003,2
191799608001004,2
191799608001006,2
191799608001007,2
191799608001008,2
191799608001009,2
191799608003002,2
191799608003003,2
191799608003004,2
191799608003005,2
191799608003007,2
191799608003008,2
191799608003014,2
191799608004000,2
191799608004001,2
191799608004002,2
191799608004003,2
191799608004004,2
191799608004005,2
191799608004006,2
191799609002016,2
191799609002029,2
191799609002030,2
191799607002010,2
191799607002011,2
191799607002012,2
191799607002013,2
191799607002014,2
191799607002015,2
191799607002016,2
191799607002017,2
191799607002046,2
191799607002047,2
191799607002048,2
191799607002049,2
191799607002052,2
191799607002053,2
191799607002054,2
191799607002055,2
191799607002056,2
191799607002057,2
191799607002058,2
191799607002059,2
191799607002060,2
191799607002061,2
191799607002062,2
191799607002063,2
191799607002064,2
191799607002065,2
191799607002066,2
191799607002067,2
191799607002068,2
191799607002069,2
191799607002070,2
191799607002071,2
191799607002072,2
191799607003016,2
191799607003019,2
191799607003020,2
191799607003026,2
191799607003027,2
191799607003031,2
191799607003059,2
191799607002018,2
191799607002019,2
191799607002020,2
191799607002021,2
191799607002022,2
191799607002023,2
191799607002024,2
191799607002025,2
191799607002026,2
191799607002027,2
191799607002028,2
191799607002029,2
191799607002030,2
191799607002031,2
191799607002032,2
191799607002033,2
191799607002034,2
191799607002035,2
191799607002036,2
191799607002037,2
191799607002038,2
191799607002039,2
191799607002040,2
191799607002041,2
191799607002042,2
191799607002043,2
191799607002044,2
191799607002045,2
191799607002050,2
191799607002051,2
191799607002075,2
191799607002073,2
191799607002074,2
191799607003002,2
191799607003003,2
191799607003006,2
191799607003007,2
191799607003008,2
191799607003010,2
191799607003011,2
191799607003012,2
191799607003018,2
191799607003021,2
191799607003022,2
191799607003023,2
191799607003024,2
191799607003025,2
191799607003028,2
191799607003029,2
191799607003030,2
191799607003032,2
191799607003033,2
191799607003034,2
191799607003035,2
191799607003036,2
191799607003037,2
191799607003038,2
191799607003039,2
191799607003040,2
191799607003043,2
191799607003046,2
191799607003047,2
191799607003048,2
191799607003049,2
191799607003050,2
191799607003051,2
191799607003052,2
191799607003053,2
191799607003054,2
191799607003055,2
191799607003056,2
191799607003057,2
191799607003058,2
191799607003060,2
191799607003061,2
191799607003062,2
191799607004048,2
191799607004055,2
191799608002034,2
191799607003004,2
191799607003005,2
191799607003041,2
191799607003042,2
191799607003044,2
191799607003045,2
191799607004000,2
191799607004001,2
191799607004002,2
191799607004003,2
191799607004004,2
191799607004005,2
191799607004006,2
191799607004007,2
191799607004008,2
191799607004009,2
191799607004010,2
191799607004011,2
191799607004012,2
191799607004013,2
191799607004014,2
191799607004015,2
191799607004016,2
191799607004017,2
191799607004018,2
191799607004019,2
191799607004020,2
191799607004021,2
191799607004022,2
191799607004026,2
191799607004027,2
191799607004028,2
191799607004029,2
191799607004030,2
191799607004031,2
191799607004032,2
191799607004033,2
191799607004034,2
191799607004035,2
191799607004044,2
191799607004045,2
191799607004046,2
191799607004047,2
191799607004049,2
191799607004050,2
191799607004051,2
191799607004052,2
191799607004053,2
191799610003026,2
191799610003027,2
191799610003028,2
191799610003055,2
191799610003066,2
191799610003067,2
191799610003068,2
191799610003070,2
191799610003071,2
191799607004023,2
191799607004024,2
191799607004025,2
191799607004036,2
191799607004037,2
191799607004038,2
191799607004039,2
191799607004040,2
191799607004041,2
191799607004042,2
191799607004043,2
191799607004054,2
191799607004056,2
191799611002000,2
191799611002001,2
191799611002002,2
191799611002003,2
191799611002004,2
191799611002005,2
191799611002006,2
191799611002007,2
191799611002008,2
191799611002009,2
191799611002010,2
191799611002011,2
191799611002012,2
191799611002013,2
191799611002014,2
191799611002015,2
191799611002016,2
191799611002017,2
191799611002018,2
191799611002019,2
191799611002020,2
191799611002021,2
191799611002022,2
191799611002023,2
191799611002024,2
191799611002025,2
191799611002026,2
191799611002027,2
191799611002028,2
191799611002029,2
191799611002030,2
191799611002031,2
191799611002032,2
191799611002033,2
191799611002034,2
191799611002035,2
191799611002036,2
191799611002037,2
191799611002038,2
191799611002039,2
191799611002040,2
191799611002041,2
191799611002042,2
191799611002043,2
191799611002044,2
191799611002045,2
191799611002046,2
191799611002047,2
191799611002048,2
191799611002049,2
191799611002050,2
191799611002051,2
191799611002052,2
191799611002053,2
191799611002054,2
191799611002055,2
191799611002056,2
191799611002057,2
191799611002058,2
191799611002059,2
191799611002060,2
191799611002061,2
191799611002062,2
191799611002063,2
191799611002064,2
191799611002065,2
191799611002066,2
191799611002067,2
191799611002068,2
191799611002069,2
191799611002070,2
191799611002071,2
191799611002072,2
191799611002073,2
191799611002074,2
191799611002075,2
191799611002076,2
191799611002077,2
191799611002078,2
191799611002079,2
191799611002080,2
191799611002081,2
191799611002082,2
191799611002083,2
191799611002084,2
191799611002085,2
191799611002086,2
191799611002087,2
191799611003032,2
191799611003033,2
191799611003034,2
191799611003039,2
191799611003040,2
191799611003044,2
191799611003045,2
191799611003046,2
191799611003047,2
191799611003048,2
191799611003049,2
191799611003050,2
191799611003051,2
191799611003052,2
191799611003053,2
191799611003054,2
191799611003055,2
191799611003056,2
191799611003057,2
191799611003060,2
191799611003061,2
191799611003062,2
191799611003063,2
191799611003064,2
191799611003066,2
191799611003067,2
191799611003068,2
191799611003069,2
191799611003070,2
191799608002000,2
191799608002001,2
191799608002002,2
191799608002003,2
191799608002004,2
191799608002005,2
191799608002006,2
191799608002007,2
191799608002008,2
191799608002009,2
191799608002010,2
191799608002011,2
191799608002012,2
191799608002013,2
191799608002014,2
191799608002015,2
191799608002016,2
191799608002017,2
191799608002018,2
191799608002019,2
191799608002020,2
191799608002021,2
191799608002022,2
191799608002023,2
191799608002024,2
191799608002025,2
191799608002026,2
191799608002027,2
191799608002028,2
191799608002029,2
191799608002030,2
191799608002032,2
191799608002033,2
191799608003009,2
191799608003010,2
191799608003011,2
191799608003012,2
191799608003013,2
191799608003015,2
191799608003016,2
191799608003017,2
191799608003018,2
191799608003019,2
191799608003020,2
191799608003021,2
191799608003022,2
191799608003023,2
191799608003024,2
191799608003025,2
191799608003026,2
191799608003027,2
191799609002035,2
191799609002036,2
191799609002037,2
191799609002040,2
191799609002041,2
191799609002042,2
191799609002043,2
191799610002007,2
191799610002008,2
191799610002009,2
191799610002010,2
191799610002014,2
191799610002015,2
191799610002016,2
191799610002017,2
191799610002023,2
191799610002024,2
191799610002025,2
191799610002026,2
191799610002027,2
191799610002028,2
191799610002031,2
191799610002032,2
191799610002033,2
191799610002034,2
191799610003036,2
191799610003037,2
191799610003038,2
191799610003039,2
191799610003040,2
191799610003041,2
191799610003042,2
191799610003043,2
191799610003044,2
191799610003045,2
191799610003046,2
191799610003047,2
191799610003048,2
191799610003049,2
191799610003050,2
191799610003051,2
191799610003076,2
191799610003077,2
191799610003078,2
191799610003079,2
191799610003080,2
191799610003081,2
191799610003082,2
191799610003083,2
191799610003084,2
191799610003085,2
191799610003086,2
191799610003087,2
191799610003088,2
191799610003089,2
191799609003005,2
191799609003006,2
191799609003013,2
191799609003014,2
191799609003018,2
191799609003019,2
191799609003020,2
191799609003021,2
191799609003022,2
191799609003023,2
191799609003024,2
191799609003025,2
191799609003026,2
191799609003027,2
191799609003028,2
191799609003029,2
191799609003030,2
191799609003031,2
191799609003032,2
191799609003033,2
191799610001000,2
191799610001001,2
191799610001002,2
191799610001003,2
191799610001004,2
191799610001005,2
191799610001006,2
191799610001007,2
191799610001008,2
191799610001009,2
191799610001010,2
191799610001011,2
191799610001012,2
191799610001013,2
191799610001014,2
191799610001015,2
191799610001016,2
191799610001017,2
191799610001018,2
191799610001019,2
191799610001020,2
191799610001021,2
191799610001022,2
191799610001023,2
191799610001024,2
191799610001025,2
191799610001026,2
191799610001027,2
191799610001028,2
191799610001029,2
191799610001030,2
191799610001031,2
191799610001032,2
191799610001033,2
191799610001034,2
191799610001035,2
191799610001036,2
191799610001037,2
191799610001038,2
191799610001039,2
191799610001040,2
191799610001041,2
191799610001042,2
191799610001043,2
191799610001044,2
191799610001045,2
191799610001046,2
191799610001047,2
191799610001048,2
191799610001049,2
191799610001050,2
191799610001051,2
191799610001052,2
191799610001053,2
191799610001054,2
191799610001055,2
191799610001056,2
191799610001057,2
191799610001058,2
191799610001059,2
191799610001060,2
191799610002000,2
191799610002001,2
191799610002002,2
191799610002003,2
191799610002004,2
191799610002005,2
191799610002006,2
191799610002011,2
191799610002012,2
191799610002013,2
191799610002018,2
191799610002019,2
191799610002020,2
191799610002021,2
191799610002022,2
191799610002029,2
191799610002030,2
191799610003010,2
191799610003011,2
191799610003012,2
191799610003013,2
191799610003014,2
191799610003015,2
191799610003016,2
191799610003017,2
191799610003018,2
191799610003019,2
191799610003032,2
191799610003033,2
191799610003034,2
191799610003035,2
191799610003052,2
191799610003053,2
191799610003057,2
191799610003058,2
191799610003059,2
191799610003060,2
191799610003061,2
191799610003062,2
191799610003063,2
191799610003064,2
191799610003065,2
191799610003069,2
191799610003072,2
191799610003073,2
191799610003074,2
191799610003075,2
191810201011000,3
191810201011001,3
191810201011002,3
191810201011003,3
191810201011004,3
191810201011005,3
191810201011006,3
191810201011007,3
191810201011008,3
191810201011009,3
191810201011010,3
191810201011011,3
191810201011012,3
191810201011013,3
191810201011014,3
191810201011015,3
191810201011016,3
191810201011017,3
191810201011018,3
191810201011019,3
191810201011020,3
191810201011021,3
191810201011022,3
191810201011023,3
191810201011024,3
191810201011025,3
191810201011026,3
191810201011027,3
191810201011028,3
191810201011029,3
191810201011030,3
191810201011031,3
191810201011032,3
191810201011033,3
191810201011034,3
191810201011035,3
191810201011036,3
191810201011037,3
191810201011038,3
191810201011039,3
191810201011040,3
191810201011041,3
191810201011042,3
191810201011043,3
191810201011044,3
191810201011045,3
191810201011046,3
191810201011047,3
191810201011048,3
191810201011049,3
191810201011050,3
191810201011051,3
191810201011052,3
191810201011054,3
191810201011055,3
191810201011056,3
191810201011057,3
191810201011058,3
191810201011059,3
191810201011060,3
191810201011061,3
191810201011062,3
191810201011063,3
191810201011064,3
191810201011065,3
191810201011066,3
191810202011000,3
191810202011001,3
191810202011017,3
191810202011018,3
191810202011019,3
191810202011033,3
191810203001000,3
191810203001001,3
191810203001016,3
191810203001017,3
191810203001018,3
191810203001021,3
191810203001023,3
191810203001090,3
191810203001091,3
191810204002047,3
191810204002048,3
191810204002049,3
191810204002051,3
191810204002070,3
191810201011053,3
191810201011067,3
191810202011055,3
191810202012001,3
191810202012026,3
191810202012030,3
191810203001002,3
191810203001003,3
191810203001004,3
191810203001005,3
191810203001006,3
191810203001007,3
191810203001008,3
191810203001009,3
191810203001010,3
191810203001011,3
191810203001012,3
191810203001013,3
191810203001014,3
191810203001015,3
191810203001019,3
191810203001020,3
191810203001022,3
191810203001025,3
191810203001026,3
191810203001027,3
191810203001028,3
191810203001029,3
191810203001030,3
191810203001031,3
191810203001032,3
191810203001033,3
191810203001034,3
191810203001035,3
191810203001036,3
191810203001037,3
191810203001038,3
191810203001039,3
191810203001040,3
191810203001041,3
191810203001042,3
191810203001043,3
191810203001044,3
191810203001045,3
191810203001046,3
191810203001047,3
191810203001048,3
191810203001049,3
191810203001050,3
191810203001053,3
191810203001054,3
191810203001055,3
191810203001056,3
191810203001057,3
191810203001058,3
191810203001059,3
191810203001060,3
191810203001061,3
191810203001062,3
191810203001063,3
191810203001064,3
191810203001065,3
191810203001066,3
191810203001067,3
191810203001068,3
191810203001069,3
191810203001070,3
191810203001071,3
191810203001072,3
191810203001073,3
191810203001074,3
191810203001075,3
191810203001076,3
191810203001077,3
191810203001078,3
191810203001079,3
191810203001081,3
191810203001082,3
191810203001083,3
191810203001084,3
191810203001085,3
191810203001086,3
191810203001087,3
191810203001088,3
191810203001089,3
191810203001092,3
191810203001093,3
191810203001094,3
191810203001095,3
191810203002063,3
191810203002064,3
191810202011002,3
191810202011003,3
191810202011004,3
191810202011005,3
191810202011006,3
191810202011007,3
191810202011008,3
191810202011009,3
191810202011010,3
191810202011011,3
191810202011012,3
191810202011013,3
191810202011014,3
191810202011015,3
191810202011016,3
191810202011020,3
191810202011021,3
191810202011022,3
191810202011023,3
191810202011024,3
191810202011025,3
191810202011026,3
191810202011027,3
191810202011028,3
191810202011029,3
191810202011030,3
191810202011031,3
191810202011032,3
191810202011034,3
191810202011035,3
191810202011036,3
191810202011037,3
191810202011038,3
191810202011039,3
191810202011040,3
191810202011041,3
191810202011042,3
191810202011043,3
191810202011044,3
191810202011045,3
191810202011046,3
191810202011047,3
191810202011048,3
191810202011049,3
191810202011050,3
191810202011051,3
191810202011052,3
191810202011053,3
191810202011054,3
191810202011056,3
191810202011057,3
191810202012000,3
191810202012002,3
191810202012003,3
191810202012004,3
191810202012005,3
191810202012006,3
191810202012007,3
191810202012008,3
191810202012009,3
191810202012010,3
191810202012011,3
191810202012012,3
191810202012013,3
191810202012014,3
191810202012015,3
191810202012016,3
191810202012017,3
191810202012018,3
191810202012019,3
191810202012020,3
191810202012021,3
191810202012022,3
191810202012024,3
191810202012025,3
191810202012027,3
191810202012028,3
191810202021000,3
191810202021001,3
191810202021002,3
191810202021003,3
191810202021004,3
191810202021005,3
191810202021006,3
191810202021007,3
191810202021008,3
191810202021009,3
191810202021010,3
191810202021011,3
191810202021012,3
191810202021013,3
191810202021014,3
191810202021015,3
191810202021016,3
191810202021017,3
191810202021018,3
191810202021019,3
191810202021020,3
191810202021021,3
191810202022000,3
191810202022001,3
191810202022002,3
191810202022003,3
191810202022004,3
191810202022005,3
191810202022006,3
191810202022007,3
191810202022008,3
191810202022009,3
191810202022010,3
191810202022011,3
191810202022013,3
191810202022014,3
191810202022015,3
191810202022016,3
191810202022017,3
191810202022020,3
191810202022021,3
191810202022022,3
191810202022023,3
191810202022024,3
191810202022025,3
191810202022026,3
191810202022027,3
191810202022028,3
191810202022029,3
191810202022030,3
191810202023000,3
191810202023001,3
191810202023002,3
191810202023003,3
191810202023004,3
191810202023005,3
191810202023007,3
191810202023008,3
191810202023009,3
191810202023010,3
191810202024000,3
191810202024001,3
191810202024002,3
191810202024003,3
191810202024004,3
191810202024005,3
191810202024006,3
191810202024007,3
191810202024008,3
191810202024009,3
191810202024010,3
191810202024011,3
191810202024012,3
191810202024013,3
191810202024014,3
191810202024015,3
191810202024016,3
191810202024017,3
191810202024018,3
191810202024019,3
191810202024020,3
191810202024021,3
191810202024022,3
191810202024023,3
191810202024024,3
191810202024025,3
191810202024026,3
191810203001024,3
191810203001080,3
191810202012023,3
191810202012029,3
191810202022012,3
191810202022018,3
191810202022019,3
191810202023006,3
191810202023011,3
191810202023012,3
191810202023013,3
191810202023014,3
191810202023015,3
191810203001051,3
191810203001052,3
191810203002027,3
191810203002030,3
191810203002031,3
191810203002033,3
191810203002034,3
191810203002035,3
191810203002036,3
191810203002037,3
191810203002039,3
191810203002040,3
191810203002042,3
191810203002043,3
191810203002044,3
191810203002045,3
191810203002047,3
191810203002048,3
191810203002049,3
191810203002050,3
191810203002051,3
191810203002052,3
191810203002053,3
191810203002054,3
191810203002055,3
191810203002056,3
191810203002057,3
191810203002058,3
191810203002059,3
191810203002060,3
191810203002061,3
191810203002062,3
191810203002065,3
191810203002066,3
191810203002067,3
191810203002068,3
191810203002069,3
191810203002070,3
191810203002071,3
191810203002072,3
191810203002073,3
191810203002074,3
191810203002075,3
191810203002076,3
191810203002077,3
191810203002078,3
191810203002079,3
191810203002080,3
191810203002000,3
191810203002001,3
191810203002002,3
191810203002003,3
191810203002004,3
191810203002005,3
191810203002006,3
191810203002007,3
191810203002008,3
191810203002009,3
191810203002010,3
191810203002011,3
191810203002012,3
191810203002013,3
191810203002014,3
191810203002015,3
191810203002016,3
191810203002017,3
191810203002018,3
191810203002019,3
191810203002020,3
191810203002021,3
191810203002022,3
191810203002023,3
191810203002024,3
191810203002025,3
191810203002026,3
191810203002028,3
191810203002029,3
191810203002032,3
191810203002038,3
191810203002041,3
191810203002046,3
191810204001000,3
191810204001001,3
191810204001002,3
191810204001003,3
191810204001004,3
191810204001005,3
191810204001006,3
191810204001007,3
191810204001008,3
191810204001009,3
191810204001010,3
191810204001011,3
191810204001012,3
191810204001013,3
191810204001014,3
191810204001015,3
191810204001016,3
191810204001017,3
191810204001018,3
191810204001019,3
191810204001020,3
191810204001021,3
191810204001022,3
191810204001023,3
191810204001024,3
191810204001025,3
191810204001026,3
191810204001027,3
191810204001028,3
191810204001029,3
191810204001030,3
191810204001031,3
191810204001032,3
191810204001033,3
191810204001034,3
191810204001035,3
191810204001036,3
191810204001037,3
191810204001038,3
191810204001039,3
191810204001040,3
191810204001041,3
191810204001042,3
191810204001043,3
191810204001044,3
191810204001045,3
191810204001046,3
191810204001047,3
191810204001048,3
191810204001049,3
191810204001050,3
191810204001051,3
191810204001052,3
191810204001053,3
191810204001054,3
191810204001055,3
191810204001056,3
191810204001057,3
191810204001058,3
191810204001059,3
191810204001060,3
191810204001061,3
191810204001062,3
191810204001063,3
191810204001064,3
191810204001065,3
191810204001066,3
191810204001067,3
191810204001068,3
191810204001069,3
191810204001070,3
191810204001071,3
191810204001072,3
191810204001073,3
191810204001074,3
191810204001075,3
191810204001076,3
191810204001077,3
191810204001078,3
191810204001079,3
191810204001080,3
191810204001081,3
191810204001082,3
191810204001083,3
191810204001084,3
191810204002000,3
191810204002001,3
191810204002002,3
191810204002003,3
191810204002004,3
191810204002005,3
191810204002006,3
191810204002007,3
191810204002008,3
191810204002009,3
191810204002010,3
191810204002011,3
191810204002012,3
191810204002013,3
191810204002014,3
191810204002015,3
191810204002016,3
191810204002017,3
191810204002018,3
191810204002019,3
191810204002020,3
191810204002021,3
191810204002022,3
191810204002023,3
191810204002024,3
191810204002025,3
191810204002026,3
191810204002027,3
191810204002028,3
191810204002029,3
191810204002030,3
191810204002031,3
191810204002032,3
191810204002033,3
191810204002034,3
191810204002035,3
191810204002036,3
191810204002037,3
191810204002038,3
191810204002039,3
191810204002040,3
191810204002041,3
191810204002042,3
191810204002043,3
191810204002044,3
191810204002045,3
191810204002046,3
191810204002050,3
191810204002052,3
191810204002053,3
191810204002054,3
191810204002055,3
191810204002056,3
191810204002057,3
191810204002058,3
191810204002059,3
191810204002060,3
191810204002061,3
191810204002062,3
191810204002063,3
191810204002064,3
191810204002065,3
191810204002066,3
191810204002067,3
191810204002068,3
191810204002069,3
191810204002071,3
191810204002072,3
191810204002073,3
191810204002074,3
191810204002075,3
191810204002076,3
191810204002077,3
191810204002078,3
191810204002079,3
191810205001000,3
191810205001001,3
191810205001002,3
191810205001003,3
191810205001004,3
191810205001005,3
191810205001006,3
191810205001007,3
191810205001008,3
191810205001009,3
191810205001010,3
191810205001011,3
191810205001012,3
191810205001013,3
191810205001014,3
191810205001015,3
191810205001016,3
191810205001017,3
191810205001018,3
191810205001019,3
191810205001020,3
191810205001021,3
191810205001022,3
191810205001023,3
191810205001024,3
191810205001025,3
191810205001026,3
191810205001027,3
191810205001028,3
191810205001029,3
191810205001030,3
191810205001031,3
191810205001032,3
191810205001033,3
191810205001034,3
191810205001035,3
191810205001036,3
191810205001037,3
191810205001038,3
191810205001039,3
191810205001040,3
191810205001041,3
191810205001042,3
191810205001043,3
191810205001044,3
191810205001045,3
191810205001046,3
191810205001047,3
191810205001048,3
191810205001049,3
191810205001050,3
191810205001051,3
191810205001052,3
191810205001053,3
191810205001054,3
191810205001055,3
191810205001056,3
191810205001057,3
191810205001058,3
191810205001059,3
191810205001060,3
191810205001061,3
191810205001062,3
191810205001063,3
191810205001064,3
191810205001065,3
191810205001066,3
191810205001067,3
191810205001068,3
191810205001069,3
191810205001070,3
191810205001071,3
191810205001072,3
191810205001073,3
191810205001074,3
191810205001075,3
191810205001076,3
191810205001077,3
191810205001078,3
191810205001079,3
191810205001084,3
191810205001085,3
191810205001086,3
191810205001087,3
191810205001088,3
191810205001089,3
191810205001090,3
191810205001091,3
191810205001092,3
191810205001094,3
191810205001095,3
191810205001096,3
191810205001097,3
191810205001098,3
191810205001099,3
191810205001100,3
191810205001101,3
191810205001102,3
191810205001103,3
191810205001104,3
191810205002000,3
191810205002001,3
191810205002002,3
191810205002003,3
191810205002004,3
191810205002005,3
191810205002006,3
191810205002007,3
191810205002008,3
191810205002009,3
191810205002010,3
191810205002011,3
191810205002012,3
191810205002013,3
191810205002021,3
191810205002022,3
191810205002023,3
191810205002024,3
191810205002025,3
191810205001080,3
191810205001081,3
191810205001082,3
191810205001083,3
191810205001093,3
191810205002026,3
191810205002027,3
191810205002028,3
191810205002029,3
191810205002030,3
191810205002031,3
191810205002032,3
191810205002033,3
191810205002034,3
191810205002035,3
191810205002036,3
191810205002037,3
191810205002038,3
191810205002039,3
191810205002040,3
191810205002041,3
191810205002042,3
191810205002043,3
191810205002048,3
191810205002049,3
191810205002050,3
191810205002053,3
191810205002113,3
191810205002123,3
191810205002124,3
191810205002125,3
191810205002126,3
191810205002127,3
191810205002128,3
191810205002129,3
191810205002130,3
191810205002131,3
191810205002132,3
191810205002133,3
191810205002134,3
191810205002135,3
191810205002136,3
191810205002137,3
191810205002138,3
191810205002139,3
191810205002140,3
191810205002141,3
191810205002142,3
191810205002144,3
191810205002145,3
191810205002146,3
191810205002147,3
191810205002148,3
191810205002149,3
191810205002150,3
191810205002151,3
191810205002014,3
191810205002015,3
191810205002016,3
191810205002017,3
191810205002018,3
191810205002019,3
191810205002020,3
191810205002044,3
191810205002045,3
191810205002046,3
191810205002047,3
191810205002051,3
191810205002052,3
191810205002054,3
191810205002055,3
191810205002056,3
191810205002057,3
191810205002058,3
191810205002059,3
191810205002060,3
191810205002061,3
191810205002062,3
191810205002063,3
191810205002064,3
191810205002065,3
191810205002066,3
191810205002067,3
191810205002068,3
191810205002069,3
191810205002070,3
191810205002071,3
191810205002072,3
191810205002073,3
191810205002074,3
191810205002075,3
191810205002076,3
191810205002077,3
191810205002078,3
191810205002079,3
191810205002080,3
191810205002081,3
191810205002082,3
191810205002083,3
191810205002084,3
191810205002085,3
191810205002086,3
191810205002087,3
191810205002088,3
191810205002089,3
191810205002090,3
191810205002091,3
191810205002092,3
191810205002093,3
191810205002094,3
191810205002095,3
191810205002096,3
191810205002097,3
191810205002098,3
191810205002099,3
191810205002100,3
191810205002101,3
191810205002102,3
191810205002103,3
191810205002104,3
191810205002105,3
191810205002106,3
191810205002107,3
191810205002108,3
191810205002109,3
191810205002110,3
191810205002111,3
191810205002112,3
191810205002114,3
191810205002115,3
191810205002116,3
191810205002117,3
191810205002118,3
191810205002119,3
191810205002120,3
191810205002121,3
191810205002122,3
191810205002143,3
191810206001000,3
191810206001001,3
191810206001002,3
191810206001003,3
191810206001004,3
191810206001005,3
191810206001006,3
191810206001007,3
191810206001008,3
191810206001009,3
191810206001010,3
191810206001011,3
191810206001012,3
191810206001013,3
191810206001014,3
191810206001015,3
191810206001016,3
191810206001017,3
191810206001018,3
191810206001019,3
191810206001020,3
191810206001021,3
191810206001022,3
191810206001030,3
191810206001031,3
191810206001032,3
191810206001033,3
191810206001034,3
191810206001035,3
191810206001036,3
191810206001037,3
191810206001038,3
191810206001039,3
191810206001040,3
191810206001041,3
191810206001042,3
191810206001043,3
191810206001044,3
191810206001045,3
191810206001046,3
191810206001047,3
191810206001048,3
191810206001049,3
191810206001050,3
191810206001051,3
191810206001052,3
191810206001053,3
191810206001054,3
191810206001055,3
191810206001056,3
191810206001057,3
191810206001058,3
191810206001059,3
191810206001060,3
191810206001061,3
191810206001068,3
191810206001069,3
191810206001070,3
191810206001071,3
191810206001072,3
191810206001073,3
191810206001074,3
191810206001075,3
191810206001076,3
191810206001077,3
191810206001078,3
191810206001079,3
191810206001080,3
191810206001081,3
191810206001082,3
191810206001083,3
191810206001085,3
191810206001088,3
191810206001089,3
191810206001090,3
191810206001091,3
191810206002000,3
191810206002001,3
191810206002002,3
191810206002003,3
191810206002004,3
191810206002005,3
191810206002006,3
191810206002007,3
191810206002008,3
191810206002009,3
191810206002010,3
191810206002011,3
191810206002012,3
191810206002013,3
191810206002014,3
191810206002015,3
191810206002016,3
191810206002017,3
191810206002018,3
191810206002022,3
191810206002023,3
191810206002024,3
191810206002025,3
191810206002026,3
191810206002028,3
191810206002029,3
191810206002033,3
191810206002035,3
191810206002036,3
191810206002037,3
191810206002038,3
191810206002039,3
191810206002040,3
191810206002041,3
191810206002043,3
191810208003004,3
191810208003010,3
191810209002012,3
191810209003007,3
191810210002022,3
191810206001023,3
191810206001024,3
191810206001025,3
191810206001026,3
191810206001027,3
191810206001028,3
191810206001029,3
191810206001062,3
191810206001063,3
191810206001064,3
191810206001065,3
191810206001066,3
191810206001067,3
191810206001084,3
191810206001086,3
191810206001087,3
191810206002019,3
191810206002020,3
191810206002021,3
191810206002027,3
191810206002030,3
191810206002031,3
191810206002032,3
191810206002034,3
191810206002042,3
191810207011000,3
191810207011001,3
191810207011002,3
191810207011003,3
191810207011004,3
191810207011005,3
191810207011006,3
191810207011007,3
191810207011008,3
191810207011009,3
191810207011010,3
191810207011011,3
191810207011012,3
191810207011013,3
191810207011014,3
191810207011015,3
191810207011016,3
191810207011017,3
191810207011018,3
191810207011019,3
191810207011020,3
191810207011021,3
191810207011022,3
191810207011023,3
191810207011024,3
191810207011025,3
191810207011026,3
191810207011027,3
191810207011028,3
191810207011029,3
191810207011030,3
191810207011031,3
191810207011032,3
191810207011033,3
191810207011034,3
191810207021000,3
191810207021001,3
191810207021002,3
191810207021003,3
191810207021004,3
191810207021005,3
191810207021006,3
191810207021007,3
191810207021008,3
191810207021009,3
191810207021010,3
191810207021011,3
191810207021012,3
191810207021013,3
191810207021014,3
191810207021015,3
191810207021016,3
191810207021017,3
191810207021018,3
191810207021019,3
191810207021020,3
191810207021021,3
191810207021022,3
191810207022000,3
191810207022001,3
191810207022002,3
191810207022003,3
191810207022004,3
191810207022005,3
191810207022006,3
191810207022007,3
191810207022008,3
191810207022009,3
191810207022010,3
191810207022011,3
191810207022012,3
191810207022013,3
191810207022014,3
191810207022015,3
191810207022016,3
191810207022017,3
191810207022018,3
191810207022019,3
191810207022020,3
191810207022021,3
191810207022022,3
191810207022023,3
191810207022024,3
191810207022025,3
191810207022026,3
191810207022027,3
191810207022028,3
191810207022029,3
191810207022030,3
191810207022031,3
191810208001000,3
191810208001001,3
191810208001002,3
191810208001003,3
191810208001004,3
191810208001005,3
191810208001006,3
191810208001007,3
191810208001008,3
191810208001009,3
191810208001010,3
191810208001011,3
191810208001012,3
191810208001013,3
191810208001014,3
191810208001015,3
191810208001016,3
191810208001017,3
191810208001018,3
191810208002000,3
191810208002001,3
191810208002002,3
191810208002003,3
191810208002004,3
191810208002005,3
191810208002006,3
191810208002007,3
191810208002008,3
191810208003000,3
191810208003001,3
191810208003002,3
191810208003003,3
191810208003005,3
191810208003006,3
191810208003007,3
191810208003008,3
191810208003009,3
191810208003011,3
191810208003012,3
191810208003013,3
191810209001000,3
191810209001001,3
191810209001002,3
191810209001003,3
191810209001004,3
191810209001005,3
191810209001006,3
191810209001007,3
191810209001008,3
191810209001009,3
191810209002000,3
191810209002001,3
191810209002002,3
191810209002003,3
191810209002004,3
191810209002005,3
191810209002006,3
191810209002007,3
191810209002008,3
191810209002009,3
191810209002010,3
191810209002011,3
191810209002013,3
191810209003000,3
191810209003001,3
191810209003002,3
191810209003003,3
191810209003004,3
191810209003005,3
191810209003006,3
191810209003008,3
191810210001000,3
191810210001001,3
191810210001002,3
191810210001003,3
191810210001004,3
191810210001005,3
191810210001006,3
191810210001007,3
191810210001008,3
191810210001009,3
191810210001010,3
191810210001011,3
191810210001012,3
191810210001013,3
191810210001014,3
191810210001015,3
191810210001016,3
191810210001017,3
191810210001018,3
191810210001019,3
191810210001020,3
191810210001021,3
191810210001022,3
191810210001023,3
191810210001024,3
191810210001025,3
191810210001026,3
191810210001027,3
191810210001028,3
191810210001029,3
191810210001030,3
191810210001031,3
191810210001032,3
191810210001033,3
191810210001034,3
191810210001035,3
191810210001036,3
191810210001037,3
191810210001038,3
191810210001039,3
191810210001040,3
191810210001041,3
191810210001042,3
191810210001043,3
191810210001044,3
191810210001045,3
191810210001046,3
191810210002000,3
191810210002001,3
191810210002002,3
191810210002003,3
191810210002004,3
191810210002005,3
191810210002006,3
191810210002007,3
191810210002008,3
191810210002009,3
191810210002010,3
191810210002011,3
191810210002012,3
191810210002013,3
191810210002014,3
191810210002015,3
191810210002016,3
191810210002017,3
191810210002018,3
191810210002019,3
191810210002020,3
191810210002021,3
191810210002023,3
191810210002024,3
191810210002025,3
191810210002026,3
191810210002027,3
191810210002028,3
191810210002029,3
191810210002030,3
191810211001000,3
191810211001001,3
191810211001002,3
191810211001003,3
191810211001004,3
191810211001005,3
191810211001006,3
191810211001007,3
191810211001008,3
191810211001009,3
191810211001010,3
191810211001011,3
191810211001012,3
191810211001013,3
191810211001014,3
191810211001015,3
191810211001016,3
191810211001017,3
191810211001018,3
191810211001019,3
191810211001020,3
191810211001021,3
191810211001022,3
191810211001023,3
191810211001024,3
191810211001025,3
191810211001028,3
191810211001029,3
191810211001030,3
191810211001031,3
191810211001032,3
191810211001033,3
191810211001034,3
191810211001035,3
191810211001036,3
191810211001037,3
191810211001038,3
191810211001039,3
191810211001040,3
191810211001041,3
191810211001042,3
191810211001043,3
191810211001044,3
191810211001045,3
191810211001046,3
191810211001047,3
191810211001048,3
191810211001049,3
191810211001050,3
191810211001051,3
191810211001052,3
191810211001053,3
191810211001054,3
191810211001055,3
191810211001056,3
191810211001057,3
191810211001058,3
191810211001059,3
191810211001060,3
191810211001061,3
191810211001062,3
191810211001063,3
191810211001064,3
191810211001065,3
191810211001066,3
191810211001067,3
191810211001068,3
191810211001069,3
191810211001070,3
191810211001071,3
191810211001072,3
191810211001073,3
191810211001074,3
191810211001076,3
191810211001077,3
191810211001078,3
191810211001079,3
191810211001080,3
191810211003030,3
191810211003031,3
191810211003069,3
191810211001026,3
191810211001027,3
191810211002069,3
191810211002070,3
191810211002094,3
191810211004070,3
191810211004071,3
191810211004072,3
191810211004073,3
191810211004074,3
191810211004075,3
191810211004077,3
191810211004078,3
191810211004079,3
191810211004080,3
191810211004081,3
191810211004082,3
191810211004083,3
191810211004084,3
191810211004085,3
191810211004086,3
191810211004087,3
191810211004088,3
191810211004089,3
191810211004090,3
191810211004091,3
191810211004092,3
191810211004093,3
191810211004094,3
191810211004095,3
191810211004096,3
191810211004097,3
191810211004098,3
191810211004099,3
191810211004100,3
191810211004101,3
191810211004102,3
191810211004103,3
191810211001075,3
191810211003000,3
191810211003001,3
191810211003002,3
191810211003003,3
191810211003004,3
191810211003005,3
191810211003006,3
191810211003007,3
191810211003008,3
191810211003009,3
191810211003010,3
191810211003011,3
191810211003012,3
191810211003013,3
191810211003014,3
191810211003015,3
191810211003016,3
191810211003017,3
191810211003018,3
191810211003019,3
191810211003020,3
191810211003021,3
191810211003022,3
191810211003023,3
191810211003024,3
191810211003025,3
191810211003026,3
191810211003027,3
191810211003028,3
191810211003029,3
191810211003032,3
191810211003033,3
191810211003034,3
191810211003035,3
191810211003036,3
191810211003037,3
191810211003038,3
191810211003039,3
191810211003040,3
191810211003041,3
191810211003065,3
191810211003066,3
191810211003067,3
191810211003068,3
191810211003073,3
191810211003074,3
191810211003075,3
191810211002000,3
191810211002001,3
191810211002002,3
191810211002003,3
191810211002004,3
191810211002005,3
191810211002006,3
191810211002007,3
191810211002008,3
191810211002009,3
191810211002010,3
191810211002011,3
191810211002012,3
191810211002013,3
191810211002014,3
191810211002015,3
191810211002016,3
191810211002017,3
191810211002018,3
191810211002019,3
191810211002020,3
191810211002021,3
191810211002022,3
191810211002023,3
191810211002024,3
191810211002025,3
191810211002026,3
191810211002027,3
191810211002028,3
191810211002029,3
191810211002030,3
191810211002031,3
191810211002033,3
191810211002034,3
191810211002039,3
191810211002040,3
191810211002041,3
191810211002042,3
191810211002043,3
191810211002044,3
191810211002045,3
191810211002046,3
191810211002047,3
191810211002048,3
191810211002049,3
191810211002050,3
191810211002098,3
191810211002099,3
191810211004032,3
191810211004033,3
191810211004034,3
191810211004059,3
191810211004060,3
191810211002032,3
191810211002035,3
191810211002036,3
191810211002037,3
191810211002038,3
191810211002051,3
191810211002052,3
191810211002053,3
191810211002054,3
191810211002055,3
191810211002056,3
191810211002057,3
191810211002058,3
191810211002059,3
191810211002060,3
191810211002061,3
191810211002062,3
191810211002063,3
191810211002064,3
191810211002065,3
191810211002066,3
191810211002067,3
191810211002068,3
191810211002071,3
191810211002072,3
191810211002073,3
191810211002074,3
191810211002075,3
191810211002076,3
191810211002077,3
191810211002078,3
191810211002079,3
191810211002080,3
191810211002081,3
191810211002082,3
191810211002083,3
191810211002084,3
191810211002085,3
191810211002086,3
191810211002087,3
191810211002088,3
191810211002089,3
191810211002090,3
191810211002091,3
191810211002092,3
191810211002093,3
191810211002095,3
191810211002096,3
191810211002097,3
191810211004104,3
191810211003042,3
191810211003043,3
191810211003044,3
191810211003045,3
191810211003046,3
191810211003047,3
191810211003048,3
191810211003049,3
191810211003050,3
191810211003051,3
191810211003052,3
191810211003053,3
191810211003054,3
191810211003055,3
191810211003056,3
191810211003057,3
191810211003058,3
191810211003059,3
191810211003060,3
191810211003061,3
191810211003062,3
191810211003063,3
191810211003064,3
191810211003070,3
191810211003071,3
191810211003072,3
191810211004021,3
191810211004036,3
191810211004038,3
191810211004039,3
191810211004040,3
191810211004041,3
191810211004042,3
191810211004000,3
191810211004001,3
191810211004002,3
191810211004003,3
191810211004004,3
191810211004005,3
191810211004006,3
191810211004007,3
191810211004008,3
191810211004009,3
191810211004010,3
191810211004011,3
191810211004012,3
191810211004013,3
191810211004014,3
191810211004015,3
191810211004016,3
191810211004017,3
191810211004018,3
191810211004019,3
191810211004020,3
191810211004022,3
191810211004023,3
191810211004024,3
191810211004025,3
191810211004026,3
191810211004027,3
191810211004028,3
191810211004029,3
191810211004030,3
191810211004031,3
191810211004035,3
191810211004037,3
191810211004043,3
191810211004044,3
191810211004045,3
191810211004046,3
191810211004047,3
191810211004048,3
191810211004049,3
191810211004050,3
191810211004051,3
191810211004052,3
191810211004053,3
191810211004054,3
191810211004055,3
191810211004056,3
191810211004057,3
191810211004058,3
191810211004061,3
191810211004062,3
191810211004063,3
191810211004064,3
191810211004065,3
191810211004066,3
191810211004067,3
191810211004068,3
191810211004069,3
191810211004076,3
191810211004105,3
191810212001000,3
191810212001001,3
191810212001002,3
191810212001003,3
191810212001004,3
191810212001005,3
191810212001006,3
191810212001007,3
191810212001008,3
191810212001009,3
191810212001010,3
191810212001011,3
191810212001012,3
191810212001013,3
191810212001014,3
191810212001015,3
191810212001016,3
191810212001017,3
191810212001018,3
191810212001019,3
191810212001020,3
191810212001021,3
191810212001022,3
191810212001023,3
191810212001024,3
191810212001025,3
191810212001026,3
191810212001027,3
191810212001028,3
191810212001029,3
191810212001030,3
191810212001031,3
191810212001032,3
191810212001033,3
191810212001034,3
191810212001035,3
191810212001036,3
191810212001037,3
191810212001038,3
191810212001039,3
191810212001040,3
191810212001041,3
191810212001042,3
191810212001043,3
191810212001044,3
191810212001045,3
191810212001046,3
191810212001047,3
191810212001048,3
191810212001049,3
191810212001050,3
191810212001051,3
191810212001052,3
191810212001053,3
191810212001054,3
191810212001055,3
191810212001056,3
191810212001057,3
191810212001058,3
191810212001059,3
191810212001060,3
191810212001061,3
191810212001062,3
191810212001063,3
191810212001064,3
191810212001065,3
191810212001066,3
191810212001067,3
191810212001068,3
191810212001070,3
191810212001071,3
191810212001072,3
191810212001073,3
191810212002000,3
191810212002001,3
191810212002002,3
191810212002003,3
191810212002004,3
191810212002005,3
191810212002006,3
191810212002007,3
191810212002008,3
191810212002009,3
191810212002010,3
191810212002011,3
191810212002015,3
191810212002016,3
191810212002017,3
191810212002018,3
191810212002019,3
191810212002020,3
191810212002021,3
191810212002022,3
191810212002023,3
191810212002024,3
191810212002025,3
191810212002026,3
191810212002027,3
191810212002028,3
191810212002033,3
191810212002038,3
191810212002039,3
191810212002099,3
191810212002100,3
191810212001069,3
191810212002029,3
191810212002030,3
191810212002031,3
191810212002032,3
191810212002012,3
191810212002013,3
191810212002014,3
191810212002034,3
191810212002035,3
191810212002036,3
191810212002037,3
191810212002040,3
191810212002041,3
191810212002042,3
191810212002043,3
191810212002044,3
191810212002045,3
191810212002046,3
191810212002047,3
191810212002048,3
191810212002049,3
191810212002050,3
191810212002051,3
191810212002052,3
191810212002053,3
191810212002054,3
191810212002055,3
191810212002056,3
191810212002057,3
191810212002058,3
191810212002059,3
191810212002060,3
191810212002061,3
191810212002062,3
191810212002063,3
191810212002064,3
191810212002065,3
191810212002066,3
191810212002067,3
191810212002068,3
191810212002069,3
191810212002070,3
191810212002071,3
191810212002072,3
191810212002073,3
191810212002074,3
191810212002075,3
191810212002076,3
191810212002077,3
191810212002078,3
191810212002079,3
191810212002080,3
191810212002081,3
191810212002082,3
191810212002083,3
191810212002084,3
191810212002085,3
191810212002086,3
191810212002087,3
191810212002088,3
191810212002089,3
191810212002090,3
191810212002091,3
191810212002092,3
191810212002093,3
191810212002094,3
191810212002095,3
191810212002096,3
191810212002097,3
191810212002098,3
191810212002101,3
191810212002102,3
191810212003005,3
191810212003006,3
191810212003007,3
191810212003008,3
191810212003009,3
191810212003010,3
191810212003000,3
191810212003001,3
191810212003002,3
191810212003003,3
191810212003004,3
191810212003011,3
191810212003012,3
191810212003013,3
191810212003014,3
191810212003015,3
191810212003016,3
191810212003017,3
191810212003018,3
191810212003019,3
191810212003020,3
191810212003021,3
191810212003022,3
191810212003023,3
191810212003024,3
191810212003025,3
191810212003026,3
191810212003027,3
191810212003028,3
191810212003029,3
191810212003030,3
191810212003031,3
191810212003032,3
191810212003033,3
191810212003034,3
191810212003035,3
191810212003036,3
191810212003037,3
191810212003038,3
191810212003039,3
191810212003040,3
191810212003041,3
191810212003042,3
191810212003043,3
191810212003044,3
191810212003045,3
191810212003046,3
191810212003047,3
191810212003048,3
191810212003049,3
191810212003050,3
191810212003051,3
191810212003052,3
191810212003053,3
191810212003054,3
191810212003055,3
191810212003056,3
191810212003057,3
191810212003058,3
191810212003059,3
191810212003060,3
191810212003061,3
191810212003062,3
191810212003063,3
191810212003064,3
191810212003065,3
191810212003066,3
191810212003067,3
191810212003068,3
191810212003069,3
191810212003070,3
191810212003071,3
191810212003072,3
191810212003073,3
191810212003074,3
191810212003075,3
191810212003076,3
191810212003077,3
191810212003078,3
191810212003079,3
191810212003080,3
191810212003081,3
191810212003082,3
191839601011000,2
191839601011001,2
191839601011002,2
191839601011003,2
191839601011004,2
191839601011005,2
191839601011006,2
191839601011007,2
191839601011008,2
191839601011009,2
191839601011010,2
191839601011011,2
191839601011012,2
191839601011013,2
191839601011014,2
191839601011015,2
191839601011016,2
191839601011017,2
191839601011018,2
191839601011019,2
191839601011020,2
191839601011021,2
191839601011022,2
191839601011023,2
191839601011024,2
191839601011025,2
191839601011026,2
191839601011027,2
191839601011028,2
191839601011029,2
191839601011030,2
191839601011031,2
191839601011032,2
191839601011033,2
191839601011034,2
191839601011035,2
191839601011036,2
191839601011037,2
191839601011038,2
191839601011039,2
191839601011040,2
191839601011041,2
191839601011042,2
191839601011043,2
191839601011044,2
191839601011045,2
191839601011046,2
191839601011047,2
191839601011048,2
191839601011049,2
191839601011050,2
191839601012009,2
191839601012010,2
191839601012011,2
191839601012012,2
191839601012013,2
191839601012014,2
191839601012015,2
191839601012016,2
191839601012017,2
191839601012018,2
191839601012019,2
191839601012020,2
191839601012021,2
191839601012022,2
191839601012023,2
191839601012024,2
191839601012025,2
191839601012026,2
191839601012027,2
191839601012028,2
191839601012029,2
191839601012030,2
191839601012031,2
191839601012032,2
191839601012033,2
191839601012034,2
191839601012035,2
191839601012036,2
191839601012037,2
191839601012045,2
191839601012046,2
191839601012047,2
191839601012048,2
191839601012049,2
191839601012053,2
191839601012098,2
191839601012101,2
191839601012102,2
191839601012104,2
191839601022002,2
191839601022003,2
191839601022004,2
191839601022005,2
191839601022006,2
191839601022007,2
191839601022008,2
191839601022009,2
191839601022010,2
191839601022011,2
191839601022012,2
191839601022013,2
191839601022014,2
191839601022015,2
191839601022016,2
191839601022017,2
191839601022018,2
191839601022019,2
191839601022020,2
191839601022021,2
191839601022022,2
191839601022023,2
191839601022024,2
191839601022025,2
191839601022026,2
191839601022027,2
191839601022028,2
191839601022029,2
191839601022030,2
191839601022031,2
191839601022032,2
191839601022033,2
191839601022034,2
191839601022035,2
191839601022036,2
191839601022037,2
191839601022038,2
191839601022039,2
191839601022040,2
191839601022041,2
191839601022042,2
191839601022043,2
191839601022044,2
191839601022045,2
191839601022049,2
191839601022050,2
191839601022051,2
191839601022052,2
191839601022053,2
191839602001000,2
191839602001005,2
191839602001006,2
191839602001007,2
191839602001029,2
191839602001030,2
191839602001036,2
191839601012000,2
191839601012001,2
191839601012002,2
191839601012003,2
191839601012004,2
191839601012005,2
191839601012006,2
191839601012007,2
191839601012008,2
191839601012050,2
191839601012051,2
191839601012054,2
191839601012055,2
191839601012056,2
191839601012057,2
191839601012059,2
191839601012066,2
191839601012067,2
191839601012068,2
191839601012069,2
191839601012070,2
191839601012071,2
191839601012072,2
191839601012073,2
191839601012075,2
191839601012076,2
191839601012077,2
191839601012078,2
191839601012079,2
191839601012080,2
191839601012081,2
191839601012082,2
191839601012083,2
191839601012084,2
191839601012085,2
191839601012086,2
191839601012087,2
191839601012088,2
191839601012091,2
191839601012094,2
191839601012100,2
191839601021000,2
191839601021001,2
191839601021002,2
191839601021003,2
191839601021004,2
191839601021005,2
191839601021006,2
191839601021007,2
191839601021008,2
191839601021009,2
191839601021010,2
191839601021011,2
191839601021012,2
191839601021013,2
191839601021014,2
191839601021015,2
191839601021016,2
191839601021017,2
191839601021018,2
191839601021019,2
191839601021020,2
191839601021021,2
191839601021022,2
191839601021023,2
191839601021024,2
191839601021025,2
191839601021026,2
191839601021027,2
191839601021028,2
191839601021029,2
191839601021030,2
191839601021031,2
191839601021032,2
191839601021033,2
191839601021034,2
191839601021035,2
191839601021036,2
191839601021037,2
191839601021038,2
191839601021039,2
191839601021040,2
191839601021041,2
191839601021042,2
191839601021043,2
191839601021044,2
191839601021045,2
191839601021046,2
191839601021047,2
191839601021048,2
191839601021049,2
191839601021050,2
191839601021051,2
191839601021052,2
191839601021053,2
191839601021054,2
191839601021055,2
191839601021056,2
191839601021057,2
191839601021058,2
191839601021059,2
191839601021060,2
191839601021061,2
191839601021062,2
191839601021063,2
191839601021064,2
191839601021065,2
191839601021066,2
191839601021067,2
191839601021068,2
191839601021069,2
191839601021070,2
191839601021071,2
191839601021072,2
191839601021073,2
191839601021074,2
191839601021075,2
191839601021076,2
191839601021077,2
191839601021078,2
191839601021079,2
191839601021080,2
191839601021081,2
191839601021082,2
191839601021083,2
191839601021084,2
191839601021085,2
191839601022000,2
191839601022001,2
191839601022046,2
191839601022047,2
191839601022048,2
191839601012038,2
191839601012039,2
191839601012040,2
191839601012041,2
191839601012042,2
191839602001076,2
191839602001077,2
191839602001078,2
191839602001079,2
191839602001080,2
191839602001083,2
191839602001084,2
191839602001085,2
191839602001086,2
191839602001087,2
191839602001088,2
191839602001089,2
191839602001090,2
191839602001091,2
191839602001092,2
191839602001093,2
191839602001094,2
191839602001095,2
191839602001096,2
191839602001097,2
191839602001098,2
191839602001099,2
191839602001100,2
191839602001101,2
191839602001102,2
191839602001103,2
191839602001105,2
191839602001106,2
191839602001107,2
191839602001113,2
191839602001114,2
191839602001115,2
191839602001116,2
191839602001117,2
191839602001118,2
191839602001119,2
191839602001120,2
191839602001121,2
191839602001122,2
191839602001128,2
191839602001129,2
191839602001130,2
191839601012043,2
191839601012044,2
191839601012052,2
191839601012058,2
191839601012060,2
191839601012061,2
191839601012062,2
191839601012063,2
191839601012064,2
191839601012095,2
191839601012096,2
191839601012097,2
191839601012103,2
191839605001008,2
191839605001009,2
191839605001010,2
191839605001011,2
191839605001012,2
191839605001013,2
191839605001014,2
191839605001015,2
191839605001016,2
191839605001017,2
191839605001018,2
191839605001019,2
191839605001020,2
191839605001021,2
191839605001022,2
191839605001023,2
191839605001024,2
191839605001025,2
191839605001026,2
191839605001027,2
191839605001028,2
191839605001029,2
191839605001030,2
191839605001031,2
191839605001032,2
191839605001033,2
191839605001034,2
191839605001035,2
191839605001103,2
191839605001104,2
191839605001105,2
191839605001108,2
191839605001109,2
191839605001110,2
191839605001114,2
191839605001115,2
191839605001174,2
191839605001176,2
191839601012065,2
191839601012074,2
191839601012089,2
191839601012090,2
191839601012092,2
191839601012093,2
191839601012099,2
191839605001000,2
191839605001001,2
191839605001002,2
191839605001003,2
191839605001004,2
191839605001005,2
191839605001006,2
191839605001007,2
191839605001036,2
191839605001037,2
191839605001038,2
191839605001039,2
191839605001040,2
191839605001041,2
191839605001042,2
191839605001043,2
191839605001044,2
191839605001045,2
191839605001046,2
191839605001047,2
191839605001048,2
191839605001049,2
191839605001050,2
191839605001051,2
191839605001052,2
191839605001053,2
191839605001054,2
191839605001055,2
191839605001056,2
191839605001057,2
191839605001058,2
191839605001059,2
191839605001060,2
191839605001061,2
191839605001062,2
191839605001063,2
191839605001064,2
191839605001065,2
191839605001066,2
191839605001067,2
191839605001069,2
191839605001070,2
191839605001078,2
191839605001089,2
191839605001090,2
191839605001091,2
191839605001092,2
191839605001093,2
191839605001094,2
191839605001102,2
191839601012105,2
191839602001001,2
191839602001002,2
191839602001003,2
191839602001004,2
191839602001008,2
191839602001009,2
191839602001010,2
191839602001011,2
191839602001012,2
191839602001013,2
191839602001014,2
191839602001015,2
191839602001016,2
191839602001017,2
191839602001018,2
191839602001019,2
191839602001020,2
191839602001021,2
191839602001022,2
191839602001023,2
191839602001024,2
191839602001025,2
191839602001026,2
191839602001027,2
191839602001028,2
191839602001031,2
191839602001032,2
191839602001033,2
191839602001034,2
191839602001035,2
191839602001037,2
191839602001038,2
191839602001039,2
191839602001040,2
191839602001041,2
191839602001042,2
191839602001043,2
191839602001044,2
191839602001045,2
191839602001046,2
191839602001047,2
191839602001048,2
191839602001049,2
191839602001050,2
191839602001051,2
191839602001052,2
191839602001053,2
191839602001054,2
191839602001055,2
191839602001056,2
191839602001057,2
191839602001058,2
191839602001059,2
191839602001060,2
191839602001061,2
191839602001062,2
191839602001063,2
191839602001069,2
191839602001070,2
191839602001071,2
191839602001072,2
191839602001073,2
191839602001074,2
191839602001075,2
191839602002000,2
191839602002001,2
191839602002002,2
191839602002003,2
191839602002004,2
191839602002005,2
191839602002006,2
191839602002007,2
191839602002008,2
191839602002009,2
191839602002010,2
191839602002011,2
191839602002012,2
191839602002013,2
191839602002014,2
191839602002015,2
191839602002016,2
191839602002017,2
191839602002018,2
191839602002019,2
191839602002020,2
191839602002021,2
191839602002022,2
191839602002023,2
191839602002024,2
191839602002025,2
191839602002026,2
191839602002027,2
191839602002028,2
191839602002029,2
191839602002030,2
191839602002031,2
191839602002032,2
191839602002033,2
191839602002034,2
191839602002035,2
191839602002036,2
191839602002037,2
191839602002038,2
191839602002039,2
191839602002040,2
191839602002041,2
191839602002042,2
191839602002043,2
191839602002044,2
191839602002045,2
191839602002046,2
191839602002047,2
191839602002048,2
191839602002049,2
191839602002050,2
191839602002051,2
191839602002052,2
191839602002053,2
191839602002054,2
191839602002055,2
191839602002056,2
191839602002057,2
191839602002058,2
191839602002059,2
191839602002060,2
191839602002061,2
191839602001064,2
191839602001065,2
191839602001066,2
191839602001067,2
191839602001068,2
191839602001081,2
191839602001082,2
191839602003000,2
191839602003001,2
191839602003002,2
191839602003003,2
191839602003004,2
191839602003005,2
191839602003006,2
191839602003007,2
191839602003008,2
191839602003009,2
191839602003010,2
191839602003011,2
191839602003012,2
191839602003013,2
191839602003014,2
191839602003015,2
191839602003016,2
191839602003017,2
191839602003018,2
191839602003019,2
191839602003020,2
191839602003021,2
191839602003022,2
191839602003023,2
191839602003024,2
191839602003025,2
191839602003026,2
191839602003027,2
191839602003028,2
191839602003030,2
191839602003031,2
191839602003032,2
191839602003033,2
191839602003034,2
191839602003035,2
191839602003036,2
191839602003037,2
191839602003038,2
191839602003039,2
191839602003040,2
191839602003041,2
191839602003042,2
191839602003043,2
191839602003044,2
191839602003045,2
191839602003046,2
191839602003047,2
191839602003048,2
191839602003057,2
191839602001104,2
191839602001108,2
191839602001109,2
191839602001110,2
191839602001111,2
191839602001112,2
191839602001123,2
191839602001124,2
191839602001125,2
191839602001126,2
191839602001127,2
191839602001131,2
191839602001132,2
191839602004003,2
191839602004004,2
191839602004005,2
191839602004006,2
191839602004007,2
191839602004008,2
191839602004009,2
191839602004010,2
191839602004011,2
191839602004015,2
191839602004016,2
191839602004020,2
191839602004021,2
191839602004022,2
191839602004023,2
191839602004024,2
191839602004025,2
191839602004026,2
191839602004027,2
191839602004028,2
191839602004029,2
191839602004030,2
191839602004031,2
191839602004032,2
191839602004033,2
191839602004034,2
191839602004035,2
191839602004036,2
191839602004037,2
191839602004046,2
191839602004052,2
191839602004053,2
191839602004054,2
191839602004055,2
191839602004056,2
191839602004057,2
191839602004058,2
191839602004059,2
191839602004060,2
191839602004061,2
191839602004065,2
191839602004066,2
191839602004067,2
191839602004069,2
191839602004070,2
191839602004071,2
191839602004076,2
191839602004090,2
191839602004091,2
191839602004092,2
191839604003024,2
191839604003025,2
191839604003027,2
191839604003028,2
191839604003029,2
191839605003011,2
191839605003012,2
191839605003028,2
191839602003029,2
191839602003049,2
191839602003050,2
191839602003051,2
191839602003052,2
191839602003053,2
191839602003054,2
191839602003055,2
191839602003056,2
191839602003058,2
191839602003059,2
191839602003060,2
191839602003061,2
191839602003062,2
191839602003063,2
191839602003064,2
191839602003065,2
191839602003066,2
191839602003067,2
191839602003068,2
191839602003069,2
191839602003070,2
191839602003071,2
191839602003072,2
191839602003073,2
191839602003074,2
191839602003075,2
191839602003076,2
191839602003077,2
191839602003078,2
191839602003079,2
191839602003080,2
191839602003081,2
191839602003082,2
191839602003085,2
191839602003086,2
191839602003087,2
191839602003088,2
191839602003089,2
191839602003090,2
191839602003091,2
191839602003092,2
191839602003093,2
191839602003094,2
191839602003095,2
191839602003096,2
191839602003097,2
191839602003098,2
191839602003099,2
191839602003100,2
191839602003101,2
191839602003102,2
191839602003103,2
191839602003104,2
191839602003105,2
191839602003106,2
191839602003107,2
191839602003109,2
191839602003110,2
191839602003111,2
191839602003114,2
191839602003118,2
191839602003119,2
191839602003120,2
191839602003129,2
191839602003132,2
191839602003134,2
191839602003159,2
191839602003160,2
191839602003170,2
191839602003171,2
191839602003172,2
191839602003173,2
191839602003174,2
191839602003175,2
191839602003180,2
191839602003183,2
191839602003083,2
191839602003084,2
191839602003108,2
191839602003112,2
191839602003113,2
191839602003115,2
191839602003116,2
191839602003117,2
191839602003121,2
191839602003122,2
191839602003123,2
191839602003124,2
191839602003125,2
191839602003126,2
191839602003127,2
191839602003128,2
191839602003130,2
191839602003131,2
191839602003133,2
191839602003135,2
191839602003136,2
191839602003137,2
191839602003138,2
191839602003139,2
191839602003140,2
191839602003141,2
191839602003142,2
191839602003143,2
191839602003144,2
191839602003145,2
191839602003146,2
191839602003147,2
191839602003148,2
191839602003149,2
191839602003150,2
191839602003151,2
191839602003152,2
191839602003153,2
191839602003154,2
191839602003155,2
191839602003156,2
191839602003157,2
191839602003158,2
191839602003163,2
191839602003164,2
191839602003165,2
191839602003166,2
191839602003167,2
191839602003168,2
191839602003169,2
191839602003176,2
191839602003179,2
191839602003181,2
191839602003182,2
191839602003184,2
191839602004087,2
191839602004088,2
191839602004089,2
191839602005003,2
191839602005004,2
191839602005005,2
191839602005055,2
191839602003161,2
191839602003162,2
191839602003177,2
191839602003178,2
191839602004072,2
191839602004073,2
191839602004074,2
191839602004075,2
191839602004078,2
191839602004079,2
191839602004080,2
191839602004081,2
191839602004082,2
191839602004083,2
191839602004084,2
191839602004085,2
191839602004086,2
191839602004093,2
191839602005000,2
191839602005001,2
191839602005002,2
191839602005009,2
191839602005010,2
191839602005046,2
191839602005047,2
191839602005048,2
191839602005049,2
191839602005050,2
191839602005051,2
191839602005052,2
191839602005053,2
191839605003029,2
191839605003032,2
191839605003033,2
191839605003034,2
191839605003069,2
191839605003070,2
191839605003071,2
191839605003080,2
191839605003081,2
191839605003082,2
191839602004000,2
191839602004001,2
191839602004002,2
191839602004012,2
191839602004013,2
191839602004014,2
191839602004017,2
191839602004018,2
191839602004019,2
191839602004038,2
191839602004039,2
191839602004040,2
191839602004041,2
191839602004042,2
191839602004043,2
191839602004044,2
191839602004045,2
191839602004047,2
191839602004048,2
191839602004049,2
191839602004050,2
191839602004051,2
191839602004062,2
191839602004063,2
191839602004064,2
191839602004068,2
191839602004077,2
191839603001000,2
191839603001001,2
191839603001002,2
191839603001003,2
191839603001004,2
191839603001005,2
191839603001006,2
191839603001007,2
191839603001008,2
191839603001009,2
191839603001010,2
191839603001011,2
191839603001012,2
191839603001013,2
191839603001014,2
191839603001015,2
191839603001016,2
191839603001017,2
191839603001018,2
191839603001019,2
191839603001020,2
191839603001021,2
191839603001022,2
191839603001023,2
191839603001024,2
191839603001025,2
191839603001026,2
191839603001027,2
191839603001028,2
191839603001029,2
191839603001030,2
191839603001031,2
191839603001032,2
191839603001033,2
191839603001034,2
191839603001035,2
191839603001036,2
191839603001037,2
191839603001038,2
191839603001039,2
191839603001040,2
191839603001041,2
191839603001042,2
191839603001043,2
191839603001044,2
191839603001045,2
191839603001046,2
191839603001047,2
191839603001048,2
191839603001049,2
191839603001050,2
191839603001051,2
191839603001052,2
191839603001053,2
191839603001054,2
191839603001055,2
191839603001056,2
191839603001057,2
191839603001058,2
191839603001059,2
191839603001060,2
191839603001061,2
191839603001062,2
191839603001063,2
191839603001064,2
191839603001065,2
191839603001066,2
191839603001067,2
191839603001068,2
191839603001069,2
191839603001070,2
191839603001071,2
191839603001072,2
191839603002000,2
191839603002001,2
191839603002002,2
191839603002003,2
191839603002004,2
191839603002005,2
191839603002006,2
191839603002007,2
191839603002008,2
191839603002009,2
191839603002010,2
191839603002011,2
191839603002012,2
191839603002013,2
191839603002014,2
191839603002015,2
191839603002016,2
191839603002017,2
191839603002018,2
191839603002019,2
191839603002020,2
191839603002021,2
191839603002022,2
191839603002023,2
191839603002024,2
191839603002025,2
191839603002026,2
191839603002027,2
191839603002028,2
191839603002029,2
191839603002030,2
191839603002031,2
191839603002032,2
191839603002033,2
191839603002034,2
191839603002035,2
191839603002036,2
191839603002037,2
191839603002038,2
191839603002039,2
191839603002040,2
191839603002041,2
191839603002042,2
191839603002043,2
191839603002044,2
191839603002045,2
191839603002046,2
191839603002047,2
191839603002048,2
191839603002049,2
191839603003000,2
191839603003001,2
191839603003002,2
191839603003003,2
191839603003004,2
191839603003005,2
191839603003006,2
191839603003007,2
191839603003008,2
191839603003009,2
191839603003010,2
191839603003011,2
191839603003012,2
191839603003013,2
191839603003014,2
191839603003015,2
191839603003016,2
191839603003017,2
191839603003018,2
191839603003019,2
191839603003020,2
191839603003021,2
191839603003022,2
191839603003023,2
191839603003024,2
191839603003025,2
191839603003026,2
191839603003027,2
191839603003028,2
191839603003029,2
191839603003030,2
191839603003031,2
191839603003032,2
191839603003033,2
191839603003034,2
191839603003035,2
191839603003036,2
191839603003037,2
191839603003038,2
191839603003039,2
191839603003040,2
191839603003041,2
191839603003042,2
191839603003043,2
191839603003044,2
191839603003045,2
191839603003046,2
191839603003047,2
191839604001000,2
191839604001001,2
191839604001002,2
191839604001003,2
191839604001004,2
191839604001005,2
191839604001006,2
191839604001007,2
191839604001008,2
191839604001009,2
191839604001010,2
191839604001011,2
191839604001012,2
191839604001013,2
191839604001014,2
191839604001015,2
191839604001016,2
191839604001017,2
191839604001018,2
191839604001019,2
191839604001020,2
191839604001021,2
191839604001022,2
191839604001023,2
191839604001024,2
191839604001025,2
191839604001026,2
191839604002000,2
191839604002001,2
191839604002002,2
191839604002003,2
191839604002004,2
191839604002005,2
191839604002006,2
191839604002007,2
191839604002008,2
191839604002009,2
191839604002010,2
191839604002011,2
191839604002012,2
191839604002013,2
191839604002014,2
191839604002015,2
191839604002016,2
191839604002017,2
191839604002018,2
191839604002019,2
191839604002020,2
191839604002021,2
191839604002022,2
191839604002023,2
191839604002024,2
191839604002025,2
191839604002026,2
191839604002027,2
191839604002028,2
191839604002029,2
191839604002030,2
191839604002031,2
191839604002032,2
191839604002033,2
191839604003000,2
191839604003001,2
191839604003002,2
191839604003003,2
191839604003004,2
191839604003005,2
191839604003006,2
191839604003007,2
191839604003008,2
191839604003009,2
191839604003010,2
191839604003011,2
191839604003012,2
191839604003013,2
191839604003014,2
191839604003015,2
191839604003016,2
191839604003017,2
191839604003018,2
191839604003019,2
191839604003020,2
191839604003021,2
191839604003022,2
191839604003023,2
191839604003026,2
191839604003030,2
191839604003031,2
191839604003032,2
191839604004000,2
191839604004001,2
191839604004002,2
191839604004003,2
191839604004004,2
191839604004005,2
191839604004006,2
191839604004007,2
191839604004008,2
191839604004009,2
191839604004010,2
191839604004011,2
191839604004012,2
191839604004013,2
191839604004014,2
191839604004015,2
191839604004016,2
191839604004017,2
191839604004018,2
191839604004019,2
191839604004020,2
191839604004021,2
191839604004022,2
191839604004023,2
191839604004024,2
191839604004025,2
191839604004026,2
191839604004027,2
191839604004028,2
191839604004029,2
191839604004030,2
191839604004031,2
191839604004032,2
191839604004033,2
191839604004034,2
191839604004035,2
191839604004036,2
191839604004037,2
191839604004038,2
191839604004039,2
191839604004040,2
191839604004041,2
191839604004042,2
191839604004043,2
191839605001106,2
191839605001107,2
191839605001111,2
191839605001112,2
191839605001113,2
191839605001116,2
191839605001118,2
191839605001119,2
191839605001120,2
191839605001121,2
191839605001122,2
191839605001123,2
191839605001124,2
191839605001130,2
191839605002025,2
191839605002026,2
191839605002027,2
191839605002028,2
191839605002029,2
191839605002030,2
191839605002031,2
191839605002032,2
191839605002033,2
191839605002034,2
191839605002035,2
191839605002036,2
191839605002037,2
191839605002125,2
191839605002128,2
191839605002129,2
191839605002130,2
191839605002131,2
191839605002132,2
191839605002133,2
191839605002134,2
191839605002135,2
191839605003000,2
191839605003001,2
191839605003002,2
191839605003003,2
191839605003004,2
191839605003005,2
191839605003006,2
191839605003084,2
191839602005006,2
191839602005007,2
191839602005008,2
191839602005011,2
191839602005012,2
191839602005013,2
191839602005014,2
191839602005015,2
191839602005016,2
191839602005017,2
191839602005018,2
191839602005019,2
191839602005020,2
191839602005021,2
191839602005022,2
191839602005023,2
191839602005024,2
191839602005025,2
191839602005026,2
191839602005027,2
191839602005028,2
191839602005029,2
191839602005030,2
191839602005031,2
191839602005032,2
191839602005033,2
191839602005034,2
191839602005035,2
191839602005036,2
191839602005037,2
191839602005038,2
191839602005039,2
191839602005040,2
191839602005041,2
191839602005042,2
191839602005043,2
191839602005044,2
191839602005045,2
191839602005054,2
191839605001068,2
191839605001071,2
191839605001072,2
191839605001073,2
191839605001074,2
191839605001075,2
191839605001076,2
191839605001077,2
191839605001079,2
191839605001080,2
191839605001081,2
191839605001082,2
191839605001083,2
191839605001084,2
191839605001085,2
191839605001086,2
191839605001087,2
191839605001088,2
191839605001095,2
191839605001096,2
191839605001097,2
191839605001098,2
191839605001099,2
191839605001100,2
191839605001101,2
191839605001117,2
191839605001125,2
191839605001126,2
191839605001127,2
191839605001128,2
191839605001129,2
191839605001131,2
191839605001132,2
191839605001133,2
191839605001134,2
191839605001135,2
191839605001136,2
191839605001137,2
191839605001138,2
191839605001139,2
191839605001140,2
191839605001141,2
191839605001142,2
191839605001143,2
191839605001144,2
191839605001145,2
191839605001146,2
191839605001147,2
191839605001148,2
191839605001149,2
191839605001150,2
191839605001151,2
191839605001152,2
191839605001153,2
191839605001154,2
191839605001155,2
191839605001156,2
191839605001157,2
191839605001158,2
191839605001159,2
191839605001160,2
191839605001161,2
191839605001162,2
191839605001163,2
191839605001164,2
191839605001165,2
191839605001166,2
191839605001167,2
191839605001168,2
191839605001169,2
191839605001170,2
191839605001171,2
191839605001172,2
191839605001173,2
191839605001175,2
191839605001177,2
191839605002000,2
191839605002001,2
191839605002002,2
191839605002003,2
191839605002004,2
191839605002005,2
191839605002006,2
191839605002007,2
191839605002008,2
191839605002009,2
191839605002010,2
191839605002011,2
191839605002012,2
191839605002013,2
191839605002014,2
191839605002015,2
191839605002016,2
191839605002017,2
191839605002018,2
191839605002019,2
191839605002020,2
191839605002021,2
191839605002022,2
191839605002023,2
191839605002024,2
191839605002038,2
191839605002039,2
191839605002040,2
191839605002041,2
191839605002042,2
191839605002043,2
191839605002044,2
191839605002045,2
191839605002046,2
191839605002049,2
191839605002061,2
191839605002137,2
191839605002047,2
191839605002048,2
191839605002050,2
191839605002051,2
191839605002052,2
191839605002053,2
191839605002054,2
191839605002055,2
191839605002056,2
191839605002057,2
191839605002058,2
191839605002059,2
191839605002060,2
191839605002062,2
191839605002063,2
191839605002064,2
191839605002065,2
191839605002066,2
191839605002067,2
191839605002068,2
191839605002069,2
191839605002070,2
191839605002071,2
191839605002072,2
191839605002073,2
191839605002074,2
191839605002075,2
191839605002076,2
191839605002077,2
191839605002078,2
191839605002079,2
191839605002080,2
191839605002081,2
191839605002082,2
191839605002083,2
191839605002084,2
191839605002085,2
191839605002086,2
191839605002087,2
191839605002088,2
191839605002089,2
191839605002090,2
191839605002091,2
191839605002092,2
191839605002093,2
191839605002094,2
191839605002095,2
191839605002097,2
191839605002098,2
191839605002099,2
191839605002100,2
191839605002101,2
191839605002102,2
191839605002103,2
191839605002104,2
191839605002105,2
191839605002106,2
191839605002107,2
191839605002108,2
191839605002109,2
191839605002110,2
191839605002111,2
191839605002112,2
191839605002113,2
191839605002114,2
191839605002116,2
191839605002117,2
191839605002118,2
191839605002119,2
191839605002120,2
191839605002121,2
191839605002122,2
191839605002123,2
191839605002124,2
191839605002126,2
191839605002127,2
191839605002136,2
191839605003020,2
191839605002096,2
191839605002115,2
191839605003007,2
191839605003008,2
191839605003009,2
191839605003010,2
191839605003013,2
191839605003014,2
191839605003015,2
191839605003016,2
191839605003017,2
191839605003018,2
191839605003019,2
191839605003021,2
191839605003022,2
191839605003023,2
191839605003024,2
191839605003025,2
191839605003026,2
191839605003027,2
191839605003030,2
191839605003031,2
191839605003035,2
191839605003036,2
191839605003037,2
191839605003038,2
191839605003039,2
191839605003040,2
191839605003041,2
191839605003042,2
191839605003043,2
191839605003044,2
191839605003045,2
191839605003046,2
191839605003047,2
191839605003048,2
191839605003049,2
191839605003050,2
191839605003051,2
191839605003052,2
191839605003053,2
191839605003054,2
191839605003055,2
191839605003056,2
191839605003057,2
191839605003058,2
191839605003059,2
191839605003060,2
191839605003061,2
191839605003062,2
191839605003064,2
191839605003065,2
191839605003066,2
191839605003067,2
191839605003068,2
191839605003072,2
191839605003073,2
191839605003074,2
191839605003075,2
191839605003078,2
191839605003079,2
191839605003083,2
191839605003085,2
191839605003086,2
191839605003063,2
191839605003076,2
191839605003077,2
191850701001000,2
191850701001001,2
191850701001002,2
191850701001003,2
191850701001004,2
191850701001005,2
191850701001006,2
191850701001007,2
191850701001008,2
191850701001009,2
191850701001010,2
191850701001011,2
191850701001012,2
191850701001013,2
191850701001014,2
191850701001028,2
191850701001029,2
191850701001030,2
191850701001047,2
191850701001048,2
191850701001049,2
191850701001050,2
191850701001051,2
191850701001052,2
191850701001053,2
191850701001054,2
191850701001055,2
191850701001056,2
191850701001057,2
191850701001058,2
191850701001059,2
191850701001060,2
191850701001061,2
191850701001062,2
191850701001063,2
191850701001064,2
191850701001065,2
191850701001098,2
191850701001112,2
191850701001015,2
191850701001016,2
191850701001017,2
191850701001018,2
191850701001019,2
191850701001020,2
191850701001021,2
191850701001022,2
191850701001023,2
191850701001024,2
191850701001025,2
191850701001026,2
191850701001027,2
191850701001031,2
191850701001032,2
191850701001033,2
191850701001034,2
191850701001035,2
191850701001036,2
191850701001037,2
191850701001038,2
191850701001039,2
191850701001040,2
191850701001041,2
191850701001042,2
191850701001043,2
191850701001044,2
191850701001045,2
191850701001046,2
191850701001071,2
191850701001072,2
191850701001073,2
191850701001074,2
191850701001075,2
191850701001076,2
191850701001077,2
191850701001078,2
191850701001079,2
191850701001143,2
191850701001148,2
191850701001149,2
191850701001150,2
191850701001151,2
191850701001152,2
191850701001153,2
191850701001154,2
191850701001155,2
191850701001156,2
191850702001000,2
191850702001005,2
191850702001116,2
191850702001117,2
191850702001118,2
191850702001121,2
191850702001122,2
191850701001066,2
191850701001067,2
191850701001068,2
191850701001083,2
191850701001084,2
191850701001085,2
191850701001086,2
191850701001092,2
191850701001093,2
191850701001094,2
191850701001095,2
191850701001096,2
191850701001097,2
191850701001099,2
191850701001100,2
191850701001101,2
191850701001102,2
191850701001103,2
191850701001104,2
191850701001105,2
191850701001106,2
191850701001107,2
191850701001108,2
191850701001109,2
191850701001110,2
191850701001111,2
191850701001113,2
191850701001114,2
191850701001115,2
191850701001116,2
191850701001117,2
191850701001118,2
191850701001119,2
191850701001125,2
191850701001126,2
191850701001127,2
191850701001128,2
191850701001130,2
191850701001133,2
191850701001134,2
191850701001069,2
191850701001070,2
191850701001080,2
191850701001081,2
191850701001082,2
191850701001087,2
191850701001088,2
191850701001089,2
191850701001090,2
191850701001091,2
191850701001120,2
191850701001121,2
191850701001122,2
191850701001123,2
191850701001124,2
191850701001129,2
191850701001131,2
191850701001132,2
191850701001141,2
191850701001142,2
191850701001144,2
191850701001157,2
191850701001158,2
191850701001159,2
191850701002000,2
191850701002068,2
191850701002069,2
191850701002074,2
191850701003000,2
191850701003001,2
191850701003002,2
191850701003003,2
191850701003004,2
191850701003005,2
191850701003006,2
191850701003007,2
191850701003008,2
191850701003009,2
191850701003010,2
191850701003011,2
191850701003012,2
191850701003013,2
191850701003014,2
191850701003015,2
191850701003018,2
191850701003019,2
191850701003064,2
191850701003087,2
191850701003088,2
191850701003089,2
191850701003091,2
191850701003094,2
191850702001176,2
191850702001177,2
191850701001135,2
191850701001136,2
191850701001137,2
191850701001138,2
191850701001139,2
191850701001140,2
191850701001147,2
191850703001000,2
191850703001001,2
191850703001002,2
191850703001003,2
191850703001004,2
191850703001139,2
191850703001140,2
191850703001141,2
191850703001142,2
191850703001143,2
191850703001144,2
191850703001145,2
191850703001233,2
191850703001234,2
191850703001235,2
191850703001236,2
191850703001237,2
191850703001238,2
191850703001239,2
191850703001240,2
191850703001241,2
191850703001242,2
191850703001243,2
191850703001244,2
191850703001247,2
191850703001248,2
191850703001249,2
191850703001250,2
191850703001251,2
191850703001255,2
191850703001256,2
191850703001257,2
191850703001258,2
191850703001259,2
191850703001260,2
191850703001261,2
191850703001262,2
191850703001357,2
191850703002000,2
191850703002001,2
191850703002002,2
191850703002003,2
191850703002004,2
191850703002005,2
191850703002006,2
191850703002007,2
191850703002008,2
191850703002009,2
191850703002010,2
191850703002011,2
191850703002012,2
191850703002013,2
191850703002014,2
191850703002015,2
191850703002016,2
191850703002017,2
191850703002018,2
191850703002019,2
191850703002020,2
191850703002021,2
191850703002022,2
191850703002023,2
191850703002024,2
191850703002025,2
191850703002026,2
191850703002027,2
191850703002028,2
191850703002029,2
191850703002030,2
191850703002031,2
191850703002032,2
191850703002033,2
191850703002034,2
191850703002035,2
191850703002036,2
191850703002037,2
191850703002038,2
191850703002039,2
191850703002040,2
191850703002041,2
191850703002042,2
191850703002043,2
191850703002044,2
191850703002045,2
191850703002046,2
191850703002047,2
191850703002048,2
191850703002049,2
191850703002050,2
191850703002051,2
191850703002052,2
191850703002053,2
191850703002054,2
191850703002055,2
191850703002056,2
191850703002057,2
191850703002058,2
191850703002059,2
191850703002060,2
191850703002061,2
191850703002062,2
191850703002063,2
191850703002064,2
191850703002065,2
191850703002066,2
191850703002067,2
191850703002068,2
191850703002069,2
191850703002070,2
191850703002071,2
191850703002072,2
191850703002073,2
191850703002074,2
191850703002075,2
191850703002076,2
191850703002077,2
191850703002078,2
191850703002079,2
191850703002080,2
191850703002081,2
191850703002082,2
191850703002083,2
191850703002084,2
191850703002085,2
191850703002086,2
191850703002087,2
191850703002088,2
191850703002089,2
191850701001145,2
191850701001146,2
191850701002071,2
191850701002073,2
191850701003016,2
191850701003017,2
191850701003092,2
191850703001005,2
191850703001006,2
191850703001007,2
191850703001008,2
191850703001009,2
191850703001010,2
191850703001011,2
191850703001012,2
191850703001093,2
191850703001094,2
191850703001095,2
191850703001096,2
191850703001097,2
191850703001098,2
191850703001099,2
191850703001100,2
191850703001101,2
191850703001102,2
191850703001103,2
191850703001104,2
191850703001105,2
191850703001106,2
191850703001107,2
191850703001108,2
191850703001109,2
191850703001110,2
191850703001111,2
191850703001113,2
191850703001123,2
191850703001124,2
191850703001125,2
191850703001131,2
191850703001132,2
191850703001133,2
191850703001134,2
191850703001135,2
191850703001136,2
191850703001137,2
191850703001138,2
191850703001146,2
191850703001147,2
191850703001148,2
191850703001149,2
191850703001150,2
191850703001151,2
191850703001152,2
191850703001153,2
191850703001154,2
191850703001155,2
191850703001156,2
191850703001157,2
191850703001158,2
191850703001159,2
191850703001160,2
191850703001161,2
191850703001163,2
191850703001164,2
191850703001218,2
191850703001219,2
191850703001224,2
191850703001225,2
191850703001226,2
191850703001227,2
191850703001228,2
191850703001229,2
191850703001230,2
191850703001231,2
191850703001232,2
191850703001273,2
191850703001274,2
191850703001275,2
191850703001276,2
191850703001277,2
191850703001363,2
191850703001364,2
191850703001365,2
191850701001160,2
191850701001161,2
191850701002001,2
191850701002002,2
191850701002004,2
191850701002005,2
191850701002055,2
191850701002066,2
191850701002067,2
191850702001108,2
191850702001109,2
191850702001123,2
191850702001124,2
191850702001125,2
191850702001156,2
191850702001157,2
191850702001158,2
191850702001165,2
191850702001166,2
191850702001167,2
191850702001168,2
191850702001169,2
191850702001170,2
191850702001171,2
191850702001174,2
191850702001175,2
191850702001178,2
191850702001179,2
191850702001180,2
191850702001181,2
191850702001182,2
191850702001183,2
191850702001184,2
191850702001185,2
191850702001186,2
191850702001187,2
191850702001198,2
191850702001199,2
191850702001200,2
191850702001346,2
191850701002003,2
191850701002006,2
191850701002007,2
191850701002008,2
191850701002009,2
191850701002010,2
191850701002011,2
191850701002012,2
191850701002013,2
191850701002014,2
191850701002015,2
191850701002016,2
191850701002017,2
191850701002018,2
191850701002019,2
191850701002020,2
191850701002021,2
191850701002022,2
191850701002023,2
191850701002024,2
191850701002025,2
191850701002026,2
191850701002027,2
191850701002028,2
191850701002029,2
191850701002030,2
191850701002031,2
191850701002032,2
191850701002033,2
191850701002034,2
191850701002035,2
191850701002036,2
191850701002037,2
191850701002038,2
191850701002039,2
191850701002040,2
191850701002041,2
191850701002042,2
191850701002043,2
191850701002044,2
191850701002045,2
191850701002046,2
191850701002047,2
191850701002048,2
191850701002049,2
191850701002050,2
191850701002051,2
191850701002052,2
191850701002053,2
191850701002054,2
191850701002056,2
191850701002057,2
191850701002058,2
191850701002059,2
191850701002060,2
191850701002061,2
191850701002062,2
191850701002063,2
191850701002064,2
191850701002065,2
191850701002070,2
191850701003020,2
191850701003021,2
191850701003022,2
191850701003023,2
191850701003024,2
191850701003025,2
191850701003026,2
191850701003027,2
191850701003028,2
191850701003029,2
191850701003030,2
191850701003031,2
191850701003032,2
191850701003033,2
191850701003034,2
191850701003035,2
191850701003036,2
191850701003037,2
191850701003038,2
191850701003039,2
191850701003040,2
191850701003041,2
191850701003042,2
191850701003043,2
191850701003044,2
191850701003045,2
191850701003046,2
191850701003047,2
191850701003048,2
191850701003049,2
191850701003050,2
191850701003051,2
191850701003052,2
191850701003053,2
191850701003054,2
191850701003055,2
191850701003056,2
191850701003057,2
191850701003058,2
191850701003059,2
191850701003060,2
191850701003061,2
191850701003062,2
191850701003063,2
191850701003065,2
191850701003066,2
191850701003067,2
191850701003068,2
191850701003069,2
191850701003070,2
191850701003071,2
191850701003072,2
191850701003073,2
191850701003074,2
191850701003075,2
191850701003076,2
191850701003077,2
191850701003078,2
191850701003079,2
191850701003080,2
191850701003081,2
191850701003082,2
191850701003083,2
191850701003084,2
191850701003085,2
191850701003086,2
191850701003090,2
191850701003093,2
191850701002072,2
191850702001196,2
191850702001197,2
191850702001214,2
191850702001215,2
191850702001216,2
191850702001219,2
191850702001220,2
191850702001222,2
191850702001226,2
191850702001227,2
191850703001013,2
191850703001014,2
191850703001015,2
191850703001016,2
191850703001017,2
191850703001018,2
191850703001019,2
191850703001020,2
191850703001021,2
191850703001022,2
191850703001023,2
191850703001024,2
191850703001025,2
191850703001026,2
191850703001027,2
191850703001028,2
191850703001029,2
191850703001030,2
191850703001031,2
191850703001032,2
191850703001033,2
191850703001034,2
191850703001035,2
191850703001036,2
191850703001037,2
191850703001038,2
191850703001039,2
191850703001040,2
191850703001041,2
191850703001042,2
191850703001043,2
191850703001044,2
191850703001045,2
191850703001046,2
191850703001047,2
191850703001048,2
191850703001049,2
191850703001050,2
191850703001051,2
191850703001052,2
191850703001053,2
191850703001054,2
191850703001055,2
191850703001056,2
191850703001057,2
191850703001058,2
191850703001059,2
191850703001060,2
191850703001061,2
191850703001062,2
191850703001063,2
191850703001064,2
191850703001065,2
191850703001066,2
191850703001067,2
191850703001068,2
191850703001069,2
191850703001070,2
191850703001071,2
191850703001072,2
191850703001073,2
191850703001074,2
191850703001075,2
191850703001076,2
191850703001077,2
191850703001078,2
191850703001079,2
191850703001080,2
191850703001081,2
191850703001082,2
191850703001083,2
191850703001084,2
191850703001085,2
191850703001086,2
191850703001087,2
191850703001088,2
191850703001089,2
191850703001090,2
191850703001091,2
191850703001092,2
191850703001112,2
191850703001114,2
191850703001115,2
191850703001116,2
191850703001117,2
191850703001118,2
191850703001119,2
191850703001120,2
191850703001121,2
191850703001122,2
191850703001126,2
191850703001127,2
191850703001128,2
191850703001129,2
191850703001130,2
191850703001172,2
191850703001173,2
191850703001174,2
191850703001175,2
191850703001176,2
191850703001177,2
191850703001178,2
191850703001179,2
191850703001180,2
191850703001181,2
191850703001367,2
191850703001368,2
191850703001371,2
191850702001001,2
191850702001002,2
191850702001003,2
191850702001004,2
191850702001006,2
191850702001007,2
191850702001008,2
191850702001009,2
191850702001010,2
191850702001011,2
191850702001012,2
191850702001013,2
191850702001014,2
191850702001015,2
191850702001016,2
191850702001017,2
191850702001018,2
191850702001019,2
191850702001020,2
191850702001021,2
191850702001022,2
191850702001059,2
191850702001060,2
191850702001061,2
191850702001062,2
191850702001086,2
191850702001087,2
191850702001088,2
191850702001090,2
191850702001091,2
191850702001095,2
191850702001096,2
191850702001097,2
191850702001098,2
191850702001099,2
191850702001100,2
191850702001101,2
191850702001102,2
191850702001103,2
191850702001104,2
191850702001105,2
191850702001106,2
191850702001110,2
191850702001111,2
191850702001112,2
191850702001113,2
191850702001114,2
191850702001115,2
191850702001119,2
191850702001120,2
191850702001172,2
191850702001173,2
191850702001348,2
191850702001349,2
191850702001350,2
191850702001352,2
191850702001354,2
191850702001355,2
191850702001356,2
191850702001023,2
191850702001024,2
191850702001025,2
191850702001026,2
191850702001027,2
191850702001028,2
191850702001029,2
191850702001030,2
191850702001031,2
191850702001032,2
191850702001033,2
191850702001034,2
191850702001035,2
191850702001036,2
191850702001037,2
191850702001038,2
191850702001039,2
191850702001040,2
191850702001041,2
191850702001042,2
191850702001043,2
191850702001044,2
191850702001045,2
191850702001046,2
191850702001047,2
191850702001048,2
191850702001049,2
191850702001050,2
191850702001051,2
191850702001052,2
191850702001053,2
191850702001054,2
191850702001055,2
191850702001056,2
191850702001057,2
191850702001058,2
191850702001063,2
191850702001064,2
191850702001065,2
191850702001066,2
191850702001067,2
191850702001068,2
191850702001069,2
191850702001070,2
191850702001071,2
191850702001072,2
191850702001073,2
191850702001074,2
191850702001075,2
191850702001076,2
191850702001077,2
191850702001078,2
191850702001079,2
191850702001080,2
191850702001081,2
191850702001082,2
191850702001083,2
191850702001084,2
191850702001085,2
191850702001089,2
191850702001092,2
191850702001093,2
191850702001094,2
191850702001107,2
191850702001127,2
191850702001128,2
191850702001129,2
191850702001130,2
191850702001131,2
191850702001132,2
191850702001133,2
191850702001347,2
191850702001353,2
191850702001126,2
191850702001134,2
191850702001135,2
191850702001136,2
191850702001137,2
191850702001138,2
191850702001139,2
191850702001140,2
191850702001141,2
191850702001142,2
191850702001143,2
191850702001144,2
191850702001145,2
191850702001146,2
191850702001147,2
191850702001148,2
191850702001149,2
191850702001150,2
191850702001151,2
191850702001152,2
191850702001153,2
191850702001154,2
191850702001155,2
191850702001159,2
191850702001160,2
191850702001161,2
191850702001162,2
191850702001163,2
191850702001164,2
191850702001188,2
191850702001189,2
191850702001190,2
191850702001191,2
191850702001192,2
191850702001357,2
191850702001193,2
191850702001194,2
191850702001195,2
191850702001201,2
191850702001202,2
191850702001203,2
191850702001204,2
191850702001205,2
191850702001206,2
191850702001207,2
191850702001208,2
191850702001209,2
191850702001210,2
191850702001211,2
191850702001212,2
191850702001213,2
191850702001217,2
191850702001218,2
191850702001221,2
191850702001223,2
191850702001224,2
191850702001225,2
191850702001228,2
191850702001229,2
191850702001230,2
191850702001231,2
191850702001256,2
191850702001257,2
191850702001258,2
191850702001259,2
191850702001260,2
191850702001265,2
191850702001274,2
191850702001232,2
191850702001233,2
191850702001234,2
191850702001235,2
191850702001236,2
191850702001237,2
191850702001240,2
191850702001241,2
191850702001242,2
191850702001243,2
191850702001244,2
191850702001245,2
191850702001246,2
191850702001247,2
191850702001248,2
191850702001249,2
191850702001250,2
191850702001340,2
191850702001341,2
191850702001342,2
191850702001343,2
191850702001351,2
191850702001238,2
191850702001239,2
191850702001251,2
191850702001252,2
191850702001253,2
191850702001254,2
191850702001255,2
191850702001261,2
191850702001262,2
191850702001263,2
191850702001264,2
191850702001266,2
191850702001267,2
191850702001268,2
191850702001269,2
191850702001270,2
191850702001271,2
191850702001272,2
191850702001273,2
191850702001275,2
191850702001276,2
191850702001277,2
191850702001278,2
191850702001279,2
191850702001280,2
191850702001281,2
191850702001282,2
191850702001283,2
191850702001284,2
191850702001285,2
191850702001286,2
191850702001287,2
191850702001288,2
191850702001289,2
191850702001290,2
191850702001291,2
191850702001292,2
191850702001293,2
191850702001294,2
191850702001295,2
191850702001296,2
191850702001297,2
191850702001298,2
191850702001299,2
191850702001300,2
191850702001301,2
191850702001302,2
191850702001303,2
191850702001304,2
191850702001305,2
191850702001306,2
191850702001307,2
191850702001308,2
191850702001309,2
191850702001310,2
191850702001311,2
191850702001312,2
191850702001313,2
191850702001314,2
191850702001315,2
191850702001316,2
191850702001317,2
191850702001318,2
191850702001319,2
191850702001320,2
191850702001321,2
191850702001322,2
191850702001323,2
191850702001324,2
191850702001325,2
191850702001326,2
191850702001327,2
191850702001328,2
191850702001329,2
191850702001330,2
191850702001331,2
191850702001332,2
191850702001333,2
191850702001334,2
191850702001335,2
191850702001336,2
191850702001337,2
191850702001338,2
191850702001339,2
191850702001344,2
191850702001345,2
191850703001162,2
191850703001209,2
191850703001210,2
191850703001211,2
191850703001212,2
191850703001213,2
191850703001214,2
191850703001215,2
191850703001216,2
191850703001217,2
191850703001220,2
191850703001221,2
191850703001222,2
191850703001223,2
191850703001271,2
191850703001272,2
191850703001278,2
191850703001280,2
191850703001281,2
191850703001282,2
191850703001283,2
191850703001284,2
191850703001312,2
191850703001313,2
191850703001314,2
191850703001315,2
191850703001316,2
191850703001317,2
191850703001318,2
191850703001319,2
191850703001320,2
191850703001321,2
191850703001322,2
191850703001323,2
191850703001324,2
191850703001325,2
191850703001326,2
191850703001327,2
191850703001328,2
191850703001329,2
191850703001330,2
191850703001331,2
191850703001332,2
191850703001333,2
191850703001334,2
191850703001335,2
191850703001336,2
191850703001337,2
191850703001338,2
191850703001339,2
191850703001340,2
191850703001341,2
191850703001348,2
191850703001349,2
191850703001352,2
191850703001358,2
191850703001359,2
191850703001165,2
191850703001166,2
191850703001167,2
191850703001168,2
191850703001169,2
191850703001170,2
191850703001171,2
191850703001182,2
191850703001183,2
191850703001184,2
191850703001185,2
191850703001186,2
191850703001187,2
191850703001188,2
191850703001189,2
191850703001190,2
191850703001191,2
191850703001192,2
191850703001193,2
191850703001194,2
191850703001195,2
191850703001196,2
191850703001197,2
191850703001198,2
191850703001199,2
191850703001200,2
191850703001201,2
191850703001202,2
191850703001203,2
191850703001204,2
191850703001205,2
191850703001206,2
191850703001207,2
191850703001208,2
191850703001342,2
191850703001343,2
191850703001344,2
191850703001360,2
191850703001361,2
191850703001362,2
191850703001366,2
191850703001369,2
191850703001370,2
191850703001245,2
191850703001246,2
191850703001252,2
191850703001253,2
191850703001254,2
191850703001263,2
191850703001264,2
191850703001265,2
191850703001266,2
191850703001267,2
191850703001268,2
191850703001269,2
191850703001270,2
191850703001279,2
191850703001285,2
191850703001286,2
191850703001287,2
191850703001288,2
191850703001289,2
191850703001290,2
191850703001291,2
191850703001292,2
191850703001293,2
191850703001294,2
191850703001295,2
191850703001296,2
191850703001297,2
191850703001298,2
191850703001299,2
191850703001300,2
191850703001301,2
191850703001302,2
191850703001303,2
191850703001304,2
191850703001305,2
191850703001306,2
191850703001307,2
191850703001308,2
191850703001309,2
191850703001310,2
191850703001311,2
191850703001345,2
191850703001346,2
191850703001347,2
191850703001350,2
191850703001351,2
191850703001353,2
191850703001354,2
191850703001355,2
191850703001356,2
191870001011000,4
191870001011001,4
191870001011002,4
191870001011003,4
191870001011004,4
191870001011005,4
191870001011007,4
191870001011011,4
191870001011015,4
191870001023000,4
191870001023001,4
191870001023002,4
191870001023003,4
191870001023004,4
191870001023005,4
191870001023006,4
191870001023007,4
191870001023018,4
191870001023019,4
191870001024000,4
191870001024001,4
191870001024002,4
191870002001001,4
191870002001003,4
191870002001006,4
191870002001007,4
191870005001028,4
191870005001029,4
191870005001030,4
191870005001031,4
191870005001032,4
191870005001033,4
191870005001034,4
191870005001035,4
191870005001036,4
191870005001037,4
191870005001038,4
191870005001039,4
191870005001040,4
191870005001041,4
191870005001042,4
191870005001043,4
191870005001044,4
191870005001047,4
191870005001048,4
191870005001049,4
191870005002000,4
191870005002001,4
191870005002002,4
191870005002003,4
191870005002005,4
191870005002008,4
191870005002009,4
191870005002024,4
191870005002025,4
191870005002026,4
191870005002027,4
191870005002028,4
191870005002029,4
191870005002030,4
191870005002031,4
191870005002032,4
191870005002033,4
191870005002034,4
191870005002036,4
191870005002037,4
191870006004022,4
191870009003034,4
191870009003035,4
191870009003036,4
191870009003037,4
191870001011006,4
191870001011012,4
191870001011013,4
191870002001000,4
191870002001002,4
191870002001004,4
191870002001005,4
191870002001008,4
191870002001009,4
191870002001010,4
191870002001011,4
191870002001012,4
191870002001013,4
191870002001014,4
191870002001015,4
191870002001016,4
191870002001017,4
191870002001018,4
191870002001019,4
191870002001020,4
191870002001021,4
191870002001022,4
191870002001023,4
191870002001024,4
191870002001025,4
191870002001026,4
191870002001027,4
191870002001028,4
191870002001029,4
191870002001030,4
191870002001031,4
191870002001032,4
191870002001033,4
191870002001034,4
191870002001035,4
191870002002000,4
191870002002001,4
191870002002002,4
191870002002003,4
191870002002004,4
191870002002005,4
191870002002006,4
191870002002007,4
191870002002008,4
191870002002009,4
191870002002010,4
191870002002011,4
191870002002012,4
191870002002013,4
191870002002014,4
191870002002015,4
191870002002017,4
191870002002018,4
191870001011008,4
191870001011009,4
191870001011010,4
191870001011014,4
191870001011016,4
191870001011017,4
191870001011018,4
191870001011019,4
191870001011020,4
191870001011021,4
191870001011022,4
191870001011023,4
191870001011024,4
191870001011025,4
191870001011027,4
191870001011028,4
191870001011029,4
191870001011030,4
191870001011031,4
191870001011032,4
191870001012000,4
191870001012001,4
191870001012002,4
191870001012003,4
191870001012004,4
191870001012005,4
191870001012006,4
191870001012007,4
191870001012008,4
191870001012009,4
191870001012010,4
191870001012011,4
191870001012012,4
191870001012013,4
191870001011026,4
191870001013002,4
191870001013003,4
191870001013004,4
191870001013005,4
191870001013006,4
191870001013007,4
191870001013008,4
191870001013009,4
191870001013010,4
191870001013011,4
191870001013015,4
191870001013019,4
191870001013020,4
191870001022003,4
191870001022004,4
191870001022005,4
191870001022006,4
191870001022012,4
191870001022013,4
191870001022014,4
191870001022015,4
191870004001000,4
191870004001001,4
191870004001003,4
191870004001004,4
191870004001005,4
191870004001006,4
191870004001007,4
191870004001008,4
191870004001009,4
191870004001015,4
191870004001016,4
191870004001017,4
191870004001018,4
191870004001019,4
191870004001020,4
191870004001021,4
191870004001022,4
191870004001023,4
191870004001024,4
191870004001025,4
191870004001026,4
191870004001027,4
191870004001028,4
191870004001029,4
191870004001030,4
191870004002000,4
191870004002001,4
191870004002002,4
191870004002003,4
191870004002004,4
191870004002005,4
191870004002006,4
191870004002007,4
191870004002008,4
191870004002009,4
191870004002010,4
191870004002011,4
191870004002012,4
191870004002013,4
191870004002015,4
191870004002019,4
191870001012014,4
191870001012015,4
191870001012021,4
191870001012022,4
191870001012023,4
191870001012024,4
191870001012025,4
191870001012026,4
191870001012027,4
191870001012028,4
191870001021000,4
191870001021001,4
191870001021007,4
191870001021017,4
191870001021018,4
191870001021019,4
191870001023008,4
191870001023009,4
191870001023010,4
191870001023011,4
191870001023012,4
191870001023013,4
191870001023014,4
191870001023015,4
191870001023016,4
191870001023017,4
191870001023020,4
191870001024003,4
191870001024004,4
191870001024005,4
191870001024006,4
191870001024007,4
191870001024010,4
191870001024011,4
191870001024012,4
191870001024013,4
191870001024014,4
191870001024015,4
191870001024016,4
191870001024023,4
191870001024025,4
191870001012016,4
191870001012017,4
191870001012018,4
191870001012019,4
191870001012020,4
191870001012029,4
191870001013000,4
191870001013001,4
191870001013012,4
191870001013013,4
191870001013014,4
191870001013016,4
191870001013017,4
191870001013018,4
191870001013021,4
191870001013022,4
191870001013023,4
191870001013024,4
191870001021002,4
191870001021003,4
191870001021004,4
191870001021005,4
191870001021006,4
191870001021008,4
191870001021009,4
191870001021010,4
191870001021011,4
191870001021012,4
191870001021013,4
191870001021014,4
191870001021015,4
191870001021016,4
191870001021020,4
191870001021021,4
191870001021022,4
191870001021023,4
191870001021024,4
191870001022000,4
191870001022001,4
191870001022002,4
191870001022007,4
191870001022008,4
191870001022009,4
191870001022010,4
191870001022011,4
191870001022016,4
191870001024008,4
191870001024009,4
191870001024017,4
191870001024018,4
191870001024019,4
191870001024020,4
191870001024021,4
191870001024022,4
191870001024024,4
191870005002004,4
191870005002006,4
191870005002007,4
191870005002010,4
191870005002011,4
191870005002012,4
191870005002013,4
191870005002014,4
191870005002015,4
191870005002016,4
191870005002017,4
191870005002018,4
191870005002019,4
191870005002020,4
191870005002021,4
191870005002022,4
191870005002023,4
191870005002035,4
191870006001028,4
191870006002000,4
191870006002001,4
191870006002002,4
191870006002003,4
191870006002004,4
191870006002005,4
191870006002006,4
191870006002007,4
191870006002008,4
191870006002009,4
191870006002010,4
191870006002011,4
191870006002012,4
191870006002013,4
191870006002014,4
191870006002015,4
191870006002016,4
191870006002017,4
191870006002018,4
191870006002019,4
191870006002020,4
191870006002021,4
191870006002022,4
191870006002023,4
191870006002024,4
191870006002025,4
191870006002026,4
191870006002027,4
191870006002028,4
191870006002029,4
191870006002030,4
191870006002031,4
191870006002032,4
191870006002033,4
191870006002034,4
191870006002035,4
191870006002036,4
191870006002037,4
191870006002038,4
191870006002039,4
191870006002040,4
191870006002041,4
191870006002042,4
191870006002043,4
191870006002044,4
191870006002045,4
191870006002046,4
191870006002047,4
191870006002048,4
191870006002049,4
191870006002050,4
191870006002051,4
191870006002052,4
191870006002053,4
191870006002054,4
191870006004000,4
191870006004001,4
191870002002016,4
191870002002019,4
191870002002020,4
191870002002021,4
191870002002022,4
191870002002023,4
191870002003000,4
191870002003001,4
191870002003002,4
191870002003003,4
191870002003004,4
191870002003005,4
191870002003006,4
191870002003007,4
191870002003008,4
191870002003009,4
191870002003010,4
191870002003011,4
191870002003012,4
191870002003013,4
191870002003014,4
191870002003015,4
191870002003016,4
191870002003017,4
191870002003018,4
191870002003019,4
191870002003020,4
191870002003021,4
191870002003022,4
191870002003023,4
191870002003024,4
191870002003025,4
191870002003026,4
191870002003027,4
191870002003028,4
191870002003029,4
191870002003030,4
191870002003031,4
191870002003032,4
191870002003033,4
191870002003034,4
191870002003035,4
191870002003036,4
191870002003037,4
191870002003038,4
191870002003039,4
191870002003040,4
191870002003041,4
191870002003042,4
191870002003043,4
191870004001002,4
191870004001010,4
191870004001011,4
191870004001012,4
191870004001013,4
191870004001014,4
191870004003000,4
191870004003001,4
191870004003002,4
191870003001000,4
191870003001001,4
191870003001002,4
191870003001003,4
191870003002000,4
191870003002001,4
191870003002002,4
191870003002003,4
191870003002004,4
191870003002005,4
191870003002006,4
191870003002007,4
191870003002008,4
191870003002009,4
191870003002010,4
191870003002029,4
191870003002030,4
191870003002031,4
191870009001003,4
191870009001004,4
191870009001005,4
191870009001006,4
191870009001007,4
191870009001018,4
191870009001019,4
191870009001020,4
191870009001036,4
191870009001037,4
191870009001038,4
191870009001039,4
191870009001042,4
191870009001043,4
191870009001045,4
191870009003020,4
191870009003021,4
191870009003022,4
191870009003024,4
191870009003025,4
191870102001119,4
191870102001120,4
191870102001131,4
191870102001132,4
191870102001133,4
191870102001134,4
191870102001136,4
191870102001137,4
191870102001138,4
191870102001139,4
191870102001160,4
191870102001161,4
191870102001162,4
191870102001163,4
191870102001164,4
191870102001165,4
191870102001166,4
191870102001167,4
191870102001168,4
191870102001169,4
191870102001170,4
191870102001171,4
191870102001172,4
191870102001173,4
191870102001186,4
191870102001187,4
191870102001188,4
191870102001189,4
191870102001190,4
191870102001191,4
191870102001192,4
191870102001225,4
191870102001226,4
191870102001227,4
191870102001228,4
191870102001229,4
191870102001230,4
191870102001231,4
191870102001238,4
191870102001239,4
191870102001240,4
191870102001241,4
191870102001242,4
191870102001243,4
191870102001244,4
191870102001245,4
191870102001246,4
191870102001247,4
191870102001249,4
191870102001254,4
191870102001255,4
191870102001256,4
191870102001257,4
191870102001258,4
191870102001259,4
191870102001262,4
191870102001263,4
191870102001264,4
191870102001274,4
191870003001004,4
191870003001005,4
191870003001006,4
191870003001007,4
191870003001008,4
191870003001009,4
191870003001010,4
191870003001011,4
191870003001012,4
191870003001013,4
191870003001014,4
191870003001015,4
191870003001016,4
191870003001017,4
191870003001018,4
191870003001019,4
191870003001020,4
191870003001021,4
191870003001022,4
191870003001023,4
191870003001024,4
191870003001025,4
191870003001026,4
191870003001027,4
191870003001028,4
191870003002011,4
191870003002012,4
191870003002013,4
191870003002014,4
191870003002015,4
191870003002016,4
191870003002017,4
191870003002018,4
191870003002019,4
191870003002020,4
191870003002021,4
191870003002022,4
191870003002023,4
191870003002024,4
191870003002025,4
191870003002026,4
191870003002027,4
191870003002028,4
191870003002032,4
191870003002033,4
191870003002034,4
191870003002035,4
191870003002036,4
191870009001000,4
191870009001001,4
191870009001002,4
191870009001008,4
191870009001009,4
191870009001010,4
191870009001011,4
191870009001012,4
191870009001013,4
191870009001016,4
191870009001026,4
191870009001032,4
191870009002000,4
191870009002001,4
191870009002002,4
191870009002003,4
191870009002004,4
191870009002005,4
191870009002006,4
191870009002007,4
191870009002008,4
191870009002009,4
191870009002010,4
191870009002011,4
191870009002012,4
191870009002013,4
191870009002014,4
191870009002015,4
191870009002016,4
191870009002017,4
191870009002018,4
191870009002019,4
191870009002020,4
191870009002021,4
191870009002022,4
191870009002023,4
191870009002024,4
191870009002025,4
191870009002026,4
191870009002027,4
191870009002028,4
191870009002029,4
191870009002030,4
191870009002031,4
191870004002014,4
191870004002016,4
191870004002017,4
191870004002018,4
191870004002020,4
191870004002021,4
191870004002022,4
191870006001000,4
191870006001001,4
191870006001002,4
191870006001003,4
191870006001004,4
191870006001005,4
191870006001006,4
191870006001007,4
191870006001008,4
191870006001009,4
191870006001010,4
191870006001011,4
191870006001012,4
191870006001013,4
191870006001014,4
191870006001015,4
191870006001016,4
191870006001017,4
191870006001018,4
191870006001019,4
191870006001020,4
191870006001021,4
191870006001022,4
191870006001023,4
191870006001024,4
191870006001025,4
191870006001026,4
191870006001027,4
191870006003005,4
191870006003006,4
191870006003007,4
191870006003008,4
191870006003009,4
191870006003010,4
191870006003011,4
191870006003012,4
191870007001000,4
191870007001001,4
191870007001002,4
191870007001003,4
191870007001004,4
191870007001005,4
191870007001006,4
191870007001007,4
191870007001008,4
191870007001009,4
191870007001010,4
191870007001011,4
191870007001012,4
191870007001013,4
191870007001014,4
191870007001015,4
191870007001016,4
191870007001017,4
191870007001018,4
191870007001019,4
191870007001020,4
191870007001021,4
191870007001022,4
191870007001023,4
191870007001024,4
191870007001025,4
191870007001026,4
191870007001027,4
191870007001028,4
191870007001029,4
191870007001030,4
191870007001031,4
191870007001032,4
191870007001033,4
191870007001034,4
191870007001035,4
191870007001036,4
191870007001037,4
191870007002000,4
191870007002001,4
191870007002002,4
191870007002028,4
191870007002029,4
191870007002030,4
191870007003000,4
191870007003001,4
191870007003002,4
191870007003007,4
191870007003008,4
191870007003009,4
191870007003010,4
191870007003011,4
191870007003012,4
191870007003025,4
191870007003026,4
191870007003027,4
191870007003028,4
191870004003003,4
191870004003004,4
191870004003005,4
191870004003006,4
191870004003007,4
191870004003008,4
191870004003009,4
191870004003010,4
191870004003011,4
191870004003012,4
191870004003013,4
191870004003014,4
191870004003015,4
191870004003016,4
191870004003017,4
191870004003018,4
191870004003019,4
191870004003020,4
191870005001000,4
191870005001001,4
191870005001002,4
191870005001003,4
191870005001004,4
191870005001005,4
191870005001006,4
191870005001007,4
191870005001008,4
191870005001009,4
191870005001010,4
191870005001011,4
191870005001012,4
191870005001013,4
191870005001014,4
191870005001015,4
191870005001016,4
191870005001017,4
191870005001018,4
191870005001019,4
191870005001020,4
191870005001021,4
191870005001022,4
191870005001023,4
191870005001024,4
191870005001025,4
191870005001026,4
191870005001027,4
191870005001045,4
191870005001046,4
191870005001050,4
191870005001053,4
191870007002003,4
191870007002004,4
191870007002005,4
191870007002006,4
191870007002007,4
191870007002008,4
191870007002009,4
191870007002010,4
191870007002011,4
191870007002012,4
191870007002013,4
191870007002014,4
191870007002015,4
191870007002016,4
191870007002017,4
191870007002018,4
191870007002019,4
191870007002020,4
191870007002021,4
191870007002022,4
191870007002023,4
191870007002024,4
191870007002025,4
191870007002026,4
191870007002027,4
191870007002031,4
191870007002032,4
191870007002033,4
191870007003003,4
191870007003004,4
191870007003005,4
191870007003006,4
191870007003013,4
191870007003014,4
191870007003015,4
191870007003016,4
191870007003017,4
191870007003018,4
191870007003019,4
191870007003020,4
191870007003021,4
191870007003022,4
191870007003023,4
191870007003024,4
191870007003029,4
191870007003030,4
191870005001051,4
191870005001052,4
191870005002038,4
191870005002039,4
191870005002040,4
191870005002041,4
191870005002042,4
191870005002043,4
191870005002044,4
191870005002045,4
191870005002046,4
191870005002047,4
191870005002048,4
191870005002049,4
191870005002050,4
191870005002051,4
191870005002052,4
191870005002053,4
191870005002054,4
191870005002055,4
191870005002056,4
191870005002057,4
191870005002058,4
191870005002059,4
191870005002060,4
191870005002061,4
191870101001097,4
191870101001098,4
191870101001099,4
191870101001100,4
191870101001101,4
191870101001102,4
191870101001103,4
191870101001104,4
191870101001110,4
191870101001111,4
191870101001112,4
191870101001113,4
191870101001114,4
191870101001151,4
191870006003000,4
191870006003001,4
191870006003002,4
191870006003003,4
191870006003004,4
191870006003013,4
191870006003014,4
191870006003015,4
191870006003016,4
191870006003017,4
191870006003018,4
191870006003019,4
191870006003020,4
191870006003021,4
191870006003022,4
191870006003023,4
191870006003024,4
191870006003025,4
191870006003026,4
191870006004002,4
191870006004003,4
191870006004004,4
191870006004005,4
191870006004006,4
191870006004007,4
191870006004008,4
191870006004009,4
191870006004010,4
191870006004011,4
191870006004012,4
191870006004013,4
191870006004014,4
191870006004015,4
191870006004016,4
191870006004017,4
191870006004018,4
191870006004019,4
191870006004020,4
191870006004021,4
191870006004023,4
191870006004024,4
191870006004025,4
191870006004026,4
191870006004027,4
191870006004028,4
191870006004029,4
191870006004030,4
191870006004031,4
191870006004032,4
191870006004033,4
191870006004034,4
191870006004035,4
191870006004036,4
191870006004037,4
191870006004038,4
191870006004039,4
191870009001014,4
191870009001015,4
191870009001017,4
191870009001021,4
191870009001022,4
191870009001023,4
191870009001024,4
191870009001025,4
191870009001027,4
191870009001028,4
191870009001029,4
191870009001030,4
191870009001031,4
191870009001033,4
191870009001034,4
191870009001035,4
191870009001044,4
191870009003000,4
191870009003001,4
191870009003002,4
191870009003003,4
191870009003004,4
191870009003005,4
191870009003006,4
191870009003007,4
191870009003008,4
191870009003009,4
191870009003010,4
191870009003011,4
191870009003012,4
191870009003013,4
191870009003014,4
191870009003015,4
191870009003016,4
191870009003017,4
191870009003018,4
191870009003019,4
191870009003023,4
191870009003073,4
191870009001040,4
191870009001041,4
191870009003026,4
191870009003027,4
191870009003028,4
191870009003029,4
191870009003030,4
191870009003031,4
191870009003032,4
191870009003033,4
191870009003038,4
191870009003039,4
191870009003040,4
191870009003041,4
191870009003042,4
191870009003043,4
191870009003049,4
191870009003050,4
191870009003051,4
191870009003052,4
191870009003053,4
191870009003055,4
191870009003056,4
191870009003057,4
191870009003058,4
191870009003059,4
191870009003060,4
191870009003061,4
191870009003062,4
191870009003063,4
191870009003064,4
191870009003065,4
191870009003066,4
191870009003067,4
191870009003068,4
191870009003069,4
191870009003070,4
191870009003071,4
191870009003072,4
191870009003074,4
191870103001000,4
191870103001001,4
191870103001002,4
191870103001003,4
191870103001004,4
191870103001005,4
191870103001006,4
191870103001007,4
191870103001008,4
191870103001009,4
191870103001010,4
191870103001011,4
191870103001012,4
191870103001013,4
191870103001014,4
191870103001015,4
191870103001016,4
191870103001017,4
191870103001018,4
191870103001019,4
191870103001020,4
191870103001021,4
191870103001022,4
191870103001023,4
191870103001024,4
191870103001025,4
191870103001026,4
191870103001027,4
191870103001028,4
191870103001029,4
191870103001030,4
191870103001031,4
191870103001033,4
191870103001034,4
191870103001035,4
191870103001036,4
191870103001037,4
191870103002000,4
191870103002001,4
191870103002020,4
191870103002021,4
191870103002028,4
191870103002029,4
191870103002031,4
191870103002032,4
191870103002033,4
191870103002034,4
191870103002091,4
191870103002092,4
191870009003044,4
191870009003045,4
191870009003046,4
191870009003047,4
191870009003048,4
191870009003054,4
191870104003000,4
191870104003001,4
191870104003002,4
191870104003003,4
191870104003004,4
191870104003005,4
191870104003006,4
191870104003007,4
191870104003008,4
191870104003009,4
191870104003010,4
191870104003011,4
191870104003012,4
191870104003013,4
191870104003014,4
191870104003015,4
191870104003016,4
191870104003017,4
191870104003018,4
191870104003019,4
191870104003020,4
191870104003021,4
191870104003022,4
191870104003023,4
191870104003024,4
191870104003025,4
191870104003026,4
191870104003027,4
191870104003028,4
191870104003029,4
191870104003030,4
191870104003031,4
191870104003032,4
191870104003033,4
191870104003034,4
191870104003035,4
191870104003036,4
191870104003037,4
191870104003038,4
191870104003039,4
191870104003040,4
191870104003041,4
191870104003042,4
191870104003043,4
191870104003044,4
191870104003045,4
191870104003046,4
191870104003047,4
191870104003048,4
191870104003049,4
191870104003051,4
191870104003052,4
191870104003053,4
191870104003054,4
191870104003055,4
191870104003056,4
191870104003057,4
191870104003058,4
191870104003059,4
191870104003060,4
191870104003061,4
191870104004023,4
191870104004024,4
191870104004025,4
191870101001000,4
191870101001001,4
191870101001022,4
191870101001023,4
191870101001024,4
191870101001025,4
191870101001026,4
191870101001027,4
191870101001039,4
191870101001065,4
191870101001066,4
191870101001067,4
191870101001068,4
191870101001069,4
191870101001070,4
191870101001071,4
191870101001072,4
191870101001073,4
191870101001074,4
191870101001075,4
191870101001076,4
191870101001077,4
191870101001078,4
191870101001079,4
191870101001080,4
191870101001081,4
191870101001082,4
191870101001083,4
191870101001084,4
191870101001085,4
191870101001086,4
191870101001087,4
191870101001088,4
191870101001089,4
191870101001090,4
191870101001091,4
191870101001092,4
191870101001093,4
191870101001094,4
191870101001095,4
191870101001096,4
191870101001105,4
191870101001106,4
191870101001107,4
191870101001108,4
191870101001109,4
191870101001115,4
191870101001116,4
191870101001117,4
191870101001118,4
191870101001119,4
191870101001120,4
191870101001121,4
191870101001122,4
191870101001123,4
191870101001124,4
191870101001125,4
191870101001126,4
191870101001127,4
191870101001128,4
191870101001129,4
191870101001130,4
191870101001131,4
191870101001132,4
191870101001133,4
191870101001134,4
191870101001135,4
191870101001136,4
191870101001137,4
191870101001138,4
191870101001139,4
191870101001140,4
191870101001141,4
191870101001142,4
191870101001143,4
191870101001144,4
191870101001145,4
191870101001146,4
191870101001147,4
191870101001148,4
191870101001149,4
191870101001150,4
191870101001002,4
191870101001011,4
191870101001019,4
191870101001020,4
191870101001028,4
191870101001029,4
191870101001030,4
191870101001031,4
191870101001032,4
191870101001033,4
191870101001034,4
191870101001035,4
191870101001036,4
191870101001037,4
191870101001040,4
191870101001041,4
191870101001042,4
191870101001043,4
191870101001044,4
191870101001045,4
191870101001046,4
191870101001047,4
191870101001048,4
191870101001049,4
191870101001050,4
191870101001051,4
191870101001052,4
191870101001053,4
191870101001054,4
191870101001055,4
191870101001056,4
191870101001057,4
191870101001058,4
191870101001059,4
191870101001060,4
191870101001061,4
191870101001062,4
191870101001063,4
191870101001064,4
191870101001003,4
191870101001004,4
191870101001005,4
191870101001006,4
191870101001007,4
191870101001008,4
191870101001009,4
191870101001010,4
191870101001012,4
191870101001013,4
191870101001014,4
191870101001015,4
191870101001016,4
191870101001017,4
191870101001018,4
191870101001021,4
191870101001038,4
191870101002080,4
191870101002081,4
191870101002082,4
191870101002084,4
191870101002085,4
191870101002086,4
191870101002087,4
191870101002091,4
191870101002092,4
191870101002093,4
191870101002094,4
191870101002095,4
191870101002097,4
191870101002098,4
191870101002099,4
191870101002100,4
191870101002101,4
191870101002102,4
191870101002103,4
191870101002104,4
191870101002105,4
191870101002106,4
191870101002107,4
191870101002108,4
191870101002109,4
191870101002110,4
191870101002111,4
191870101002112,4
191870101002113,4
191870101002114,4
191870101002115,4
191870101002116,4
191870101002117,4
191870101002118,4
191870101002119,4
191870101002120,4
191870101002121,4
191870101002122,4
191870101002123,4
191870101002124,4
191870101002000,4
191870101002001,4
191870101002002,4
191870101002003,4
191870101002004,4
191870101002005,4
191870101002006,4
191870101002007,4
191870101002008,4
191870101002009,4
191870101002010,4
191870101002011,4
191870101002012,4
191870101002013,4
191870101002014,4
191870101002015,4
191870101002016,4
191870101002017,4
191870101002018,4
191870101002019,4
191870101002020,4
191870101002021,4
191870101002022,4
191870101002023,4
191870101002024,4
191870101002025,4
191870101002026,4
191870101002027,4
191870101002028,4
191870101002029,4
191870101002030,4
191870101002031,4
191870101002032,4
191870101002033,4
191870101002034,4
191870101002035,4
191870101002036,4
191870101002037,4
191870101002038,4
191870101002039,4
191870101002040,4
191870101002041,4
191870101002042,4
191870101002043,4
191870101002044,4
191870101002045,4
191870101002046,4
191870101002047,4
191870101002048,4
191870101002049,4
191870101002050,4
191870101002051,4
191870101002052,4
191870101002053,4
191870101002054,4
191870101002055,4
191870101002056,4
191870101002057,4
191870101002058,4
191870101002059,4
191870101002060,4
191870101002061,4
191870101002062,4
191870101002063,4
191870101002064,4
191870101002065,4
191870101002066,4
191870101002067,4
191870101002068,4
191870101002069,4
191870101002070,4
191870101002071,4
191870101002072,4
191870101002073,4
191870101002074,4
191870101002075,4
191870101002076,4
191870101002077,4
191870101002078,4
191870101002079,4
191870101002083,4
191870101002088,4
191870101002089,4
191870101002090,4
191870101002096,4
191870101003000,4
191870101003001,4
191870101003002,4
191870101003003,4
191870101003004,4
191870101003005,4
191870101003006,4
191870101003007,4
191870101003008,4
191870101003009,4
191870101003010,4
191870101003011,4
191870101003012,4
191870101003013,4
191870101003014,4
191870101003015,4
191870101003016,4
191870101003017,4
191870101003018,4
191870101003019,4
191870101003020,4
191870101003021,4
191870101003022,4
191870101003023,4
191870101003024,4
191870101003025,4
191870101003026,4
191870101003027,4
191870101003028,4
191870101003029,4
191870101003030,4
191870101003031,4
191870101003032,4
191870101003033,4
191870101003034,4
191870101003035,4
191870101003036,4
191870101003037,4
191870101003038,4
191870101003039,4
191870101003040,4
191870101003041,4
191870101003042,4
191870101003043,4
191870101003044,4
191870101003045,4
191870101003046,4
191870101003047,4
191870101003048,4
191870101003049,4
191870101003050,4
191870101003051,4
191870101003052,4
191870101003053,4
191870101003054,4
191870101003055,4
191870101003056,4
191870101003057,4
191870101003058,4
191870101003059,4
191870101003060,4
191870101003061,4
191870101003062,4
191870101003063,4
191870101003064,4
191870101003065,4
191870101003066,4
191870101003067,4
191870101003068,4
191870101003069,4
191870101003070,4
191870101003071,4
191870101003072,4
191870101003073,4
191870101003074,4
191870101003075,4
191870101003076,4
191870101003077,4
191870101003078,4
191870101003079,4
191870101003080,4
191870101003081,4
191870102001000,4
191870102001001,4
191870102001002,4
191870102001003,4
191870102001004,4
191870102001005,4
191870102001006,4
191870102001007,4
191870102001008,4
191870102001009,4
191870102001010,4
191870102001025,4
191870102001026,4
191870102001027,4
191870102001028,4
191870102001029,4
191870102001030,4
191870102001031,4
191870102001032,4
191870102001033,4
191870102001034,4
191870102001035,4
191870102001041,4
191870102001042,4
191870102001043,4
191870102001044,4
191870102001045,4
191870102001046,4
191870102001047,4
191870102001048,4
191870102001049,4
191870102001050,4
191870102001051,4
191870102001052,4
191870102001053,4
191870102001054,4
191870102001055,4
191870102001056,4
191870102001057,4
191870102001058,4
191870102001059,4
191870102001060,4
191870102001061,4
191870102001062,4
191870102001114,4
191870102001115,4
191870102001121,4
191870102001122,4
191870102001123,4
191870102001124,4
191870102001125,4
191870102001126,4
191870102001127,4
191870102001128,4
191870102001129,4
191870102001130,4
191870102001135,4
191870102001260,4
191870102001261,4
191870102001268,4
191870102001275,4
191870102001278,4
191870102001011,4
191870102001012,4
191870102001013,4
191870102001014,4
191870102001015,4
191870102001016,4
191870102001017,4
191870102001018,4
191870102001019,4
191870102001020,4
191870102001021,4
191870102001022,4
191870102001023,4
191870102001024,4
191870102001036,4
191870102001037,4
191870102001038,4
191870102001039,4
191870102001040,4
191870102001063,4
191870102001064,4
191870102001065,4
191870102001066,4
191870102001067,4
191870102001068,4
191870102001069,4
191870102001070,4
191870102001071,4
191870102001072,4
191870102001073,4
191870102001074,4
191870102001075,4
191870102001076,4
191870102001077,4
191870102001078,4
191870102001079,4
191870102001080,4
191870102001081,4
191870102001082,4
191870102001083,4
191870102001084,4
191870102001085,4
191870102001086,4
191870102001087,4
191870102001088,4
191870102001089,4
191870102001090,4
191870102001091,4
191870102001092,4
191870102001093,4
191870102001094,4
191870102001095,4
191870102001096,4
191870102001097,4
191870102001098,4
191870102001099,4
191870102001100,4
191870102001101,4
191870102001102,4
191870102001103,4
191870102001104,4
191870102001105,4
191870102001106,4
191870102001107,4
191870102001108,4
191870102001109,4
191870102001110,4
191870102001111,4
191870102001112,4
191870102001113,4
191870102001145,4
191870102001148,4
191870102001149,4
191870102001150,4
191870102001151,4
191870102001152,4
191870102001153,4
191870102001267,4
191870102001269,4
191870102001270,4
191870102001271,4
191870102001272,4
191870102001273,4
191870102001276,4
191870102001277,4
191870102001279,4
191870102001116,4
191870102001117,4
191870102001118,4
191870102001140,4
191870102001141,4
191870102001142,4
191870102001143,4
191870102001144,4
191870102001146,4
191870102001147,4
191870102001154,4
191870102001155,4
191870102001156,4
191870102001157,4
191870102001158,4
191870102001159,4
191870102001174,4
191870102001175,4
191870102001176,4
191870102001177,4
191870102001178,4
191870102001179,4
191870102001180,4
191870102001181,4
191870102001182,4
191870102001183,4
191870102001184,4
191870102001185,4
191870102001193,4
191870102001194,4
191870102001195,4
191870102001196,4
191870102001197,4
191870102001198,4
191870102001199,4
191870102001200,4
191870102001201,4
191870102001202,4
191870102001203,4
191870102001204,4
191870102001205,4
191870102001206,4
191870102001207,4
191870102001208,4
191870102001209,4
191870102001210,4
191870102001211,4
191870102001212,4
191870102001213,4
191870102001214,4
191870102001215,4
191870102001216,4
191870102001217,4
191870102001218,4
191870102001219,4
191870102001220,4
191870102001221,4
191870102001222,4
191870102001223,4
191870102001224,4
191870102001232,4
191870102001233,4
191870102001234,4
191870102001235,4
191870102001236,4
191870102001237,4
191870102001248,4
191870102001250,4
191870102001251,4
191870102001252,4
191870102001253,4
191870102001265,4
191870102001266,4
191870103001032,4
191870103001038,4
191870103001039,4
191870103001040,4
191870103001041,4
191870103001042,4
191870103001043,4
191870103001044,4
191870103001045,4
191870103001046,4
191870103001047,4
191870103001048,4
191870103001049,4
191870103001050,4
191870103001063,4
191870103001064,4
191870103001065,4
191870103001066,4
191870103001067,4
191870103001068,4
191870103001069,4
191870103001070,4
191870103001071,4
191870103001072,4
191870103001073,4
191870103001074,4
191870103001075,4
191870103001076,4
191870103001077,4
191870103001078,4
191870103001079,4
191870103001080,4
191870103001081,4
191870103001084,4
191870103001085,4
191870103001086,4
191870103001087,4
191870103001088,4
191870103001089,4
191870103001090,4
191870103001091,4
191870103001092,4
191870103001093,4
191870103001094,4
191870103001095,4
191870103001133,4
191870103001134,4
191870103001135,4
191870103001136,4
191870103001137,4
191870103001138,4
191870103001139,4
191870103001140,4
191870103001141,4
191870103001145,4
191870103001146,4
191870103001147,4
191870103001051,4
191870103001052,4
191870103001053,4
191870103001054,4
191870103001055,4
191870103001056,4
191870103001057,4
191870103001058,4
191870103001059,4
191870103001060,4
191870103001061,4
191870103001062,4
191870103001082,4
191870103001083,4
191870103001096,4
191870103001097,4
191870103001098,4
191870103001099,4
191870103001100,4
191870103001101,4
191870103001102,4
191870103001103,4
191870103001104,4
191870103001105,4
191870103001106,4
191870103001107,4
191870103001108,4
191870103001109,4
191870103001110,4
191870103001111,4
191870103001112,4
191870103001113,4
191870103001114,4
191870103001115,4
191870103001116,4
191870103001117,4
191870103001118,4
191870103001119,4
191870103001120,4
191870103001121,4
191870103001122,4
191870103001123,4
191870103001124,4
191870103001125,4
191870103001126,4
191870103001127,4
191870103001128,4
191870103001129,4
191870103001130,4
191870103001131,4
191870103001132,4
191870103001142,4
191870103001143,4
191870103001148,4
191870103001149,4
191870103001150,4
191870103002110,4
191870103002111,4
191870103002112,4
191870103002113,4
191870103002115,4
191870103002116,4
191870103002117,4
191870103002118,4
191870103002119,4
191870103002120,4
191870103002121,4
191870103002122,4
191870103002123,4
191870103002124,4
191870103002125,4
191870103002126,4
191870103002127,4
191870103002128,4
191870103002129,4
191870103002130,4
191870103002131,4
191870103002132,4
191870103002133,4
191870103002134,4
191870103002135,4
191870103002136,4
191870103002137,4
191870103002138,4
191870103002139,4
191870103002140,4
191870103002141,4
191870103002142,4
191870103002143,4
191870103002144,4
191870103002145,4
191870103002146,4
191870103002147,4
191870103002148,4
191870103002149,4
191870103002150,4
191870103002151,4
191870103002152,4
191870103002153,4
191870103002157,4
191870103001144,4
191870103003000,4
191870103003001,4
191870103003002,4
191870103003003,4
191870103003004,4
191870103003005,4
191870103003006,4
191870103003007,4
191870103003008,4
191870103003009,4
191870103003010,4
191870103003011,4
191870103003020,4
191870103003021,4
191870103003022,4
191870103003023,4
191870103003024,4
191870103003025,4
191870103003026,4
191870103003027,4
191870103003028,4
191870103003029,4
191870103003030,4
191870103003031,4
191870103003032,4
191870103003033,4
191870103003034,4
191870103003035,4
191870103003036,4
191870103003037,4
191870103003038,4
191870103003039,4
191870103003040,4
191870103003041,4
191870103003042,4
191870103003044,4
191870103003045,4
191870103003051,4
191870103003052,4
191870103003053,4
191870103003054,4
191870103003055,4
191870103003056,4
191870103003057,4
191870103003058,4
191870103003059,4
191870103003060,4
191870103003061,4
191870103003062,4
191870103003063,4
191870103003064,4
191870103003065,4
191870103003066,4
191870103003067,4
191870103003068,4
191870103003069,4
191870103004000,4
191870103004045,4
191870103004111,4
191870103002002,4
191870103002003,4
191870103002004,4
191870103002005,4
191870103002006,4
191870103002007,4
191870103002008,4
191870103002009,4
191870103002010,4
191870103002011,4
191870103002012,4
191870103002013,4
191870103002014,4
191870103002015,4
191870103002016,4
191870103002017,4
191870103002018,4
191870103002019,4
191870103002022,4
191870103002023,4
191870103002024,4
191870103002025,4
191870103002026,4
191870103002027,4
191870103002030,4
191870103002035,4
191870103002036,4
191870103002037,4
191870103002038,4
191870103002039,4
191870103002040,4
191870103002041,4
191870103002042,4
191870103002043,4
191870103002044,4
191870103002045,4
191870103002046,4
191870103002047,4
191870103002048,4
191870103002049,4
191870103002050,4
191870103002051,4
191870103002052,4
191870103002053,4
191870103002054,4
191870103002055,4
191870103002056,4
191870103002057,4
191870103002058,4
191870103002059,4
191870103002060,4
191870103002061,4
191870103002062,4
191870103002063,4
191870103002064,4
191870103002065,4
191870103002066,4
191870103002067,4
191870103002068,4
191870103002069,4
191870103002070,4
191870103002071,4
191870103002072,4
191870103002073,4
191870103002074,4
191870103002075,4
191870103002076,4
191870103002077,4
191870103002078,4
191870103002079,4
191870103002080,4
191870103002081,4
191870103002082,4
191870103002083,4
191870103002084,4
191870103002085,4
191870103002086,4
191870103002087,4
191870103002088,4
191870103002089,4
191870103002090,4
191870103002093,4
191870103002094,4
191870103002095,4
191870103002096,4
191870103002097,4
191870103002098,4
191870103002099,4
191870103002100,4
191870103002101,4
191870103002102,4
191870103002103,4
191870103002104,4
191870103002105,4
191870103002106,4
191870103002107,4
191870103002108,4
191870103002109,4
191870103002114,4
191870103002154,4
191870103002155,4
191870103002156,4
191870103002158,4
191870103003012,4
191870103003013,4
191870103003014,4
191870103003015,4
191870103003016,4
191870103003017,4
191870103003018,4
191870103003019,4
191870103003046,4
191870103003047,4
191870103003048,4
191870103003049,4
191870103003050,4
191870103003070,4
191870103003071,4
191870103003072,4
191870103003073,4
191870103003074,4
191870103003075,4
191870103003076,4
191870103003077,4
191870103003078,4
191870103003043,4
191870103004001,4
191870103004003,4
191870103004004,4
191870103004005,4
191870103004006,4
191870103004007,4
191870103004008,4
191870103004009,4
191870103004010,4
191870103004011,4
191870103004012,4
191870103004013,4
191870103004014,4
191870103004048,4
191870103004059,4
191870103004060,4
191870103004061,4
191870103004062,4
191870103004063,4
191870103004064,4
191870103004065,4
191870103004066,4
191870103004068,4
191870103004069,4
191870103004070,4
191870103004071,4
191870103004072,4
191870103004073,4
191870103004074,4
191870103004075,4
191870103004076,4
191870103004077,4
191870103004078,4
191870103004079,4
191870103004080,4
191870103004081,4
191870103004082,4
191870103004083,4
191870103004084,4
191870103004085,4
191870103004086,4
191870103004087,4
191870103004088,4
191870103004089,4
191870103004090,4
191870103004091,4
191870103004092,4
191870103004093,4
191870103004094,4
191870103004095,4
191870103004096,4
191870103004097,4
191870103004098,4
191870103004099,4
191870103004100,4
191870103004101,4
191870103004102,4
191870103004110,4
191870103004002,4
191870103004015,4
191870103004016,4
191870103004017,4
191870103004018,4
191870103004019,4
191870103004020,4
191870103004021,4
191870103004022,4
191870103004023,4
191870103004024,4
191870103004025,4
191870103004026,4
191870103004027,4
191870103004028,4
191870103004029,4
191870103004030,4
191870103004031,4
191870103004032,4
191870103004033,4
191870103004034,4
191870103004035,4
191870103004036,4
191870103004037,4
191870103004038,4
191870103004039,4
191870103004040,4
191870103004041,4
191870103004042,4
191870103004043,4
191870103004044,4
191870103004046,4
191870103004047,4
191870103004049,4
191870103004050,4
191870103004051,4
191870103004052,4
191870103004053,4
191870103004054,4
191870103004055,4
191870103004056,4
191870103004057,4
191870103004058,4
191870103004103,4
191870103004104,4
191870103004105,4
191870103004106,4
191870103004107,4
191870103004108,4
191870103004109,4
191870103004067,4
191870104001000,4
191870104001001,4
191870104001002,4
191870104001003,4
191870104001004,4
191870104001007,4
191870104001008,4
191870104001009,4
191870104001010,4
191870104001011,4
191870104001012,4
191870104001013,4
191870104001014,4
191870104001015,4
191870104001016,4
191870104001017,4
191870104001019,4
191870104001020,4
191870104001107,4
191870104001108,4
191870104001109,4
191870104001110,4
191870104001111,4
191870104001112,4
191870104001113,4
191870104001117,4
191870104001148,4
191870104004060,4
191870104004061,4
191870104004080,4
191870104004081,4
191870104001005,4
191870104001006,4
191870104001021,4
191870104001022,4
191870104001023,4
191870104001024,4
191870104001025,4
191870104001026,4
191870104001027,4
191870104001028,4
191870104001029,4
191870104001030,4
191870104001031,4
191870104001032,4
191870104001033,4
191870104001034,4
191870104001035,4
191870104001036,4
191870104001037,4
191870104001038,4
191870104001039,4
191870104001040,4
191870104001041,4
191870104001042,4
191870104001043,4
191870104001044,4
191870104001045,4
191870104001046,4
191870104001047,4
191870104001048,4
191870104001049,4
191870104001050,4
191870104001051,4
191870104001052,4
191870104001053,4
191870104001054,4
191870104001055,4
191870104001056,4
191870104001057,4
191870104001058,4
191870104001059,4
191870104001060,4
191870104001061,4
191870104001062,4
191870104001063,4
191870104001064,4
191870104001065,4
191870104001066,4
191870104001067,4
191870104001068,4
191870104001069,4
191870104001070,4
191870104001071,4
191870104001072,4
191870104001073,4
191870104001074,4
191870104001083,4
191870104001084,4
191870104001149,4
191870104001150,4
191870104001153,4
191870104001154,4
191870104001155,4
191870104003050,4
191870104004029,4
191870104004030,4
191870104004079,4
191870104001018,4
191870104001075,4
191870104001076,4
191870104001077,4
191870104001078,4
191870104001079,4
191870104001080,4
191870104001081,4
191870104001082,4
191870104001085,4
191870104001086,4
191870104001087,4
191870104001088,4
191870104001089,4
191870104001090,4
191870104001091,4
191870104001092,4
191870104001093,4
191870104001094,4
191870104001095,4
191870104001096,4
191870104001097,4
191870104001098,4
191870104001099,4
191870104001100,4
191870104001101,4
191870104001102,4
191870104001103,4
191870104001104,4
191870104001105,4
191870104001106,4
191870104001120,4
191870104001121,4
191870104001122,4
191870104001123,4
191870104001124,4
191870104001125,4
191870104001126,4
191870104001127,4
191870104001128,4
191870104001129,4
191870104001130,4
191870104001131,4
191870104001132,4
191870104001133,4
191870104001134,4
191870104001135,4
191870104001136,4
191870104001137,4
191870104001138,4
191870104001139,4
191870104001140,4
191870104001141,4
191870104001142,4
191870104001143,4
191870104001144,4
191870104001145,4
191870104001146,4
191870104001147,4
191870104001156,4
191870104001158,4
191870104001159,4
191870104001160,4
191870104001161,4
191870104002000,4
191870104002001,4
191870104002002,4
191870104002003,4
191870104002004,4
191870104002005,4
191870104002006,4
191870104002007,4
191870104002008,4
191870104002009,4
191870104002010,4
191870104002011,4
191870104002012,4
191870104002013,4
191870104002014,4
191870104002015,4
191870104002016,4
191870104002017,4
191870104002018,4
191870104002019,4
191870104002020,4
191870104002021,4
191870104002022,4
191870104002023,4
191870104002024,4
191870104002025,4
191870104002026,4
191870104002027,4
191870104002028,4
191870104002029,4
191870104002030,4
191870104002031,4
191870104002032,4
191870104002033,4
191870104002034,4
191870104002035,4
191870104002036,4
191870104002037,4
191870104002038,4
191870104002039,4
191870104002040,4
191870104002041,4
191870104002042,4
191870104002043,4
191870104002044,4
191870104002045,4
191870104002046,4
191870104002047,4
191870104002048,4
191870104002049,4
191870104002050,4
191870104002051,4
191870104002052,4
191870104002053,4
191870104002054,4
191870104002055,4
191870104002056,4
191870104002057,4
191870104002058,4
191870104002059,4
191870104002060,4
191870104002061,4
191870104002062,4
191870104002063,4
191870104002064,4
191870104002065,4
191870104002066,4
191870104002067,4
191870104002068,4
191870104002069,4
191870104002070,4
191870104002071,4
191870104002072,4
191870104002073,4
191870104002074,4
191870104002075,4
191870104002076,4
191870104002077,4
191870104002078,4
191870104002079,4
191870104002080,4
191870104002081,4
191870104002082,4
191870104002083,4
191870104002084,4
191870104002085,4
191870104002086,4
191870104002087,4
191870104002088,4
191870104002089,4
191870104002090,4
191870104002091,4
191870104002092,4
191870104002093,4
191870104002094,4
191870104002095,4
191870104002096,4
191870104001114,4
191870104001115,4
191870104001116,4
191870104001118,4
191870104001119,4
191870104001157,4
191870104001162,4
191870104001163,4
191870104001164,4
191870104001165,4
191870104001166,4
191870104001167,4
191870104001171,4
191870104001172,4
191870104001173,4
191870104001174,4
191870104001175,4
191870104001176,4
191870104001177,4
191870104001178,4
191870104001151,4
191870104001152,4
191870104004022,4
191870104004026,4
191870104004027,4
191870104004028,4
191870104004031,4
191870104004032,4
191870104001168,4
191870104001169,4
191870104001170,4
191870104004000,4
191870104004001,4
191870104004002,4
191870104004003,4
191870104004004,4
191870104004005,4
191870104004006,4
191870104004007,4
191870104004008,4
191870104004009,4
191870104004062,4
191870104004063,4
191870104004064,4
191870104004065,4
191870104004066,4
191870104004067,4
191870104004068,4
191870104004069,4
191870104004070,4
191870104004071,4
191870104004072,4
191870104004073,4
191870104004074,4
191870104004075,4
191870104004076,4
191870104004082,4
191870104004010,4
191870104004011,4
191870104004012,4
191870104004013,4
191870104004014,4
191870104004015,4
191870104004016,4
191870104004017,4
191870104004018,4
191870104004019,4
191870104004020,4
191870104004021,4
191870104004033,4
191870104004034,4
191870104004035,4
191870104004036,4
191870104004037,4
191870104004038,4
191870104004039,4
191870104004040,4
191870104004041,4
191870104004042,4
191870104004043,4
191870104004044,4
191870104004045,4
191870104004046,4
191870104004047,4
191870104004048,4
191870104004049,4
191870104004050,4
191870104004051,4
191870104004052,4
191870104004053,4
191870104004054,4
191870104004055,4
191870104004056,4
191870104004057,4
191870104004058,4
191870104004059,4
191870104004077,4
191870104004078,4
191896801001000,4
191896801001001,4
191896801001002,4
191896801001003,4
191896801001004,4
191896801001005,4
191896801001006,4
191896801001007,4
191896801001008,4
191896801001009,4
191896801001010,4
191896801001011,4
191896801001012,4
191896801001013,4
191896801001014,4
191896801001015,4
191896801001016,4
191896801001017,4
191896801001018,4
191896801001027,4
191896801001103,4
191896801001104,4
191896801002073,4
191896801002074,4
191896801002075,4
191896801002078,4
191896801002079,4
191896801002080,4
191896801002097,4
191896801002098,4
191896801002099,4
191896801002100,4
191896801002138,4
191896801002139,4
191896801003000,4
191896801003025,4
191896801003026,4
191896801003027,4
191896801003028,4
191896801003029,4
191896801003030,4
191896801003031,4
191896801003032,4
191896801003034,4
191896801003035,4
191896801004005,4
191896801004011,4
191896801004012,4
191896801004036,4
191896801004038,4
191896801005016,4
191896801005017,4
191896801001019,4
191896801001020,4
191896801001021,4
191896801001022,4
191896801001023,4
191896801001024,4
191896801001025,4
191896801001026,4
191896801001032,4
191896801001033,4
191896801001057,4
191896801001065,4
191896801001066,4
191896801001067,4
191896801001068,4
191896801001069,4
191896801001070,4
191896801001071,4
191896801001072,4
191896801001073,4
191896801001074,4
191896801001075,4
191896801001076,4
191896801001077,4
191896801001078,4
191896801001079,4
191896801001080,4
191896801001083,4
191896801001084,4
191896801001085,4
191896801001086,4
191896801001087,4
191896801001088,4
191896801001089,4
191896801001090,4
191896801001091,4
191896801001092,4
191896801001093,4
191896801001094,4
191896801001095,4
191896801001096,4
191896801001097,4
191896801001098,4
191896801001099,4
191896801001100,4
191896801001101,4
191896801001102,4
191896801001107,4
191896801001108,4
191896801001109,4
191896801001110,4
191896801001111,4
191896801001112,4
191896801001028,4
191896801001029,4
191896801001030,4
191896801001031,4
191896801002072,4
191896801002081,4
191896801002082,4
191896801002083,4
191896801002084,4
191896801002086,4
191896801002087,4
191896801002088,4
191896801002093,4
191896801002094,4
191896801002095,4
191896801002096,4
191896801002101,4
191896801002102,4
191896801002103,4
191896801002104,4
191896801002105,4
191896801002106,4
191896801002107,4
191896801002108,4
191896801002109,4
191896801002110,4
191896801002111,4
191896801002112,4
191896801002113,4
191896801002114,4
191896801002115,4
191896801002116,4
191896801002117,4
191896801002118,4
191896801002119,4
191896801002120,4
191896801002121,4
191896801002122,4
191896801002123,4
191896801002124,4
191896801002125,4
191896801002126,4
191896801002127,4
191896801002128,4
191896801002129,4
191896801002130,4
191896801002131,4
191896801002132,4
191896801002133,4
191896801002134,4
191896801002135,4
191896801002136,4
191896801002137,4
191896801002140,4
191896801002141,4
191896801002144,4
191896802003127,4
191896802003134,4
191896802003135,4
191896802003146,4
191896801001034,4
191896801001039,4
191896801001056,4
191896801001060,4
191896801001061,4
191896801001062,4
191896801001063,4
191896801001081,4
191896801001082,4
191896802004000,4
191896802004001,4
191896802004002,4
191896802004003,4
191896802004004,4
191896802004005,4
191896802004006,4
191896802004087,4
191896802004088,4
191896802004089,4
191896802004090,4
191896802004091,4
191896802004092,4
191896802004099,4
191896802004100,4
191896802004101,4
191896802004102,4
191896802004103,4
191896802004104,4
191896802004114,4
191896802004125,4
191896802004126,4
191896802004127,4
191896802004128,4
191896802004129,4
191896802004135,4
191896802004136,4
191896803001000,4
191896803001001,4
191896803001002,4
191896803001007,4
191896803001008,4
191896803001009,4
191896803002006,4
191896801001035,4
191896801001036,4
191896801001037,4
191896801001038,4
191896801001040,4
191896801001041,4
191896801001042,4
191896801001043,4
191896801001044,4
191896801001045,4
191896801001046,4
191896801001047,4
191896801001048,4
191896801001049,4
191896801001050,4
191896801001051,4
191896801001052,4
191896801001053,4
191896801001054,4
191896801001055,4
191896801001058,4
191896801001059,4
191896801001064,4
191896801001105,4
191896801001106,4
191896803001003,4
191896803001004,4
191896803001005,4
191896803001006,4
191896803001010,4
191896803001011,4
191896803001012,4
191896803001013,4
191896803002000,4
191896803002001,4
191896803002002,4
191896803002003,4
191896803002004,4
191896803002005,4
191896803002007,4
191896803002008,4
191896803002009,4
191896803002010,4
191896803002011,4
191896803002012,4
191896803002013,4
191896803002014,4
191896803002015,4
191896803002016,4
191896803002017,4
191896803002018,4
191896803002019,4
191896803002020,4
191896803002021,4
191896803002022,4
191896803002023,4
191896803002024,4
191896803002025,4
191896803002026,4
191896803002027,4
191896803002028,4
191896803002029,4
191896803002030,4
191896803002031,4
191896803002032,4
191896803002033,4
191896803002034,4
191896803002035,4
191896803002036,4
191896803002037,4
191896803003000,4
191896803003001,4
191896803003002,4
191896803003003,4
191896803003004,4
191896803003005,4
191896803003006,4
191896803003007,4
191896803003008,4
191896803003009,4
191896803003010,4
191896803003011,4
191896803003012,4
191896803003013,4
191896803003014,4
191896803003015,4
191896803003016,4
191896803004000,4
191896803004001,4
191896803004002,4
191896803004003,4
191896803004004,4
191896803004005,4
191896803004006,4
191896803004007,4
191896803004008,4
191896803004009,4
191896803004010,4
191896803004011,4
191896803004012,4
191896803004013,4
191896803004014,4
191896803004015,4
191896803004016,4
191896803004017,4
191896803004018,4
191896803004019,4
191896803004020,4
191896803004021,4
191896803004022,4
191896803004023,4
191896803004024,4
191896803004025,4
191896803004026,4
191896803004027,4
191896803004028,4
191896803004029,4
191896803004030,4
191896803004031,4
191896803004032,4
191896803005000,4
191896803005001,4
191896803005002,4
191896803005003,4
191896803005004,4
191896803005005,4
191896803005006,4
191896803005007,4
191896803005008,4
191896803005009,4
191896803005010,4
191896803005011,4
191896803005012,4
191896803005013,4
191896803005014,4
191896803005015,4
191896803005016,4
191896803005017,4
191896803005018,4
191896803005019,4
191896803005020,4
191896803005021,4
191896803005022,4
191896803005023,4
191896803005024,4
191896803005025,4
191896803005026,4
191896803005027,4
191896803005028,4
191896803005029,4
191896803005030,4
191896803005031,4
191896803005032,4
191896803005033,4
191896803005034,4
191896803005035,4
191896803005036,4
191896801002000,4
191896801002001,4
191896801002002,4
191896801002003,4
191896801002004,4
191896801002005,4
191896801002006,4
191896801002035,4
191896801002042,4
191896801002043,4
191896801002044,4
191896801002045,4
191896801002046,4
191896801002047,4
191896801002048,4
191896801002049,4
191896801002050,4
191896801002051,4
191896801002052,4
191896801002053,4
191896801002054,4
191896801002055,4
191896801002056,4
191896801002057,4
191896801002058,4
191896801002059,4
191896801002066,4
191896801002067,4
191896801002068,4
191896801002069,4
191896801002076,4
191896801002077,4
191896801002142,4
191896801002145,4
191896801002146,4
191896801004000,4
191896801004001,4
191896801004002,4
191896801004003,4
191896801004004,4
191896801002007,4
191896801002008,4
191896801002009,4
191896801002010,4
191896801002011,4
191896801002012,4
191896801002013,4
191896801002014,4
191896801002015,4
191896801002016,4
191896801002017,4
191896801002018,4
191896801002019,4
191896801002020,4
191896801002021,4
191896801002022,4
191896801002023,4
191896801002024,4
191896801002025,4
191896801002026,4
191896801002027,4
191896801002028,4
191896801002029,4
191896801002030,4
191896801002031,4
191896801002032,4
191896801002033,4
191896801002034,4
191896801002070,4
191896801002071,4
191896801002085,4
191896801002089,4
191896801002090,4
191896801002091,4
191896801002092,4
191896801002143,4
191896801002147,4
191896802003000,4
191896802003045,4
191896802003046,4
191896802003065,4
191896802003066,4
191896802003126,4
191896801002036,4
191896801002037,4
191896801002038,4
191896801002039,4
191896801002040,4
191896801002041,4
191896801002060,4
191896801002061,4
191896801002062,4
191896801002063,4
191896801002064,4
191896801002065,4
191896801003001,4
191896801003002,4
191896801003003,4
191896801003004,4
191896801003005,4
191896801003006,4
191896801003007,4
191896801003008,4
191896801003009,4
191896801003010,4
191896801003011,4
191896801003012,4
191896801003013,4
191896801003014,4
191896801003015,4
191896801003016,4
191896801003017,4
191896801003018,4
191896801003019,4
191896801003020,4
191896801003021,4
191896801003022,4
191896801003023,4
191896801003024,4
191896801003033,4
191896801004006,4
191896801004007,4
191896801004008,4
191896801004009,4
191896801004010,4
191896801004013,4
191896801004014,4
191896801004015,4
191896801004016,4
191896801004017,4
191896801004018,4
191896801004019,4
191896801004020,4
191896801004021,4
191896801004022,4
191896801004023,4
191896801004024,4
191896801004025,4
191896801004026,4
191896801004027,4
191896801004028,4
191896801004029,4
191896801004030,4
191896801004031,4
191896801004032,4
191896801004033,4
191896801004034,4
191896801004035,4
191896801004037,4
191896801004039,4
191896801004040,4
191896801004041,4
191896801004042,4
191896801004043,4
191896801005000,4
191896801005001,4
191896801005002,4
191896801005003,4
191896801005004,4
191896801005005,4
191896801005006,4
191896801005007,4
191896801005008,4
191896801005009,4
191896801005010,4
191896801005011,4
191896801005012,4
191896801005013,4
191896801005014,4
191896801005015,4
191896801005018,4
191896801005019,4
191896801005020,4
191896801005021,4
191896801005022,4
191896801005023,4
191896802001000,4
191896802001001,4
191896802001002,4
191896802001003,4
191896802001004,4
191896802001005,4
191896802001006,4
191896802001007,4
191896802001008,4
191896802001009,4
191896802001010,4
191896802001011,4
191896802001012,4
191896802001013,4
191896802001014,4
191896802001015,4
191896802001016,4
191896802001017,4
191896802001018,4
191896802001019,4
191896802001020,4
191896802001021,4
191896802001022,4
191896802001023,4
191896802001024,4
191896802001025,4
191896802001026,4
191896802001027,4
191896802001028,4
191896802001029,4
191896802001030,4
191896802001031,4
191896802001032,4
191896802001033,4
191896802001034,4
191896802001035,4
191896802001036,4
191896802001037,4
191896802001038,4
191896802001039,4
191896802001040,4
191896802001041,4
191896802001042,4
191896802001043,4
191896802001044,4
191896802001045,4
191896802001046,4
191896802001047,4
191896802001048,4
191896802001049,4
191896802001050,4
191896802001051,4
191896802001052,4
191896802001053,4
191896802001054,4
191896802001055,4
191896802001056,4
191896802001057,4
191896802001058,4
191896802001059,4
191896802001060,4
191896802001061,4
191896802001062,4
191896802001063,4
191896802001064,4
191896802001065,4
191896802001066,4
191896802001067,4
191896802001068,4
191896802001069,4
191896802001070,4
191896802001071,4
191896802001072,4
191896802001073,4
191896802001074,4
191896802001075,4
191896802001076,4
191896802001077,4
191896802001078,4
191896802001079,4
191896802001080,4
191896802001081,4
191896802001082,4
191896802001083,4
191896802001084,4
191896802001085,4
191896802001086,4
191896802001087,4
191896802001088,4
191896802001089,4
191896802001090,4
191896802001091,4
191896802001092,4
191896802001093,4
191896802001094,4
191896802001095,4
191896802001096,4
191896802001097,4
191896802001098,4
191896802001099,4
191896802001100,4
191896802003093,4
191896802003098,4
191896802003099,4
191896802003100,4
191896802003101,4
191896802003102,4
191896802003103,4
191896802003104,4
191896802003106,4
191896802003107,4
191896802003108,4
191896802003109,4
191896802003110,4
191896802003111,4
191896802003112,4
191896802003113,4
191896802003114,4
191896802003115,4
191896802002000,4
191896802002001,4
191896802002002,4
191896802002003,4
191896802002004,4
191896802002005,4
191896802002006,4
191896802002007,4
191896802002008,4
191896802002009,4
191896802002010,4
191896802002011,4
191896802002012,4
191896802002013,4
191896802002014,4
191896802002015,4
191896802002016,4
191896802002017,4
191896802002018,4
191896802002019,4
191896802002020,4
191896802002021,4
191896802002022,4
191896802002023,4
191896802002024,4
191896802002025,4
191896802002026,4
191896802002027,4
191896802002028,4
191896802002029,4
191896802002030,4
191896802002031,4
191896802002032,4
191896802002033,4
191896802002034,4
191896802002035,4
191896802002036,4
191896802002037,4
191896802002038,4
191896802002039,4
191896802002040,4
191896802002041,4
191896802002042,4
191896802002043,4
191896802002044,4
191896802002045,4
191896802002046,4
191896802003116,4
191896802003117,4
191896802003118,4
191896802003119,4
191896802003120,4
191896802003121,4
191896802003128,4
191896802003129,4
191896802003130,4
191896802003131,4
191896802003132,4
191896802003133,4
191896802003136,4
191896802003137,4
191896802003138,4
191896802003139,4
191896802003140,4
191896802003141,4
191896802003142,4
191896802003143,4
191896802003144,4
191896802003145,4
191896802004012,4
191896802004013,4
191896802004014,4
191896802004015,4
191896802004016,4
191896802004017,4
191896802004018,4
191896802004019,4
191896802004020,4
191896802003001,4
191896802003002,4
191896802003003,4
191896802003004,4
191896802003005,4
191896802003039,4
191896802003040,4
191896802003041,4
191896802003042,4
191896802003043,4
191896802003044,4
191896802003047,4
191896802003048,4
191896802003049,4
191896802003050,4
191896802003051,4
191896802003052,4
191896802003059,4
191896802003060,4
191896802003061,4
191896802003062,4
191896802003063,4
191896802003064,4
191896802003067,4
191896802003068,4
191896802003069,4
191896802003070,4
191896802003071,4
191896802003072,4
191896802003073,4
191896802003122,4
191896802003123,4
191896802003124,4
191896802003125,4
191896802003006,4
191896802003007,4
191896802003008,4
191896802003009,4
191896802003010,4
191896802003011,4
191896802003012,4
191896802003013,4
191896802003014,4
191896802003015,4
191896802003016,4
191896802003017,4
191896802003018,4
191896802003019,4
191896802003020,4
191896802003021,4
191896802003022,4
191896802003023,4
191896802003024,4
191896802003025,4
191896802003026,4
191896802003027,4
191896802003028,4
191896802003029,4
191896802003030,4
191896802003031,4
191896802003032,4
191896802003033,4
191896802003034,4
191896802003035,4
191896802003036,4
191896802003037,4
191896802003038,4
191896802003053,4
191896802003054,4
191896802003055,4
191896802003056,4
191896802003057,4
191896802003058,4
191896802003074,4
191896802003075,4
191896802003076,4
191896802003077,4
191896802003078,4
191896802003079,4
191896802003080,4
191896802003081,4
191896802003082,4
191896802003083,4
191896802003084,4
191896802003085,4
191896802003086,4
191896802003087,4
191896802003088,4
191896802003089,4
191896802003090,4
191896802003091,4
191896802003092,4
191896802003094,4
191896802003095,4
191896802003096,4
191896802003097,4
191896802003105,4
191896802003147,4
191896802004007,4
191896802004008,4
191896802004009,4
191896802004010,4
191896802004011,4
191896802004021,4
191896802004044,4
191896802004045,4
191896802004046,4
191896802004047,4
191896802004048,4
191896802004049,4
191896802004078,4
191896802004079,4
191896802004080,4
191896802004081,4
191896802004082,4
191896802004083,4
191896802004084,4
191896802004085,4
191896802004086,4
191896802004093,4
191896802004094,4
191896802004095,4
191896802004096,4
191896802004097,4
191896802004098,4
191896802004105,4
191896802004106,4
191896802004107,4
191896802004108,4
191896802004109,4
191896802004110,4
191896802004111,4
191896802004112,4
191896802004113,4
191896802004115,4
191896802004116,4
191896802004117,4
191896802004118,4
191896802004119,4
191896802004120,4
191896802004121,4
191896802004122,4
191896802004123,4
191896802004124,4
191896802004130,4
191896802004131,4
191896802004134,4
191896802004137,4
191896802004022,4
191896802004023,4
191896802004024,4
191896802004025,4
191896802004026,4
191896802004027,4
191896802004028,4
191896802004029,4
191896802004030,4
191896802004031,4
191896802004032,4
191896802004033,4
191896802004034,4
191896802004035,4
191896802004036,4
191896802004037,4
191896802004038,4
191896802004039,4
191896802004040,4
191896802004041,4
191896802004042,4
191896802004043,4
191896802004050,4
191896802004051,4
191896802004052,4
191896802004053,4
191896802004054,4
191896802004055,4
191896802004056,4
191896802004057,4
191896802004058,4
191896802004059,4
191896802004060,4
191896802004061,4
191896802004062,4
191896802004063,4
191896802004064,4
191896802004065,4
191896802004066,4
191896802004067,4
191896802004068,4
191896802004069,4
191896802004070,4
191896802004071,4
191896802004072,4
191896802004073,4
191896802004074,4
191896802004075,4
191896802004076,4
191896802004077,4
191896802004132,4
191896802004133,4
191896802004138,4
191919501001000,1
191919501001001,1
191919501001002,1
191919501001003,1
191919501001004,1
191919501001005,1
191919501001006,1
191919501001015,1
191919501001016,1
191919501001017,1
191919501001018,1
191919501001019,1
191919501001020,1
191919501001021,1
191919501001022,1
191919501001023,1
191919501001024,1
191919501001031,1
191919501001032,1
191919501001033,1
191919501001034,1
191919501001035,1
191919501001036,1
191919501001042,1
191919501001043,1
191919501001044,1
191919501001045,1
191919501001046,1
191919501001047,1
191919501001048,1
191919501001049,1
191919501001050,1
191919501001053,1
191919501001054,1
191919501001055,1
191919501001058,1
191919501001087,1
191919501001007,1
191919501001008,1
191919501001009,1
191919501001010,1
191919501001011,1
191919501001012,1
191919501001013,1
191919501001014,1
191919501001025,1
191919501001026,1
191919501001027,1
191919501001028,1
191919501001029,1
191919501001030,1
191919501001037,1
191919501001038,1
191919501001039,1
191919501001040,1
191919501001041,1
191919501001059,1
191919501001060,1
191919501001061,1
191919501001062,1
191919501001063,1
191919501001064,1
191919501002000,1
191919501002001,1
191919501002011,1
191919501002012,1
191919501002023,1
191919501002024,1
191919501002025,1
191919501002026,1
191919501002051,1
191919501002054,1
191919501002055,1
191919501002056,1
191919501002062,1
191919501001051,1
191919501001052,1
191919501001056,1
191919501001057,1
191919501001083,1
191919501001085,1
191919501001086,1
191919502004000,1
191919504002000,1
191919504002001,1
191919504002002,1
191919504002003,1
191919504002006,1
191919504002007,1
191919504002008,1
191919504002009,1
191919504002010,1
191919504002011,1
191919504002012,1
191919504002013,1
191919504002014,1
191919504002015,1
191919504002016,1
191919504002017,1
191919504002018,1
191919504002019,1
191919504002020,1
191919504002023,1
191919504002024,1
191919504002025,1
191919504002026,1
191919504002027,1
191919504002028,1
191919504002034,1
191919504002043,1
191919504002044,1
191919504002045,1
191919501001065,1
191919501001066,1
191919501001067,1
191919501001068,1
191919501001069,1
191919501001070,1
191919501001071,1
191919501001072,1
191919501001073,1
191919501001074,1
191919501001075,1
191919501001076,1
191919501001077,1
191919501001078,1
191919501001079,1
191919501001080,1
191919501001081,1
191919501001082,1
191919501001084,1
191919501002053,1
191919501002057,1
191919501002058,1
191919501002059,1
191919501002060,1
191919501002061,1
191919501002063,1
191919501002079,1
191919501002080,1
191919501002081,1
191919501002082,1
191919501002083,1
191919501002084,1
191919501002090,1
191919501002094,1
191919501002097,1
191919502002000,1
191919502002001,1
191919502003000,1
191919502004001,1
191919502004002,1
191919502004003,1
191919504002004,1
191919504002005,1
191919504002021,1
191919504002022,1
191919501002002,1
191919501002003,1
191919501002004,1
191919501002005,1
191919501002006,1
191919501002007,1
191919501002008,1
191919501002009,1
191919501002010,1
191919501002013,1
191919501002014,1
191919501002015,1
191919501002016,1
191919501002017,1
191919501002018,1
191919501002019,1
191919501002020,1
191919501002021,1
191919501002022,1
191919501002027,1
191919501002028,1
191919501002029,1
191919501002030,1
191919501002031,1
191919501002032,1
191919501002033,1
191919501002034,1
191919501002035,1
191919501002036,1
191919501002037,1
191919501002038,1
191919501002039,1
191919501002040,1
191919501002041,1
191919501002042,1
191919501002043,1
191919501002044,1
191919501002045,1
191919501002046,1
191919501002047,1
191919501002048,1
191919501002049,1
191919501002050,1
191919501002068,1
191919501002074,1
191919501002098,1
191919501002099,1
191919501003000,1
191919501003001,1
191919501003002,1
191919501003054,1
191919501003055,1
191919501003056,1
191919501003133,1
191919501002052,1
191919501002064,1
191919501002065,1
191919501002066,1
191919501002067,1
191919501002069,1
191919501002070,1
191919501002071,1
191919501002072,1
191919501002073,1
191919501002075,1
191919501002076,1
191919501002077,1
191919501002078,1
191919501002089,1
191919501002091,1
191919501002092,1
191919501002093,1
191919501003061,1
191919501003062,1
191919501003063,1
191919501003064,1
191919501003065,1
191919501003067,1
191919501003068,1
191919501003069,1
191919501003089,1
191919501003090,1
191919501003091,1
191919501003092,1
191919501003093,1
191919501003094,1
191919501003095,1
191919501003096,1
191919501003097,1
191919501003098,1
191919501003099,1
191919501003100,1
191919501003101,1
191919501003102,1
191919501003103,1
191919501003104,1
191919501003105,1
191919501003106,1
191919501003118,1
191919501003119,1
191919501003120,1
191919501003128,1
191919501003129,1
191919501003134,1
191919501004001,1
191919501004002,1
191919501004003,1
191919501004004,1
191919501002085,1
191919501002086,1
191919501002095,1
191919502001000,1
191919502002002,1
191919502002005,1
191919502002009,1
191919502003001,1
191919502003006,1
191919502004004,1
191919502004005,1
191919502004006,1
191919502004007,1
191919502004008,1
191919502004011,1
191919502004012,1
191919502004013,1
191919502004014,1
191919502004015,1
191919502004016,1
191919502004019,1
191919502004020,1
191919502004021,1
191919502004022,1
191919502004023,1
191919502004024,1
191919502004025,1
191919502004026,1
191919502004027,1
191919502004028,1
191919503001004,1
191919503001005,1
191919503001017,1
191919503001018,1
191919503001019,1
191919503001020,1
191919503001024,1
191919503001025,1
191919503001026,1
191919503001027,1
191919503001028,1
191919503001029,1
191919503001032,1
191919503001033,1
191919503001035,1
191919503001036,1
191919503001037,1
191919503001040,1
191919503001041,1
191919503001042,1
191919503001043,1
191919503003000,1
191919503003001,1
191919503003005,1
191919503003006,1
191919503003037,1
191919503003038,1
191919504002062,1
191919504002063,1
191919504002064,1
191919504002065,1
191919504002066,1
191919504002067,1
191919504002070,1
191919504002071,1
191919504002072,1
191919504002073,1
191919504002075,1
191919504002077,1
191919504002078,1
191919504002082,1
191919504002083,1
191919504002084,1
191919504004007,1
191919504004008,1
191919501002087,1
191919501002088,1
191919501002096,1
191919501004000,1
191919501004005,1
191919501004006,1
191919501004007,1
191919501004008,1
191919501004009,1
191919501004011,1
191919501004012,1
191919501004013,1
191919501004014,1
191919501004015,1
191919501004017,1
191919501004018,1
191919501004019,1
191919501004020,1
191919501004021,1
191919501004025,1
191919501004026,1
191919501004027,1
191919501004028,1
191919501004029,1
191919501004030,1
191919501004031,1
191919501004032,1
191919501004033,1
191919501004034,1
191919501004035,1
191919501004085,1
191919501004086,1
191919501004087,1
191919501004088,1
191919501004089,1
191919501004090,1
191919501004091,1
191919501004092,1
191919501004093,1
191919501004094,1
191919501004095,1
191919501004096,1
191919501004097,1
191919501004098,1
191919503001021,1
191919503001022,1
191919503001023,1
191919503003003,1
191919503003004,1
191919501003003,1
191919501003004,1
191919501003005,1
191919501003006,1
191919501003007,1
191919501003008,1
191919501003009,1
191919501003010,1
191919501003011,1
191919501003012,1
191919501003013,1
191919501003014,1
191919501003015,1
191919501003016,1
191919501003017,1
191919501003018,1
191919501003019,1
191919501003020,1
191919501003021,1
191919501003022,1
191919501003023,1
191919501003024,1
191919501003025,1
191919501003026,1
191919501003027,1
191919501003028,1
191919501003029,1
191919501003030,1
191919501003031,1
191919501003032,1
191919501003033,1
191919501003034,1
191919501003035,1
191919501003036,1
191919501003037,1
191919501003038,1
191919501003039,1
191919501003040,1
191919501003041,1
191919501003042,1
191919501003043,1
191919501003044,1
191919501003052,1
191919501003053,1
191919501003045,1
191919501003046,1
191919501003047,1
191919501003048,1
191919501003049,1
191919501003050,1
191919501003051,1
191919501003057,1
191919501003058,1
191919501003059,1
191919501003060,1
191919501003066,1
191919501003070,1
191919501003071,1
191919501003072,1
191919501003073,1
191919501003074,1
191919501003075,1
191919501003076,1
191919501003077,1
191919501003078,1
191919501003079,1
191919501003080,1
191919501003081,1
191919501003082,1
191919501003083,1
191919501003084,1
191919501003085,1
191919501003086,1
191919501003087,1
191919501003088,1
191919501003107,1
191919501003108,1
191919501003109,1
191919501003110,1
191919501003111,1
191919501003112,1
191919501003113,1
191919501003114,1
191919501003115,1
191919501003116,1
191919501003117,1
191919501003123,1
191919501003124,1
191919501003132,1
191919501003121,1
191919501003122,1
191919501003125,1
191919501003126,1
191919501003127,1
191919501003130,1
191919501003131,1
191919501003135,1
191919501004010,1
191919501004016,1
191919501004022,1
191919501004023,1
191919501004024,1
191919501004036,1
191919501004037,1
191919501004038,1
191919501004039,1
191919501004040,1
191919501004041,1
191919501004042,1
191919501004043,1
191919501004044,1
191919501004045,1
191919501004046,1
191919501004047,1
191919501004048,1
191919501004049,1
191919501004050,1
191919501004051,1
191919501004052,1
191919501004053,1
191919501004054,1
191919501004055,1
191919501004056,1
191919501004057,1
191919501004058,1
191919501004059,1
191919501004060,1
191919501004061,1
191919501004062,1
191919501004063,1
191919501004064,1
191919501004065,1
191919501004066,1
191919501004067,1
191919501004068,1
191919501004069,1
191919501004070,1
191919501004071,1
191919501004072,1
191919501004073,1
191919501004074,1
191919501004075,1
191919501004076,1
191919501004077,1
191919501004078,1
191919501004079,1
191919501004081,1
191919501004082,1
191919501004083,1
191919501004084,1
191919501004099,1
191919501004100,1
191919501004101,1
191919505002003,1
191919501004080,1
191919505001006,1
191919505002000,1
191919505002001,1
191919505002002,1
191919505002004,1
191919505002005,1
191919505002006,1
191919505002007,1
191919505002008,1
191919505002009,1
191919505002010,1
191919505002011,1
191919505002012,1
191919505002013,1
191919505002014,1
191919505002015,1
191919505002016,1
191919505002017,1
191919505002018,1
191919505002019,1
191919505002020,1
191919505002021,1
191919505002022,1
191919505002023,1
191919505002024,1
191919505002025,1
191919505002026,1
191919505002027,1
191919505002028,1
191919505002029,1
191919505002030,1
191919505002031,1
191919505002032,1
191919505002033,1
191919505002034,1
191919505002035,1
191919505002036,1
191919505002037,1
191919505002038,1
191919505002039,1
191919505002040,1
191919505002041,1
191919505002042,1
191919505002043,1
191919505002044,1
191919505002045,1
191919505002051,1
191919505002069,1
191919505002070,1
191919505002071,1
191919505002072,1
191919505002073,1
191919505002074,1
191919505002075,1
191919505002076,1
191919505002077,1
191919505002078,1
191919505002079,1
191919502001001,1
191919502001002,1
191919502001003,1
191919502001004,1
191919502001005,1
191919502001006,1
191919502001007,1
191919502001008,1
191919502001009,1
191919502001010,1
191919502001011,1
191919502001012,1
191919502001013,1
191919502001014,1
191919502001015,1
191919502001016,1
191919502001017,1
191919502001018,1
191919502001019,1
191919502001020,1
191919502001021,1
191919502001022,1
191919502001023,1
191919502001024,1
191919502001025,1
191919502001026,1
191919502001027,1
191919502001028,1
191919502001029,1
191919502001030,1
191919502001031,1
191919502001032,1
191919502001033,1
191919502001034,1
191919502001035,1
191919502001036,1
191919502001037,1
191919502001038,1
191919502001039,1
191919502001040,1
191919502001041,1
191919502001042,1
191919502001043,1
191919502001044,1
191919502001045,1
191919502001046,1
191919502001047,1
191919502001048,1
191919502001049,1
191919502001050,1
191919502001051,1
191919502001052,1
191919502001053,1
191919502001054,1
191919502001055,1
191919502001056,1
191919502001057,1
191919502001058,1
191919502001059,1
191919502001060,1
191919502001061,1
191919502001062,1
191919502001063,1
191919502001064,1
191919502001065,1
191919502001066,1
191919502001067,1
191919502001068,1
191919502001069,1
191919502001070,1
191919502001071,1
191919502001072,1
191919502001073,1
191919502001074,1
191919502001075,1
191919502001076,1
191919502001077,1
191919502001078,1
191919502001079,1
191919502001080,1
191919502001081,1
191919502001082,1
191919502001083,1
191919502001084,1
191919502001085,1
191919502001086,1
191919502001087,1
191919502001088,1
191919502001089,1
191919502001090,1
191919502001091,1
191919502001092,1
191919502001093,1
191919502001094,1
191919502001095,1
191919502001096,1
191919502001097,1
191919502001098,1
191919502001099,1
191919502002003,1
191919502002004,1
191919502002006,1
191919502002007,1
191919502002008,1
191919502002010,1
191919502002011,1
191919502002012,1
191919502002013,1
191919502002014,1
191919502002015,1
191919502002016,1
191919502002017,1
191919502002018,1
191919502002019,1
191919502002020,1
191919502002021,1
191919502002022,1
191919502002023,1
191919502002024,1
191919502002025,1
191919502002026,1
191919502002027,1
191919502002028,1
191919502002029,1
191919502002030,1
191919502002031,1
191919502002032,1
191919502002033,1
191919502002034,1
191919502002035,1
191919502002036,1
191919502002037,1
191919502002038,1
191919502002039,1
191919502003002,1
191919502003003,1
191919502003004,1
191919502003005,1
191919502003007,1
191919502003008,1
191919502003009,1
191919502003010,1
191919502004017,1
191919502004018,1
191919502004029,1
191919502004030,1
191919503001000,1
191919503001001,1
191919503001002,1
191919503001003,1
191919503001006,1
191919503001007,1
191919503001008,1
191919503001009,1
191919503001010,1
191919503001011,1
191919503001012,1
191919503001013,1
191919503001014,1
191919503001015,1
191919503001016,1
191919503001030,1
191919503001031,1
191919503001034,1
191919503002000,1
191919503002001,1
191919503002002,1
191919503002003,1
191919503002004,1
191919503002005,1
191919503002006,1
191919503002007,1
191919503002008,1
191919503002009,1
191919503002010,1
191919503002011,1
191919503002012,1
191919503002013,1
191919503002014,1
191919503002015,1
191919503002016,1
191919503002017,1
191919503002018,1
191919503002019,1
191919503002020,1
191919503002021,1
191919503002022,1
191919503002023,1
191919503002024,1
191919503002025,1
191919503002026,1
191919503002027,1
191919503002028,1
191919503002029,1
191919503002030,1
191919503002031,1
191919503002032,1
191919503002033,1
191919503002034,1
191919503002035,1
191919503002036,1
191919503002037,1
191919503002038,1
191919503002039,1
191919503002040,1
191919503003002,1
191919503003007,1
191919503003008,1
191919503003009,1
191919503003010,1
191919503003011,1
191919503003012,1
191919503003013,1
191919503003014,1
191919503003015,1
191919503003016,1
191919503003017,1
191919503003018,1
191919503003019,1
191919503003020,1
191919503003021,1
191919503003022,1
191919503003023,1
191919503003024,1
191919503003025,1
191919503003026,1
191919503003027,1
191919503003028,1
191919503003029,1
191919503003030,1
191919503003031,1
191919503003032,1
191919503003033,1
191919503003034,1
191919503003035,1
191919503003036,1
191919503003039,1
191919503003040,1
191919503003041,1
191919503003042,1
191919503003043,1
191919503004000,1
191919503004001,1
191919503004002,1
191919503004003,1
191919503004004,1
191919503004005,1
191919503004006,1
191919503004007,1
191919503004008,1
191919503004009,1
191919503004010,1
191919503004011,1
191919503004012,1
191919503004013,1
191919503004014,1
191919503004015,1
191919503004016,1
191919503004017,1
191919503004018,1
191919503004019,1
191919503004020,1
191919503004021,1
191919503004022,1
191919503004023,1
191919503004024,1
191919503004025,1
191919503004026,1
191919503004027,1
191919503004028,1
191919503004029,1
191919503004030,1
191919503004031,1
191919503004032,1
191919503004033,1
191919503004034,1
191919504002060,1
191919504002074,1
191919504002079,1
191919504002080,1
191919504002081,1
191919504002085,1
191919504002086,1
191919504002093,1
191919504002114,1
191919502004009,1
191919502004010,1
191919504002029,1
191919504002030,1
191919504002031,1
191919504002032,1
191919504002033,1
191919504002035,1
191919504002036,1
191919504002037,1
191919504002038,1
191919504002039,1
191919504002040,1
191919504002041,1
191919504002042,1
191919504002046,1
191919504002047,1
191919504002048,1
191919504002049,1
191919504002050,1
191919504002051,1
191919504002052,1
191919504002053,1
191919504002054,1
191919504002055,1
191919504002056,1
191919504002057,1
191919504002058,1
191919504002059,1
191919504002061,1
191919504002068,1
191919504002069,1
191919504002076,1
191919504002087,1
191919504002088,1
191919504002092,1
191919504002097,1
191919504002098,1
191919504002099,1
191919504002100,1
191919504002101,1
191919504002102,1
191919504002103,1
191919504002104,1
191919504002105,1
191919504002106,1
191919504002107,1
191919504002111,1
191919504002112,1
191919504002113,1
191919503001038,1
191919503001039,1
191919504001001,1
191919504001002,1
191919504004001,1
191919504004002,1
191919504004003,1
191919504004004,1
191919504004005,1
191919504004006,1
191919504004009,1
191919504004010,1
191919504004011,1
191919504004012,1
191919504004013,1
191919504004014,1
191919504004015,1
191919504004016,1
191919504004017,1
191919504004018,1
191919504004019,1
191919504004020,1
191919504004021,1
191919504004022,1
191919504004028,1
191919504004029,1
191919504004030,1
191919504004031,1
191919504004032,1
191919504004036,1
191919504004037,1
191919504004038,1
191919504004039,1
191919504004040,1
191919504004041,1
191919504004042,1
191919504004043,1
191919504004044,1
191919504004045,1
191919504004046,1
191919504004050,1
191919504004051,1
191919504004052,1
191919504004053,1
191919504004054,1
191919504004055,1
191919504004057,1
191919505001000,1
191919505003000,1
191919504001000,1
191919504001003,1
191919504001004,1
191919504001005,1
191919504001006,1
191919504001007,1
191919504001008,1
191919504001009,1
191919504001010,1
191919504001011,1
191919504001012,1
191919504001013,1
191919504001014,1
191919504001015,1
191919504001016,1
191919504001017,1
191919504001018,1
191919504001019,1
191919504001020,1
191919504001021,1
191919504001022,1
191919504001023,1
191919504001024,1
191919504001025,1
191919504001026,1
191919504001027,1
191919504001028,1
191919504001029,1
191919504001030,1
191919504001031,1
191919504001032,1
191919504001033,1
191919504001034,1
191919504001035,1
191919504001036,1
191919504001039,1
191919504001040,1
191919504001041,1
191919504001042,1
191919504001043,1
191919504001044,1
191919504001045,1
191919504001046,1
191919504001050,1
191919504001051,1
191919504001052,1
191919504001057,1
191919504001058,1
191919504001059,1
191919504001060,1
191919504004056,1
191919504004058,1
191919504004059,1
191919504004060,1
191919504004061,1
191919504004062,1
191919504004063,1
191919504004067,1
191919504004068,1
191919504004069,1
191919504004070,1
191919504004071,1
191919504004072,1
191919504004073,1
191919504004076,1
191919504004077,1
191919504004078,1
191919504004079,1
191919504004083,1
191919504004084,1
191919504004085,1
191919505003036,1
191919505003037,1
191919504001037,1
191919504001038,1
191919504001061,1
191919505001046,1
191919505001047,1
191919505001048,1
191919505003026,1
191919505003028,1
191919505003029,1
191919505003032,1
191919505003033,1
191919505003034,1
191919505003035,1
191919505003038,1
191919505003039,1
191919505003040,1
191919505003041,1
191919505003042,1
191919505003043,1
191919505003044,1
191919505003045,1
191919505003046,1
191919505003047,1
191919505003048,1
191919505003049,1
191919505003050,1
191919505003051,1
191919505003052,1
191919505003053,1
191919505003054,1
191919505003055,1
191919505003056,1
191919505003057,1
191919505003058,1
191919505003059,1
191919505003060,1
191919505003061,1
191919505003062,1
191919505003063,1
191919505003064,1
191919505003065,1
191919505003066,1
191919505004000,1
191919505004001,1
191919505004002,1
191919505004003,1
191919505004032,1
191919505004033,1
191919505004034,1
191919505004035,1
191919505004036,1
191919505004037,1
191919505004038,1
191919505004039,1
191919505004040,1
191919505004041,1
191919505004042,1
191919505004043,1
191919505004044,1
191919505004045,1
191919505004046,1
191919505004047,1
191919505004048,1
191919505004049,1
191919505004050,1
191919505004051,1
191919505004052,1
191919505004053,1
191919505004054,1
191919505004055,1
191919505004056,1
191919505004057,1
191919505004058,1
191919505004059,1
191919505004060,1
191919505004061,1
191919505004062,1
191919505004063,1
191919505004064,1
191919505004065,1
191919505004066,1
191919505004067,1
191919505004068,1
191919505004069,1
191919505004070,1
191919505004071,1
191919505004072,1
191919505004073,1
191919505004074,1
191919505004075,1
191919505004076,1
191919505004077,1
191919505004078,1
191919505004079,1
191919505004080,1
191919505004081,1
191919505004104,1
191919505004105,1
191919505004106,1
191919504001047,1
191919504001048,1
191919504001049,1
191919504001053,1
191919504001054,1
191919504001055,1
191919504001056,1
191919504003035,1
191919504003036,1
191919504003043,1
191919504003044,1
191919504003048,1
191919504003049,1
191919504003050,1
191919504003051,1
191919504003052,1
191919504003053,1
191919504003054,1
191919504003055,1
191919504003056,1
191919504003057,1
191919504003058,1
191919504003059,1
191919504003060,1
191919504003061,1
191919504003062,1
191919504003063,1
191919504003064,1
191919504003065,1
191919504003066,1
191919504003067,1
191919504003068,1
191919504003069,1
191919504003070,1
191919504003071,1
191919504003072,1
191919504003073,1
191919504003074,1
191919504003075,1
191919504003076,1
191919504003077,1
191919504003078,1
191919504003079,1
191919504003080,1
191919504003081,1
191919504003082,1
191919504003083,1
191919504003084,1
191919504003085,1
191919504003086,1
191919504003087,1
191919504003088,1
191919504003089,1
191919504003090,1
191919504003091,1
191919504003092,1
191919504003093,1
191919504003094,1
191919504003095,1
191919504003096,1
191919504003097,1
191919504003098,1
191919504003099,1
191919504003100,1
191919504003101,1
191919504003102,1
191919504003103,1
191919504003104,1
191919504003105,1
191919504003106,1
191919504003107,1
191919504003108,1
191919504003109,1
191919504003110,1
191919504003111,1
191919504003112,1
191919504003113,1
191919504003116,1
191919504004064,1
191919504004065,1
191919504004066,1
191919504004074,1
191919504004075,1
191919504004080,1
191919504004081,1
191919504004082,1
191919504002089,1
191919504002090,1
191919504002091,1
191919504002094,1
191919504002095,1
191919504002096,1
191919504002108,1
191919504002109,1
191919504002110,1
191919504002115,1
191919504003000,1
191919504003001,1
191919504003002,1
191919504003003,1
191919504003004,1
191919504003005,1
191919504003006,1
191919504003007,1
191919504003008,1
191919504003009,1
191919504003010,1
191919504003011,1
191919504003012,1
191919504003013,1
191919504003014,1
191919504003015,1
191919504003016,1
191919504003017,1
191919504003018,1
191919504003019,1
191919504003020,1
191919504003021,1
191919504003022,1
191919504003023,1
191919504003024,1
191919504003025,1
191919504003026,1
191919504003027,1
191919504003028,1
191919504003029,1
191919504003030,1
191919504003031,1
191919504003032,1
191919504003033,1
191919504003034,1
191919504003037,1
191919504003038,1
191919504003039,1
191919504003040,1
191919504003041,1
191919504003042,1
191919504003045,1
191919504003046,1
191919504003047,1
191919504003114,1
191919504003115,1
191919504004000,1
191919504004047,1
191919504004048,1
191919504004049,1
191919504004023,1
191919504004024,1
191919504004025,1
191919504004026,1
191919504004027,1
191919504004033,1
191919504004034,1
191919504004035,1
191919505001001,1
191919505001002,1
191919505001003,1
191919505001004,1
191919505001005,1
191919505001007,1
191919505001008,1
191919505001009,1
191919505001010,1
191919505001011,1
191919505001012,1
191919505001013,1
191919505001014,1
191919505001015,1
191919505001016,1
191919505001017,1
191919505001020,1
191919505001021,1
191919505001023,1
191919505001030,1
191919505001031,1
191919505001032,1
191919505001033,1
191919505001034,1
191919505002046,1
191919505002047,1
191919505002048,1
191919505002049,1
191919505002050,1
191919505002052,1
191919505002053,1
191919505002054,1
191919505002055,1
191919505002056,1
191919505002057,1
191919505002058,1
191919505002059,1
191919505002060,1
191919505002061,1
191919505002062,1
191919505002063,1
191919505002064,1
191919505002065,1
191919505002066,1
191919505002067,1
191919505002068,1
191919505003001,1
191919505003025,1
191919505001018,1
191919505001019,1
191919505001022,1
191919505001024,1
191919505001025,1
191919505001026,1
191919505001027,1
191919505001028,1
191919505001029,1
191919505001035,1
191919505001036,1
191919505001037,1
191919505001038,1
191919505001039,1
191919505001040,1
191919505001041,1
191919505001042,1
191919505001043,1
191919505001044,1
191919505001045,1
191919505001049,1
191919505001050,1
191919505001051,1
191919505001052,1
191919505001053,1
191919505001054,1
191919505001055,1
191919505001056,1
191919505001057,1
191919505001058,1
191919505001059,1
191919505001060,1
191919505001061,1
191919505001062,1
191919505001063,1
191919505001064,1
191919505001065,1
191919505001066,1
191919505001067,1
191919505003002,1
191919505003003,1
191919505003004,1
191919505003005,1
191919505003006,1
191919505003007,1
191919505003008,1
191919505003009,1
191919505003010,1
191919505003011,1
191919505003012,1
191919505003013,1
191919505003014,1
191919505003015,1
191919505003016,1
191919505003017,1
191919505003018,1
191919505003019,1
191919505003020,1
191919505003021,1
191919505003022,1
191919505003023,1
191919505003024,1
191919505003027,1
191919505003030,1
191919505003031,1
191919505002080,1
191919505002081,1
191919505004004,1
191919505004005,1
191919505004006,1
191919505004007,1
191919505004008,1
191919505004009,1
191919505004010,1
191919505004011,1
191919505004012,1
191919505004013,1
191919505004014,1
191919505004015,1
191919505004016,1
191919505004017,1
191919505004018,1
191919505004019,1
191919505004020,1
191919505004024,1
191919505004025,1
191919505004026,1
191919505004027,1
191919505004028,1
191919505004029,1
191919505004030,1
191919505004031,1
191919505004082,1
191919505004094,1
191919505004095,1
191919505004097,1
191919505004098,1
191919505004099,1
191919505004100,1
191919505004102,1
191919505004103,1
191919505004107,1
191919505004109,1
191919505004021,1
191919505004022,1
191919505004023,1
191919505004083,1
191919505004084,1
191919505004085,1
191919505004086,1
191919505004087,1
191919505004088,1
191919505004089,1
191919505004090,1
191919505004091,1
191919505004092,1
191919505004093,1
191919505004096,1
191919505004101,1
191919505004108,1
191930001001000,4
191930001001004,4
191930001001005,4
191930001001006,4
191930001001007,4
191930001001008,4
191930001001009,4
191930001001010,4
191930001001011,4
191930001001012,4
191930001001013,4
191930001001020,4
191930001001021,4
191930001001022,4
191930001001023,4
191930001001024,4
191930001001025,4
191930001001026,4
191930001001027,4
191930001001028,4
191930001001029,4
191930001001030,4
191930001001031,4
191930001001032,4
191930001001033,4
191930001001034,4
191930001001035,4
191930001001036,4
191930001001037,4
191930001001038,4
191930001001039,4
191930001001040,4
191930001001041,4
191930001001042,4
191930001001043,4
191930001001044,4
191930001001045,4
191930001001046,4
191930001001047,4
191930001001048,4
191930001001049,4
191930001001050,4
191930001001051,4
191930001001052,4
191930001001053,4
191930001001054,4
191930001001055,4
191930001001056,4
191930001001057,4
191930001001058,4
191930001001059,4
191930001001060,4
191930001001061,4
191930001001062,4
191930001001063,4
191930001001064,4
191930001002009,4
191930001002010,4
191930001002011,4
191930001002012,4
191930001002013,4
191930001002014,4
191930001002015,4
191930001002016,4
191930001002017,4
191930001002018,4
191930001002019,4
191930001002020,4
191930001002021,4
191930001002022,4
191930001002024,4
191930001002025,4
191930001002026,4
191930001002027,4
191930001002028,4
191930001002029,4
191930001003003,4
191930001003004,4
191930001003005,4
191930001003006,4
191930001003007,4
191930001003008,4
191930001003009,4
191930001003010,4
191930001003011,4
191930001003013,4
191930001003014,4
191930001003015,4
191930001004000,4
191930001004001,4
191930001004002,4
191930001004003,4
191930001004004,4
191930001004005,4
191930001004006,4
191930001004007,4
191930001004008,4
191930001004009,4
191930001004010,4
191930001004011,4
191930001004012,4
191930001004013,4
191930001004014,4
191930001004015,4
191930001004016,4
191930001004017,4
191930001004082,4
191930002022008,4
191930002022014,4
191930033022033,4
191930033022052,4
191930001001001,4
191930001001002,4
191930001001003,4
191930001001014,4
191930001001015,4
191930001001016,4
191930001001017,4
191930001001018,4
191930001001019,4
191930002011000,4
191930002011001,4
191930002011002,4
191930002011003,4
191930002011004,4
191930002011005,4
191930002011006,4
191930002011007,4
191930002011008,4
191930002011009,4
191930002011010,4
191930002011011,4
191930002011012,4
191930002011013,4
191930002011014,4
191930002011015,4
191930002011016,4
191930002011017,4
191930002011018,4
191930002011019,4
191930002011020,4
191930002011021,4
191930002011022,4
191930002011023,4
191930002011024,4
191930002011025,4
191930002011026,4
191930002012000,4
191930002012001,4
191930002012002,4
191930002012003,4
191930002012004,4
191930002012005,4
191930002012006,4
191930002012007,4
191930002012008,4
191930002012009,4
191930002012010,4
191930002012011,4
191930002012012,4
191930002012013,4
191930002012014,4
191930002012015,4
191930002012016,4
191930002012017,4
191930002012018,4
191930002012019,4
191930002012020,4
191930002012021,4
191930002012022,4
191930002012023,4
191930002012024,4
191930002012025,4
191930002012026,4
191930002012027,4
191930002012028,4
191930002012029,4
191930002012030,4
191930002013000,4
191930002013001,4
191930002013002,4
191930002013003,4
191930002013004,4
191930002013005,4
191930002013006,4
191930002013007,4
191930002013008,4
191930002013009,4
191930002013010,4
191930002013011,4
191930002013012,4
191930002013013,4
191930002013014,4
191930002013015,4
191930002013016,4
191930002013017,4
191930002013018,4
191930002013019,4
191930002013020,4
191930002013021,4
191930002013022,4
191930002013023,4
191930002013024,4
191930002014000,4
191930002014001,4
191930002014002,4
191930002014003,4
191930002014004,4
191930002014005,4
191930002014006,4
191930002014007,4
191930002014008,4
191930002014009,4
191930002014010,4
191930002014011,4
191930002014012,4
191930002014013,4
191930002014014,4
191930002014015,4
191930002014016,4
191930002014017,4
191930002014018,4
191930002014019,4
191930002014020,4
191930002014021,4
191930002014022,4
191930002014023,4
191930002014024,4
191930002014025,4
191930002014026,4
191930002014027,4
191930002014028,4
191930002014029,4
191930002014030,4
191930002014031,4
191930002014032,4
191930001002000,4
191930001002001,4
191930001002002,4
191930001002003,4
191930001002004,4
191930001002005,4
191930001002006,4
191930001002007,4
191930001002008,4
191930001002023,4
191930001003000,4
191930001003001,4
191930001003002,4
191930001003012,4
191930001003016,4
191930001003017,4
191930001003018,4
191930001003019,4
191930001003020,4
191930001003021,4
191930001003022,4
191930001003023,4
191930001003024,4
191930001003025,4
191930001003026,4
191930001003027,4
191930001003028,4
191930001003029,4
191930001003030,4
191930001003031,4
191930001003032,4
191930001003033,4
191930001003034,4
191930001003035,4
191930001004018,4
191930001004019,4
191930001004020,4
191930001004021,4
191930001004022,4
191930001004023,4
191930001004024,4
191930001004025,4
191930001004026,4
191930001004027,4
191930001004028,4
191930001004029,4
191930001004030,4
191930001004031,4
191930001004032,4
191930001004033,4
191930001004034,4
191930001004035,4
191930001004036,4
191930001004037,4
191930001004038,4
191930001004039,4
191930001004040,4
191930001004041,4
191930001004042,4
191930001004043,4
191930001004044,4
191930001004045,4
191930001004046,4
191930001004047,4
191930001004048,4
191930001004049,4
191930001004050,4
191930001004051,4
191930001004052,4
191930001004053,4
191930001004054,4
191930001004055,4
191930001004056,4
191930001004057,4
191930001004058,4
191930001004059,4
191930001004060,4
191930001004061,4
191930001004062,4
191930001004063,4
191930001004064,4
191930001004065,4
191930001004066,4
191930001004067,4
191930001004068,4
191930001004069,4
191930001004070,4
191930001004071,4
191930001004072,4
191930001004073,4
191930001004074,4
191930001004075,4
191930001004076,4
191930001004077,4
191930001004078,4
191930001004079,4
191930001004081,4
191930001004083,4
191930001004084,4
191930036003000,4
191930036003001,4
191930036003002,4
191930036003003,4
191930036003004,4
191930036003005,4
191930036003006,4
191930036003007,4
191930036003008,4
191930036003009,4
191930036003010,4
191930036003011,4
191930036003012,4
191930036003013,4
191930036003014,4
191930036003015,4
191930036003016,4
191930036003017,4
191930036003061,4
191930036003062,4
191930036003086,4
191930036003087,4
191930036003088,4
191930036003089,4
191930036003090,4
191930036003112,4
191930036003113,4
191930036003117,4
191930036003129,4
191930036003130,4
191930036003141,4
191930036003142,4
191930036003145,4
191930001004080,4
191930012002020,4
191930012002021,4
191930012002022,4
191930012002023,4
191930012003000,4
191930012003001,4
191930012003002,4
191930012003003,4
191930012003010,4
191930012003011,4
191930012003013,4
191930012003014,4
191930012003015,4
191930012003016,4
191930012003017,4
191930012003018,4
191930012003019,4
191930012003020,4
191930012003021,4
191930012003022,4
191930012003023,4
191930012003024,4
191930012003025,4
191930012003026,4
191930012003027,4
191930012003028,4
191930012003029,4
191930012003030,4
191930012003031,4
191930012003032,4
191930013002013,4
191930013002016,4
191930013002017,4
191930013002019,4
191930013002020,4
191930036001000,4
191930036001001,4
191930036001002,4
191930036001003,4
191930036001004,4
191930036001005,4
191930036001006,4
191930036001007,4
191930036001008,4
191930036001009,4
191930036001010,4
191930036001011,4
191930036001012,4
191930036001013,4
191930036001014,4
191930036001015,4
191930036001016,4
191930036001017,4
191930036002000,4
191930036002001,4
191930036002002,4
191930036002003,4
191930036002004,4
191930036002005,4
191930036002006,4
191930036002007,4
191930036002010,4
191930036002011,4
191930036002012,4
191930036002013,4
191930036002014,4
191930036002015,4
191930036002016,4
191930036002017,4
191930036002018,4
191930036002020,4
191930036002021,4
191930036002022,4
191930036002023,4
191930036002024,4
191930036002025,4
191930036002026,4
191930036002027,4
191930036002028,4
191930036002029,4
191930036002030,4
191930036002031,4
191930036002032,4
191930036002033,4
191930036003018,4
191930036003019,4
191930036003020,4
191930036003021,4
191930036003022,4
191930036003023,4
191930036003024,4
191930036003025,4
191930036003026,4
191930036003027,4
191930036003028,4
191930036003029,4
191930036003030,4
191930036003031,4
191930036003032,4
191930036003033,4
191930036003034,4
191930036003035,4
191930036003036,4
191930036003037,4
191930036003038,4
191930036003039,4
191930036003040,4
191930036003041,4
191930036003042,4
191930036003043,4
191930036003044,4
191930036003045,4
191930036003046,4
191930036003047,4
191930036003048,4
191930036003049,4
191930036003050,4
191930036003051,4
191930036003052,4
191930036003053,4
191930036003054,4
191930036003055,4
191930036003056,4
191930036003057,4
191930036003058,4
191930036003059,4
191930036003060,4
191930036003063,4
191930036003064,4
191930036003065,4
191930036003066,4
191930036003067,4
191930036003068,4
191930036003069,4
191930036003070,4
191930036003071,4
191930036003072,4
191930036003073,4
191930036003074,4
191930036003075,4
191930036003076,4
191930036003077,4
191930036003078,4
191930036003079,4
191930036003080,4
191930036003081,4
191930036003082,4
191930036003094,4
191930036003095,4
191930036003096,4
191930036003097,4
191930036003098,4
191930036003099,4
191930036003100,4
191930036003101,4
191930036003102,4
191930036003103,4
191930036003104,4
191930036003105,4
191930036003109,4
191930036003110,4
191930036003111,4
191930036003143,4
191930036003144,4
191930002021000,4
191930002021001,4
191930002021002,4
191930002021003,4
191930002021004,4
191930002021005,4
191930002021006,4
191930002021007,4
191930002021008,4
191930002021009,4
191930002022000,4
191930002022004,4
191930002022015,4
191930003001000,4
191930003001004,4
191930003005004,4
191930003006000,4
191930003006001,4
191930003006002,4
191930003006003,4
191930003006004,4
191930003006005,4
191930003006006,4
191930002022001,4
191930002022002,4
191930002022003,4
191930002022005,4
191930002022006,4
191930002022007,4
191930002022009,4
191930002022010,4
191930002022011,4
191930002022012,4
191930002022013,4
191930002022016,4
191930002022017,4
191930002022018,4
191930003001005,4
191930003001006,4
191930003001019,4
191930011001000,4
191930011001001,4
191930011001002,4
191930011001003,4
191930011001004,4
191930011001005,4
191930011001006,4
191930011001007,4
191930011001008,4
191930011001009,4
191930011001010,4
191930011001011,4
191930011001012,4
191930011001014,4
191930011001015,4
191930011001016,4
191930011001017,4
191930011001018,4
191930011001019,4
191930011001020,4
191930011002000,4
191930011002001,4
191930011002002,4
191930011002003,4
191930011002004,4
191930011004000,4
191930011004019,4
191930011004020,4
191930011004022,4
191930011005000,4
191930011005001,4
191930011005012,4
191930011005013,4
191930011005016,4
191930011005017,4
191930011005030,4
191930011005031,4
191930003001001,4
191930003001002,4
191930003001003,4
191930003001007,4
191930003001008,4
191930003001009,4
191930003001010,4
191930003001011,4
191930003001012,4
191930003001013,4
191930003001014,4
191930003001015,4
191930003001016,4
191930003002000,4
191930003002001,4
191930003002002,4
191930003002003,4
191930003002004,4
191930003002005,4
191930003002006,4
191930003002011,4
191930003002014,4
191930003002015,4
191930003002016,4
191930003002017,4
191930003002018,4
191930003002019,4
191930003002020,4
191930003002021,4
191930003003000,4
191930003003001,4
191930003003002,4
191930003003003,4
191930003003009,4
191930003003010,4
191930003003011,4
191930003003012,4
191930003003013,4
191930003003014,4
191930003003015,4
191930003003016,4
191930003003017,4
191930003003018,4
191930003003019,4
191930003003020,4
191930003003021,4
191930003001017,4
191930003001018,4
191930003002007,4
191930003002008,4
191930003002009,4
191930003002010,4
191930003002012,4
191930003002013,4
191930003002022,4
191930004002004,4
191930004002005,4
191930004002006,4
191930004002007,4
191930004002008,4
191930004002009,4
191930004002011,4
191930004002012,4
191930004002013,4
191930004002015,4
191930004002016,4
191930004002017,4
191930004002018,4
191930004002019,4
191930004002020,4
191930004003007,4
191930004003008,4
191930004003012,4
191930004003013,4
191930004003014,4
191930004003015,4
191930004003016,4
191930004003017,4
191930004003018,4
191930004003019,4
191930004003020,4
191930004003021,4
191930004003022,4
191930004003023,4
191930004003024,4
191930004003025,4
191930004003026,4
191930004003027,4
191930004003028,4
191930004003029,4
191930004003030,4
191930004003031,4
191930004003032,4
191930004003033,4
191930004003034,4
191930004003035,4
191930004003036,4
191930004003037,4
191930004003038,4
191930004003039,4
191930004003040,4
191930010001000,4
191930010001001,4
191930010001002,4
191930010001003,4
191930010001007,4
191930010001008,4
191930010001009,4
191930010001010,4
191930010001011,4
191930010001012,4
191930010001013,4
191930010001021,4
191930010001022,4
191930010001023,4
191930010001024,4
191930011004009,4
191930011004010,4
191930011004011,4
191930011004012,4
191930011005002,4
191930011005003,4
191930011005004,4
191930011005005,4
191930011005006,4
191930011005007,4
191930011005008,4
191930011005009,4
191930011005010,4
191930011005011,4
191930011005014,4
191930011005015,4
191930011005018,4
191930011005019,4
191930011005020,4
191930011005021,4
191930011005022,4
191930011005023,4
191930011005024,4
191930011005025,4
191930011005026,4
191930011005027,4
191930011005028,4
191930011005029,4
191930003003004,4
191930003003005,4
191930003003006,4
191930003003007,4
191930003003008,4
191930003003022,4
191930003003023,4
191930003004006,4
191930003004007,4
191930003004008,4
191930003004009,4
191930003004010,4
191930003004011,4
191930003004012,4
191930003004013,4
191930003004014,4
191930003004015,4
191930004002000,4
191930004002001,4
191930004002002,4
191930004002003,4
191930004002010,4
191930004002014,4
191930004003000,4
191930004003001,4
191930004003002,4
191930004003003,4
191930004003004,4
191930004003005,4
191930004003006,4
191930004003009,4
191930004003010,4
191930004003011,4
191930004003041,4
191930004004002,4
191930004004003,4
191930004004009,4
191930004005000,4
191930004005001,4
191930004005002,4
191930004005003,4
191930004005004,4
191930004005005,4
191930005001000,4
191930005001001,4
191930005001002,4
191930005002000,4
191930005002001,4
191930005002002,4
191930003004000,4
191930003004001,4
191930003004002,4
191930003004003,4
191930003004004,4
191930003004005,4
191930003005000,4
191930003005001,4
191930003005002,4
191930003005003,4
191930004001000,4
191930004001001,4
191930004001002,4
191930004001003,4
191930004001004,4
191930004001005,4
191930004001006,4
191930004001007,4
191930004001008,4
191930004001009,4
191930004001010,4
191930004001011,4
191930004001012,4
191930004001013,4
191930004001014,4
191930004001015,4
191930004001016,4
191930004004000,4
191930004004001,4
191930004004004,4
191930004004005,4
191930004004006,4
191930004004007,4
191930004004008,4
191930005001003,4
191930005001004,4
191930005001005,4
191930005001006,4
191930005001007,4
191930005001008,4
191930005001009,4
191930005001010,4
191930005001011,4
191930005001012,4
191930005001013,4
191930005001014,4
191930005001015,4
191930005001016,4
191930005001017,4
191930005001018,4
191930005001019,4
191930005001020,4
191930005001021,4
191930005001022,4
191930005001023,4
191930005002003,4
191930005002004,4
191930005002005,4
191930005002006,4
191930005003000,4
191930005003001,4
191930005003002,4
191930005003003,4
191930005003004,4
191930005003005,4
191930005003006,4
191930005003007,4
191930005003008,4
191930005003009,4
191930005003010,4
191930005003011,4
191930005003012,4
191930005003013,4
191930005003014,4
191930005003015,4
191930005003016,4
191930005003017,4
191930005003018,4
191930005003019,4
191930005003020,4
191930005003021,4
191930005004011,4
191930005004012,4
191930005004013,4
191930005004014,4
191930005004015,4
191930005004016,4
191930005004017,4
191930005004018,4
191930005004019,4
191930005004020,4
191930005004021,4
191930005004022,4
191930009002000,4
191930009002001,4
191930009002002,4
191930009002003,4
191930009002004,4
191930009002005,4
191930009002006,4
191930009002007,4
191930009002008,4
191930009002009,4
191930009002010,4
191930009002011,4
191930009002012,4
191930009002013,4
191930009002016,4
191930009002018,4
191930009002019,4
191930009002020,4
191930005004000,4
191930005004001,4
191930005004002,4
191930005004004,4
191930005004005,4
191930005004008,4
191930005004009,4
191930005004010,4
191930007001000,4
191930007001001,4
191930007001002,4
191930007001003,4
191930007001004,4
191930007001005,4
191930007001006,4
191930007001007,4
191930007001008,4
191930007001009,4
191930007001010,4
191930007001011,4
191930007001012,4
191930007001013,4
191930007001014,4
191930007001015,4
191930007001016,4
191930007001017,4
191930007001018,4
191930007001019,4
191930007001020,4
191930007001021,4
191930007001022,4
191930007001025,4
191930007002000,4
191930007002001,4
191930007002002,4
191930007002003,4
191930007002004,4
191930007002005,4
191930007002006,4
191930007002007,4
191930007002008,4
191930007002009,4
191930007002010,4
191930007002011,4
191930007002012,4
191930007002021,4
191930007002022,4
191930007003005,4
191930007003006,4
191930007003007,4
191930007003008,4
191930007003009,4
191930007003021,4
191930007003022,4
191930008002000,4
191930008002001,4
191930008002002,4
191930008002003,4
191930008002004,4
191930008002005,4
191930008003000,4
191930008003001,4
191930008003002,4
191930008003003,4
191930008003004,4
191930008003005,4
191930008003006,4
191930008003007,4
191930008003008,4
191930008003009,4
191930008003010,4
191930008003011,4
191930008003012,4
191930008003027,4
191930005004003,4
191930005004006,4
191930005004007,4
191930005004023,4
191930005004024,4
191930006001000,4
191930006001001,4
191930006001002,4
191930006001003,4
191930006001004,4
191930006001005,4
191930006001006,4
191930006001007,4
191930006001008,4
191930006001009,4
191930006001010,4
191930006001011,4
191930006001012,4
191930006001013,4
191930006001014,4
191930006001015,4
191930006001016,4
191930006001017,4
191930006001018,4
191930006001019,4
191930006001020,4
191930006001021,4
191930006001022,4
191930006001023,4
191930006001024,4
191930006001025,4
191930006001026,4
191930006001027,4
191930006001028,4
191930006002000,4
191930006002001,4
191930006002002,4
191930006002003,4
191930006002004,4
191930006002005,4
191930006002006,4
191930006002007,4
191930006002008,4
191930006002009,4
191930006002010,4
191930006002011,4
191930006002012,4
191930006002013,4
191930006002014,4
191930006002015,4
191930006002016,4
191930006002017,4
191930006002018,4
191930006002019,4
191930006002020,4
191930006002021,4
191930006002022,4
191930006002023,4
191930006002024,4
191930006002025,4
191930006002026,4
191930006002027,4
191930006002028,4
191930006002029,4
191930006002030,4
191930006002031,4
191930006002032,4
191930006002033,4
191930006002034,4
191930006002035,4
191930006003000,4
191930006003001,4
191930006003002,4
191930006003003,4
191930006003004,4
191930006003005,4
191930006003006,4
191930006003007,4
191930006003008,4
191930006003009,4
191930006003010,4
191930006003011,4
191930006003012,4
191930006003013,4
191930006003014,4
191930006003015,4
191930006003016,4
191930006003017,4
191930006003018,4
191930006003019,4
191930006003020,4
191930006003021,4
191930006003022,4
191930006003023,4
191930006003024,4
191930006003025,4
191930006003026,4
191930006003027,4
191930006003028,4
191930006003029,4
191930006003030,4
191930006003031,4
191930006003032,4
191930006004000,4
191930006004001,4
191930006004002,4
191930006004003,4
191930006004004,4
191930006004005,4
191930006004006,4
191930006004007,4
191930006004008,4
191930006004009,4
191930006004010,4
191930006004011,4
191930006004012,4
191930006004013,4
191930006004014,4
191930006004015,4
191930006004016,4
191930006004017,4
191930006004018,4
191930006004019,4
191930006004020,4
191930006004021,4
191930006004022,4
191930006004023,4
191930006004024,4
191930006004025,4
191930006004026,4
191930006004027,4
191930006004028,4
191930006004029,4
191930007002013,4
191930007002014,4
191930007002015,4
191930007002016,4
191930007002017,4
191930007002018,4
191930007002019,4
191930007002020,4
191930007002023,4
191930007002024,4
191930007001023,4
191930007001024,4
191930007003000,4
191930007003001,4
191930007003023,4
191930007003024,4
191930007003026,4
191930008003014,4
191930008003015,4
191930008003016,4
191930008003021,4
191930008003022,4
191930008003023,4
191930008003024,4
191930008003029,4
191930008003030,4
191930008003031,4
191930008004000,4
191930008004001,4
191930008004002,4
191930008004003,4
191930008004004,4
191930008004005,4
191930008004006,4
191930008004007,4
191930008004008,4
191930008004009,4
191930008004010,4
191930008004011,4
191930008004012,4
191930008004013,4
191930008004014,4
191930008004015,4
191930008004016,4
191930008004017,4
191930008004018,4
191930008004019,4
191930008004020,4
191930008004021,4
191930014001005,4
191930014001006,4
191930014001007,4
191930014001012,4
191930014001013,4
191930014001014,4
191930014001015,4
191930014001016,4
191930014001017,4
191930014001018,4
191930014001019,4
191930014001020,4
191930014001021,4
191930014001022,4
191930014001023,4
191930014001024,4
191930014001025,4
191930014001027,4
191930014001028,4
191930014001029,4
191930014001034,4
191930014001035,4
191930014004000,4
191930014004001,4
191930014004002,4
191930014004003,4
191930014004004,4
191930014004005,4
191930014004006,4
191930014004007,4
191930014004008,4
191930014004009,4
191930014004010,4
191930014004011,4
191930014005000,4
191930014005001,4
191930014005002,4
191930014005003,4
191930014005004,4
191930014005005,4
191930014005006,4
191930014005007,4
191930014005008,4
191930014005009,4
191930014005010,4
191930014005011,4
191930014005012,4
191930014005013,4
191930014005014,4
191930014005015,4
191930014005016,4
191930014005017,4
191930014005018,4
191930014005019,4
191930014005020,4
191930014005021,4
191930014005022,4
191930014005023,4
191930014005024,4
191930014005025,4
191930014005026,4
191930014005027,4
191930014005028,4
191930014005029,4
191930007003002,4
191930007003003,4
191930007003004,4
191930007003010,4
191930007003011,4
191930007003012,4
191930007003013,4
191930007003014,4
191930007003015,4
191930007003016,4
191930007003017,4
191930007003018,4
191930007003019,4
191930007003020,4
191930007003025,4
191930007003027,4
191930007003028,4
191930007003029,4
191930007003030,4
191930007003031,4
191930007003032,4
191930007003033,4
191930014002023,4
191930014002024,4
191930014003000,4
191930014003001,4
191930014003002,4
191930014003003,4
191930014003004,4
191930014003005,4
191930014003006,4
191930014003007,4
191930014003008,4
191930014003009,4
191930014003010,4
191930014003011,4
191930014003012,4
191930014003013,4
191930014003014,4
191930014003015,4
191930014003016,4
191930014003017,4
191930014003018,4
191930014003019,4
191930014003020,4
191930014004012,4
191930014004013,4
191930014004014,4
191930014004015,4
191930014004016,4
191930014004017,4
191930014004018,4
191930014004019,4
191930014004020,4
191930014004021,4
191930014004022,4
191930014004023,4
191930014004024,4
191930014004025,4
191930014004026,4
191930014004027,4
191930014004028,4
191930014004029,4
191930008001000,4
191930008001001,4
191930008001002,4
191930009001000,4
191930009001001,4
191930009001002,4
191930009001003,4
191930009001004,4
191930009001005,4
191930009001006,4
191930009001007,4
191930009001008,4
191930009001009,4
191930009001010,4
191930009001011,4
191930009001012,4
191930009001013,4
191930009001014,4
191930009001015,4
191930009001016,4
191930009001017,4
191930009001018,4
191930009001019,4
191930009001020,4
191930009001021,4
191930009002017,4
191930009002021,4
191930009002022,4
191930009002023,4
191930009002024,4
191930010001004,4
191930010001005,4
191930010001006,4
191930010001014,4
191930010001015,4
191930010001016,4
191930010001017,4
191930010001018,4
191930010001019,4
191930010001028,4
191930010002002,4
191930010002003,4
191930010002004,4
191930010002005,4
191930010002006,4
191930010002007,4
191930010002008,4
191930010002009,4
191930010002010,4
191930010002011,4
191930010002012,4
191930010002013,4
191930010002014,4
191930010002015,4
191930010002016,4
191930010002017,4
191930010002018,4
191930010002019,4
191930010002020,4
191930010002031,4
191930010002032,4
191930010002033,4
191930013001003,4
191930013001004,4
191930013001005,4
191930013001006,4
191930013001007,4
191930013001008,4
191930013001009,4
191930013001010,4
191930013001011,4
191930013001012,4
191930013001013,4
191930013001014,4
191930013001017,4
191930013001031,4
191930013001032,4
191930013001034,4
191930008001003,4
191930008001004,4
191930008001005,4
191930008001006,4
191930008001007,4
191930008001008,4
191930008001009,4
191930008001010,4
191930008001011,4
191930008001012,4
191930008001013,4
191930008001014,4
191930008001015,4
191930008001016,4
191930008001017,4
191930008001018,4
191930008001019,4
191930008001020,4
191930008001021,4
191930008001022,4
191930008001023,4
191930008001024,4
191930008001025,4
191930008001026,4
191930008001027,4
191930008001028,4
191930008001029,4
191930008001030,4
191930008001031,4
191930008001032,4
191930008001033,4
191930008001034,4
191930008001035,4
191930008001036,4
191930008001037,4
191930008001038,4
191930008001039,4
191930008001040,4
191930008001041,4
191930008001042,4
191930008001043,4
191930008001044,4
191930008001045,4
191930008001046,4
191930008002006,4
191930008002007,4
191930008002008,4
191930008002009,4
191930008002010,4
191930008002011,4
191930008002012,4
191930008002013,4
191930008002014,4
191930008002015,4
191930008002016,4
191930008002017,4
191930008002018,4
191930008002019,4
191930008002020,4
191930008002021,4
191930008002022,4
191930008002023,4
191930008002024,4
191930008002025,4
191930008002026,4
191930008002027,4
191930008002028,4
191930008002029,4
191930008003013,4
191930008003017,4
191930008003018,4
191930008003019,4
191930008003020,4
191930008003025,4
191930008003026,4
191930008003028,4
191930009002014,4
191930009002015,4
191930009002025,4
191930009002026,4
191930009002027,4
191930014001000,4
191930014001001,4
191930014001002,4
191930014001003,4
191930014001004,4
191930014001008,4
191930014001009,4
191930014001010,4
191930014001011,4
191930014001026,4
191930014001030,4
191930014001031,4
191930014001032,4
191930014001033,4
191930015001000,4
191930015001001,4
191930015001002,4
191930015001003,4
191930015001004,4
191930015001005,4
191930015001006,4
191930015001007,4
191930015001008,4
191930015001009,4
191930015001010,4
191930015001011,4
191930015001012,4
191930015001013,4
191930015001014,4
191930015001015,4
191930015001016,4
191930015001017,4
191930015001018,4
191930015001019,4
191930015001020,4
191930015001021,4
191930015001022,4
191930015001023,4
191930015001024,4
191930015001025,4
191930015001026,4
191930015001027,4
191930015001028,4
191930015001029,4
191930015001030,4
191930015001031,4
191930015001032,4
191930015001033,4
191930015002001,4
191930015002010,4
191930015002011,4
191930036002008,4
191930036002009,4
191930010001020,4
191930010001025,4
191930010001026,4
191930010001027,4
191930010002000,4
191930010002001,4
191930010002021,4
191930010002022,4
191930010002023,4
191930010002024,4
191930010002025,4
191930010002026,4
191930010002027,4
191930010002028,4
191930010002029,4
191930010002030,4
191930011001013,4
191930011002005,4
191930011002006,4
191930011002007,4
191930011002008,4
191930011002009,4
191930011002010,4
191930011002011,4
191930011002012,4
191930011002013,4
191930011002014,4
191930011002015,4
191930011002016,4
191930011002017,4
191930011002018,4
191930011002019,4
191930011002020,4
191930011002021,4
191930011003000,4
191930011003001,4
191930011003002,4
191930011003003,4
191930011003004,4
191930011003005,4
191930011003006,4
191930011003007,4
191930011003008,4
191930011003009,4
191930011003010,4
191930011003011,4
191930011003012,4
191930011003013,4
191930011003014,4
191930011003015,4
191930011003016,4
191930011003017,4
191930011003018,4
191930011003019,4
191930011004001,4
191930011004002,4
191930011004003,4
191930011004004,4
191930011004005,4
191930011004006,4
191930011004007,4
191930011004008,4
191930011004013,4
191930011004014,4
191930011004015,4
191930011004016,4
191930011004017,4
191930011004018,4
191930011004021,4
191930011004023,4
191930011004024,4
191930011004025,4
191930011004026,4
191930012001001,4
191930012001002,4
191930012001003,4
191930012001004,4
191930012001005,4
191930012001006,4
191930012001007,4
191930012001008,4
191930012001009,4
191930012001010,4
191930012001011,4
191930012001012,4
191930012001013,4
191930012001014,4
191930012001015,4
191930012001016,4
191930013001000,4
191930013001001,4
191930013001002,4
191930013001015,4
191930013001016,4
191930012001000,4
191930012001017,4
191930012001018,4
191930012001019,4
191930012001020,4
191930012001021,4
191930012001022,4
191930012001023,4
191930012002000,4
191930012002001,4
191930012002002,4
191930012002003,4
191930012002004,4
191930012002005,4
191930012002006,4
191930012002007,4
191930012002008,4
191930012002009,4
191930012002010,4
191930012002011,4
191930012002012,4
191930012002013,4
191930012002014,4
191930012002015,4
191930012002016,4
191930012002017,4
191930012002018,4
191930012002019,4
191930012002024,4
191930012003004,4
191930012003005,4
191930012003006,4
191930012003007,4
191930012003008,4
191930012003009,4
191930012003012,4
191930013001018,4
191930013001019,4
191930013001020,4
191930013001021,4
191930013001022,4
191930013001023,4
191930013001024,4
191930013001025,4
191930013001026,4
191930013001027,4
191930013001028,4
191930013001029,4
191930013001030,4
191930013001033,4
191930013001035,4
191930013002000,4
191930013002001,4
191930013002002,4
191930013002003,4
191930013002004,4
191930013002005,4
191930013002006,4
191930013002007,4
191930013002008,4
191930013002009,4
191930013002010,4
191930013002011,4
191930013002012,4
191930013002014,4
191930013002015,4
191930013002018,4
191930014002000,4
191930014002001,4
191930014002002,4
191930014002003,4
191930014002004,4
191930014002005,4
191930014002006,4
191930014002007,4
191930014002008,4
191930014002009,4
191930014002010,4
191930014002011,4
191930014002012,4
191930014002013,4
191930014002014,4
191930014002015,4
191930014002016,4
191930014002017,4
191930014002018,4
191930014002019,4
191930014002020,4
191930014002021,4
191930014002022,4
191930014002025,4
191930015002000,4
191930015002002,4
191930015002003,4
191930015002004,4
191930015002005,4
191930015002006,4
191930015002007,4
191930015002008,4
191930015002009,4
191930015002012,4
191930015002013,4
191930015002014,4
191930015002015,4
191930015002016,4
191930015002017,4
191930015002018,4
191930015002019,4
191930015002020,4
191930015003000,4
191930015003001,4
191930015003002,4
191930015003003,4
191930015003004,4
191930015003005,4
191930015003006,4
191930015003007,4
191930015003008,4
191930015003009,4
191930015003010,4
191930015003011,4
191930015003012,4
191930015003013,4
191930015003014,4
191930015003015,4
191930015003016,4
191930015003017,4
191930015003018,4
191930015003019,4
191930015003020,4
191930015003021,4
191930015003022,4
191930015003023,4
191930015003024,4
191930015003025,4
191930015003026,4
191930015003027,4
191930015003028,4
191930015003029,4
191930015003030,4
191930015003031,4
191930015003032,4
191930015003033,4
191930015003034,4
191930015003035,4
191930015003036,4
191930015003037,4
191930015003038,4
191930015003039,4
191930015003040,4
191930015003041,4
191930015003042,4
191930015003043,4
191930036002019,4
191930036002034,4
191930036002035,4
191930036002036,4
191930036002037,4
191930036002038,4
191930018011000,4
191930018011001,4
191930018011002,4
191930018011003,4
191930018011004,4
191930018011005,4
191930018011006,4
191930018011010,4
191930018011011,4
191930018011012,4
191930018011013,4
191930018011022,4
191930018011023,4
191930018011024,4
191930018011025,4
191930018011026,4
191930018011027,4
191930018011028,4
191930018011029,4
191930018011030,4
191930018011031,4
191930018012004,4
191930018012005,4
191930018012006,4
191930018012007,4
191930018012008,4
191930018012009,4
191930018012010,4
191930018012011,4
191930018012012,4
191930018012013,4
191930018012014,4
191930018012015,4
191930018012016,4
191930018012017,4
191930018012027,4
191930018012028,4
191930018012029,4
191930018012030,4
191930018012031,4
191930018012032,4
191930018012037,4
191930018012038,4
191930018012039,4
191930018012040,4
191930018013014,4
191930018013015,4
191930018013016,4
191930018013017,4
191930018013018,4
191930018013019,4
191930018013020,4
191930018013027,4
191930018013028,4
191930018013030,4
191930018013031,4
191930018021000,4
191930018021001,4
191930018021002,4
191930018021003,4
191930018021004,4
191930018021005,4
191930018021006,4
191930018021007,4
191930018021008,4
191930018021009,4
191930018021010,4
191930018021011,4
191930018021012,4
191930018021017,4
191930018021018,4
191930018021019,4
191930018021022,4
191930018021023,4
191930018021024,4
191930018021025,4
191930018021026,4
191930018021027,4
191930018021030,4
191930018021031,4
191930018021032,4
191930018021033,4
191930018021034,4
191930018021039,4
191930018021040,4
191930018022000,4
191930018022001,4
191930018022002,4
191930018022003,4
191930018022004,4
191930018022005,4
191930018022006,4
191930018022007,4
191930018022018,4
191930033022037,4
191930033022038,4
191930033022039,4
191930033022040,4
191930033022041,4
191930033022060,4
191930033022061,4
191930033022062,4
191930033022065,4
191930033022067,4
191930033022068,4
191930033022069,4
191930033022070,4
191930018011007,4
191930018011008,4
191930018011009,4
191930018011014,4
191930018011015,4
191930018011016,4
191930018011017,4
191930018011018,4
191930018011019,4
191930018011020,4
191930018011021,4
191930018011032,4
191930018012018,4
191930018012019,4
191930018012020,4
191930018012021,4
191930018012022,4
191930018012023,4
191930018012024,4
191930018012025,4
191930018012026,4
191930018013021,4
191930018013022,4
191930018013023,4
191930018013024,4
191930018013025,4
191930018013026,4
191930018014000,4
191930018014001,4
191930018014002,4
191930018014003,4
191930018014004,4
191930018014005,4
191930018014006,4
191930018014007,4
191930018014008,4
191930018014009,4
191930018014010,4
191930018014011,4
191930018014012,4
191930018014013,4
191930018014014,4
191930018014015,4
191930018014016,4
191930018014017,4
191930018014018,4
191930018014019,4
191930018014020,4
191930018014021,4
191930018015000,4
191930018015001,4
191930018015002,4
191930018015003,4
191930018015004,4
191930018015005,4
191930018015006,4
191930018015007,4
191930018015008,4
191930018015009,4
191930018015010,4
191930018015011,4
191930018015012,4
191930018015013,4
191930018015014,4
191930018015015,4
191930018015016,4
191930018015017,4
191930018015018,4
191930018015019,4
191930018015020,4
191930018015021,4
191930018015022,4
191930018015023,4
191930018015024,4
191930018015025,4
191930018015026,4
191930018015027,4
191930018015028,4
191930018015029,4
191930018015030,4
191930018015031,4
191930018015032,4
191930018015033,4
191930018015034,4
191930018015035,4
191930018015036,4
191930018015037,4
191930018015038,4
191930018015039,4
191930018015040,4
191930018015041,4
191930018015042,4
191930018021013,4
191930018021014,4
191930018021015,4
191930018021016,4
191930018021020,4
191930018021021,4
191930018021028,4
191930018021029,4
191930018021035,4
191930018021036,4
191930018021037,4
191930018021038,4
191930020005002,4
191930020005003,4
191930020005004,4
191930020005005,4
191930020005006,4
191930020005007,4
191930020005008,4
191930020005009,4
191930020005010,4
191930020005011,4
191930020005012,4
191930020005013,4
191930020005014,4
191930020005015,4
191930020005016,4
191930020005017,4
191930020006000,4
191930020006001,4
191930020006002,4
191930020006003,4
191930020006004,4
191930020006005,4
191930020006006,4
191930020006007,4
191930020006008,4
191930020007000,4
191930020007001,4
191930020007017,4
191930020007024,4
191930020007025,4
191930036003083,4
191930036003084,4
191930036003085,4
191930036003091,4
191930036003092,4
191930036003093,4
191930036003106,4
191930036003107,4
191930036003108,4
191930036003114,4
191930036003115,4
191930036003116,4
191930036003118,4
191930036003119,4
191930036003120,4
191930036003121,4
191930036003122,4
191930036003123,4
191930036003124,4
191930036003125,4
191930036003126,4
191930036003127,4
191930036003128,4
191930036003131,4
191930036003132,4
191930036003133,4
191930036003134,4
191930036003135,4
191930036003136,4
191930036003137,4
191930036003138,4
191930036003139,4
191930036003140,4
191930036003146,4
191930018012000,4
191930018012001,4
191930018012002,4
191930018012003,4
191930018012033,4
191930018012034,4
191930018012035,4
191930018012036,4
191930018012041,4
191930018013000,4
191930018013001,4
191930018013002,4
191930018013003,4
191930018013004,4
191930018013005,4
191930018013006,4
191930018013007,4
191930018013008,4
191930018013009,4
191930018013010,4
191930018013011,4
191930018013012,4
191930018013013,4
191930018013029,4
191930018013032,4
191930018013033,4
191930018013034,4
191930018013035,4
191930018013036,4
191930018013037,4
191930018013038,4
191930018021041,4
191930018021042,4
191930018021043,4
191930018021044,4
191930018021045,4
191930018021046,4
191930018022010,4
191930018022015,4
191930018022016,4
191930018022017,4
191930018022020,4
191930018022021,4
191930018022023,4
191930018022024,4
191930018022025,4
191930018022026,4
191930019001004,4
191930019001005,4
191930019001006,4
191930019001007,4
191930019001008,4
191930019001009,4
191930019001010,4
191930019001018,4
191930019001019,4
191930019001020,4
191930019001021,4
191930019001022,4
191930019003000,4
191930019003001,4
191930019003002,4
191930019003003,4
191930019003004,4
191930019003005,4
191930019003006,4
191930019003007,4
191930019003008,4
191930019003009,4
191930019003010,4
191930019003011,4
191930019003012,4
191930019003013,4
191930019003014,4
191930019003015,4
191930019003016,4
191930019003017,4
191930019003018,4
191930019003019,4
191930019003020,4
191930019003021,4
191930019003022,4
191930019003023,4
191930019003024,4
191930019003025,4
191930019003026,4
191930019003027,4
191930019004000,4
191930019004001,4
191930019004002,4
191930019004003,4
191930019004004,4
191930019004005,4
191930019004006,4
191930019004007,4
191930019004008,4
191930019004009,4
191930019004010,4
191930019004015,4
191930020001000,4
191930020001001,4
191930020001002,4
191930020001003,4
191930020001004,4
191930020001008,4
191930020001009,4
191930020001010,4
191930020001011,4
191930020001012,4
191930020001013,4
191930020001014,4
191930020001015,4
191930020001020,4
191930020001021,4
191930018022008,4
191930018022009,4
191930018022011,4
191930018022012,4
191930018022013,4
191930018022014,4
191930018022019,4
191930018022022,4
191930032001007,4
191930032001008,4
191930032001009,4
191930032001010,4
191930032001011,4
191930032001012,4
191930032001013,4
191930032001014,4
191930032001043,4
191930032001044,4
191930032001052,4
191930032001053,4
191930032001099,4
191930033022000,4
191930033022001,4
191930033022002,4
191930033022003,4
191930033022004,4
191930033022005,4
191930033022006,4
191930033022007,4
191930033022008,4
191930033022009,4
191930033022010,4
191930033022011,4
191930033022012,4
191930033022013,4
191930033022014,4
191930033022015,4
191930033022016,4
191930033022017,4
191930033022018,4
191930033022019,4
191930033022020,4
191930033022021,4
191930033022022,4
191930033022023,4
191930033022024,4
191930033022025,4
191930033022026,4
191930033022027,4
191930033022028,4
191930033022029,4
191930033022030,4
191930033022031,4
191930033022032,4
191930033022034,4
191930033022035,4
191930033022036,4
191930033022042,4
191930033022043,4
191930033022044,4
191930033022045,4
191930033022046,4
191930033022047,4
191930033022048,4
191930033022049,4
191930033022050,4
191930033022051,4
191930033022053,4
191930033022054,4
191930033022055,4
191930033022056,4
191930033022057,4
191930033022058,4
191930033022059,4
191930033022063,4
191930033022064,4
191930033022066,4
191930033022071,4
191930033022072,4
191930033022073,4
191930033022074,4
191930033022075,4
191930033022076,4
191930033022077,4
191930033022078,4
191930033022079,4
191930019001000,4
191930019001001,4
191930019001002,4
191930019001003,4
191930019001011,4
191930019001023,4
191930019001024,4
191930019001025,4
191930019001026,4
191930019001027,4
191930021013002,4
191930021013005,4
191930021013006,4
191930021013007,4
191930021013008,4
191930021013009,4
191930021013010,4
191930021013011,4
191930021013012,4
191930021013013,4
191930021013014,4
191930021013015,4
191930021013016,4
191930021013017,4
191930021013018,4
191930021013019,4
191930021013020,4
191930021013021,4
191930021013022,4
191930021013023,4
191930021013025,4
191930021021003,4
191930021021004,4
191930021021005,4
191930021021006,4
191930021021007,4
191930021021008,4
191930021021009,4
191930021021010,4
191930021021011,4
191930021021012,4
191930021021013,4
191930021021014,4
191930021024000,4
191930021024001,4
191930021024002,4
191930021024003,4
191930021024004,4
191930021024005,4
191930021024006,4
191930021024007,4
191930021024008,4
191930021025001,4
191930021025002,4
191930021025003,4
191930021025004,4
191930021025005,4
191930021025007,4
191930021025008,4
191930021025009,4
191930021025010,4
191930021025011,4
191930021025012,4
191930021025013,4
191930021025014,4
191930021025015,4
191930021025016,4
191930021025017,4
191930021025018,4
191930021025019,4
191930021025020,4
191930021025021,4
191930021025022,4
191930021025023,4
191930021025024,4
191930021025025,4
191930021025026,4
191930021025027,4
191930021025029,4
191930021025030,4
191930021025031,4
191930021025032,4
191930021025033,4
191930021025034,4
191930021025035,4
191930021025036,4
191930021025037,4
191930021025039,4
191930033021005,4
191930033021006,4
191930033021007,4
191930033021008,4
191930033021009,4
191930033021022,4
191930033021026,4
191930033021039,4
191930033021040,4
191930033021042,4
191930033021044,4
191930033021045,4
191930033021050,4
191930033021055,4
191930033021059,4
191930035002009,4
191930035002011,4
191930035002012,4
191930036004010,4
191930036004011,4
191930036004012,4
191930036004013,4
191930036004014,4
191930036004016,4
191930036004021,4
191930036004022,4
191930036004023,4
191930036004024,4
191930036004025,4
191930036004026,4
191930036004027,4
191930036004028,4
191930036004029,4
191930036004030,4
191930036004031,4
191930036004032,4
191930036004033,4
191930036004034,4
191930036004037,4
191930036004038,4
191930036004039,4
191930036004040,4
191930036004041,4
191930036004042,4
191930036004043,4
191930036004044,4
191930036004045,4
191930036004046,4
191930036004048,4
191930036004049,4
191930036004050,4
191930036004051,4
191930036004052,4
191930036004053,4
191930036004054,4
191930036004055,4
191930036004056,4
191930036004058,4
191930036004061,4
191930036004066,4
191930036004069,4
191930036004070,4
191930036004073,4
191930036004075,4
191930036004076,4
191930036004077,4
191930036004078,4
191930036004079,4
191930036004080,4
191930036004081,4
191930036004082,4
191930036004084,4
191930036004085,4
191930036004086,4
191930036004087,4
191930036004088,4
191930036004089,4
191930036004090,4
191930036004091,4
191930036004092,4
191930036004093,4
191930036004094,4
191930036004095,4
191930019001012,4
191930019001013,4
191930021011005,4
191930021011006,4
191930021011007,4
191930021011008,4
191930021011009,4
191930021011010,4
191930021011011,4
191930021011012,4
191930021011013,4
191930021011014,4
191930021011015,4
191930021011016,4
191930021011017,4
191930021011018,4
191930021012008,4
191930021012009,4
191930021012010,4
191930021012011,4
191930021012012,4
191930021012013,4
191930021012014,4
191930021012015,4
191930021012016,4
191930021012017,4
191930021012018,4
191930021012019,4
191930021012020,4
191930021012021,4
191930021012022,4
191930021012023,4
191930021012024,4
191930021012025,4
191930021012026,4
191930021012027,4
191930021013000,4
191930021013001,4
191930021013003,4
191930021013004,4
191930021021000,4
191930021021001,4
191930021021002,4
191930021022000,4
191930021022001,4
191930019001014,4
191930019001015,4
191930019001016,4
191930019001017,4
191930019001028,4
191930019001029,4
191930019001030,4
191930019001031,4
191930019001032,4
191930019002000,4
191930019002001,4
191930019002002,4
191930019002003,4
191930019002004,4
191930019002005,4
191930019002006,4
191930019002007,4
191930019002008,4
191930019002009,4
191930019002010,4
191930019002011,4
191930019002012,4
191930019002013,4
191930019002014,4
191930019002015,4
191930019002016,4
191930019002017,4
191930019002018,4
191930019002019,4
191930019002020,4
191930019002021,4
191930019002022,4
191930019002023,4
191930019002024,4
191930019002025,4
191930019002026,4
191930019002027,4
191930019002028,4
191930019002029,4
191930019002030,4
191930019004011,4
191930019004012,4
191930019004013,4
191930019004014,4
191930019004016,4
191930019004017,4
191930019004018,4
191930019004019,4
191930019004020,4
191930019004021,4
191930019004022,4
191930019004023,4
191930019004024,4
191930019004025,4
191930019004026,4
191930019004027,4
191930020002000,4
191930020002001,4
191930020002002,4
191930020002003,4
191930020002007,4
191930020002008,4
191930020002009,4
191930020002010,4
191930020002013,4
191930020002023,4
191930020002024,4
191930020003000,4
191930020003001,4
191930020003002,4
191930020003003,4
191930020003004,4
191930021011000,4
191930021011001,4
191930021011002,4
191930021011003,4
191930021011004,4
191930021012000,4
191930021012001,4
191930021012002,4
191930021012003,4
191930021012004,4
191930021012005,4
191930021012006,4
191930021012007,4
191930021026000,4
191930021026001,4
191930021026002,4
191930021026003,4
191930021026004,4
191930021026007,4
191930021026008,4
191930021026009,4
191930020001005,4
191930020001006,4
191930020001007,4
191930020001016,4
191930020001017,4
191930020001018,4
191930020001019,4
191930020002004,4
191930020002005,4
191930020002006,4
191930020002011,4
191930020002012,4
191930020002014,4
191930020002015,4
191930020002016,4
191930020002017,4
191930020002018,4
191930020002019,4
191930020002020,4
191930020002021,4
191930020002022,4
191930020002025,4
191930020002026,4
191930020003005,4
191930020003006,4
191930020003007,4
191930020003008,4
191930020003009,4
191930020003010,4
191930020003011,4
191930020003012,4
191930020003013,4
191930020003014,4
191930020003015,4
191930020003016,4
191930020003017,4
191930020003018,4
191930020003019,4
191930020003020,4
191930020003021,4
191930020003022,4
191930020004000,4
191930020004001,4
191930020004002,4
191930020004003,4
191930020004004,4
191930020004005,4
191930020004006,4
191930020004007,4
191930020004008,4
191930020004009,4
191930020004010,4
191930020004011,4
191930020004012,4
191930020004013,4
191930020004014,4
191930020004015,4
191930020004016,4
191930020004017,4
191930020004018,4
191930020004019,4
191930020004020,4
191930020004021,4
191930020004022,4
191930020004023,4
191930020005000,4
191930020005001,4
191930020006009,4
191930020006010,4
191930020006011,4
191930020006012,4
191930020006013,4
191930020006014,4
191930020006015,4
191930020006016,4
191930020006017,4
191930020006018,4
191930020006019,4
191930020006020,4
191930020006021,4
191930020006022,4
191930020006023,4
191930020006024,4
191930020006025,4
191930020006026,4
191930020006027,4
191930020006028,4
191930020006029,4
191930020006030,4
191930020007002,4
191930020007003,4
191930020007004,4
191930020007005,4
191930020007006,4
191930020007007,4
191930020007008,4
191930020007009,4
191930020007010,4
191930020007011,4
191930020007012,4
191930020007013,4
191930020007014,4
191930020007015,4
191930020007016,4
191930020007018,4
191930020007019,4
191930020007020,4
191930020007021,4
191930020007022,4
191930020007023,4
191930036004000,4
191930036004001,4
191930036004003,4
191930036004004,4
191930036004005,4
191930036004006,4
191930036004007,4
191930036004008,4
191930036004009,4
191930036004015,4
191930021013024,4
191930021013026,4
191930021013027,4
191930021013028,4
191930021025000,4
191930021025006,4
191930021025028,4
191930021025038,4
191930032002038,4
191930032002039,4
191930032002040,4
191930032002041,4
191930032002042,4
191930032002043,4
191930032002044,4
191930032002045,4
191930032002046,4
191930032002084,4
191930032002085,4
191930033011000,4
191930033021000,4
191930033021001,4
191930033021002,4
191930033021003,4
191930033021004,4
191930033021010,4
191930033021011,4
191930033021012,4
191930033021013,4
191930033021014,4
191930033021015,4
191930033021016,4
191930033021017,4
191930033021018,4
191930033021019,4
191930033021020,4
191930033021021,4
191930033021023,4
191930033021024,4
191930033021025,4
191930033021027,4
191930033021028,4
191930033021029,4
191930033021030,4
191930033021031,4
191930033021032,4
191930033021033,4
191930033021034,4
191930033021035,4
191930033021036,4
191930033021037,4
191930033021038,4
191930033021041,4
191930033021043,4
191930033021046,4
191930033021047,4
191930033021048,4
191930033021049,4
191930033021051,4
191930033021052,4
191930033021053,4
191930033021054,4
191930033021056,4
191930033021057,4
191930033021058,4
191930033021060,4
191930033021061,4
191930033021063,4
191930033021064,4
191930021022002,4
191930021022003,4
191930021022004,4
191930021022005,4
191930021022006,4
191930021022007,4
191930021022008,4
191930021022009,4
191930021022010,4
191930021022011,4
191930021022012,4
191930021022013,4
191930021022014,4
191930021022015,4
191930021022016,4
191930021022017,4
191930021022018,4
191930021022019,4
191930021022020,4
191930021022021,4
191930021022022,4
191930021022023,4
191930021023000,4
191930021023001,4
191930021023002,4
191930021023003,4
191930021023004,4
191930021023005,4
191930021023006,4
191930021023007,4
191930021023008,4
191930021023009,4
191930021023010,4
191930021023011,4
191930021023012,4
191930021023013,4
191930021023014,4
191930021023015,4
191930021023016,4
191930021023017,4
191930021023018,4
191930021023019,4
191930021023020,4
191930021023021,4
191930021023022,4
191930021023023,4
191930021023024,4
191930021023025,4
191930021026005,4
191930021026006,4
191930021026010,4
191930036004002,4
191930036004017,4
191930036004018,4
191930036004019,4
191930036004020,4
191930031001000,4
191930031001001,4
191930031001002,4
191930031001004,4
191930031001005,4
191930031001006,4
191930031001007,4
191930031001008,4
191930031001031,4
191930031001032,4
191930031001035,4
191930031001036,4
191930031001037,4
191930031001038,4
191930031001039,4
191930031001040,4
191930031001041,4
191930031001042,4
191930031001043,4
191930031001044,4
191930031001045,4
191930031001046,4
191930031001047,4
191930031001048,4
191930031001049,4
191930031001050,4
191930031001051,4
191930031001052,4
191930031001053,4
191930031001054,4
191930031001055,4
191930031001056,4
191930031001057,4
191930031001058,4
191930031001059,4
191930031001060,4
191930031001061,4
191930031001062,4
191930031001063,4
191930031001064,4
191930031001065,4
191930031001066,4
191930031001067,4
191930031001068,4
191930031001069,4
191930031001070,4
191930031001071,4
191930031001072,4
191930031001073,4
191930031001074,4
191930031001075,4
191930031001076,4
191930031001077,4
191930031001078,4
191930031001079,4
191930031001080,4
191930031001081,4
191930031001082,4
191930031001083,4
191930031001084,4
191930031001085,4
191930031001086,4
191930031001087,4
191930031001090,4
191930031001003,4
191930031001009,4
191930031001010,4
191930031001011,4
191930031001012,4
191930031001013,4
191930031001014,4
191930031001015,4
191930031001016,4
191930031001017,4
191930031001018,4
191930031001019,4
191930031001020,4
191930031001021,4
191930031001022,4
191930031001023,4
191930031001024,4
191930031001025,4
191930031001026,4
191930031001027,4
191930031001028,4
191930031001029,4
191930031001030,4
191930031001033,4
191930031001034,4
191930031001088,4
191930031001089,4
191930031002013,4
191930031002014,4
191930031002033,4
191930031002000,4
191930031002001,4
191930031002002,4
191930031002003,4
191930031002004,4
191930031002005,4
191930031002006,4
191930031002007,4
191930031002008,4
191930031002009,4
191930031002010,4
191930031002011,4
191930031002012,4
191930031002015,4
191930031002016,4
191930031002017,4
191930031002018,4
191930031002019,4
191930031002020,4
191930031002021,4
191930031002022,4
191930031002023,4
191930031002024,4
191930031002025,4
191930031002026,4
191930031002027,4
191930031002028,4
191930031002029,4
191930031002030,4
191930031002031,4
191930031002032,4
191930031002034,4
191930031002035,4
191930031002036,4
191930031002037,4
191930031002038,4
191930031002039,4
191930031002044,4
191930031002045,4
191930031002051,4
191930031002052,4
191930031002053,4
191930031002040,4
191930031002041,4
191930031002042,4
191930031002043,4
191930031003000,4
191930031003001,4
191930031003002,4
191930031003003,4
191930031003004,4
191930031003005,4
191930031003006,4
191930031003007,4
191930031003008,4
191930031003009,4
191930031003010,4
191930031003011,4
191930031003012,4
191930031003013,4
191930031003017,4
191930031003018,4
191930031003019,4
191930031003020,4
191930031003021,4
191930031003022,4
191930031003023,4
191930031003024,4
191930031003025,4
191930031003031,4
191930031003032,4
191930031003033,4
191930031003036,4
191930031003037,4
191930031003038,4
191930031003039,4
191930031003040,4
191930031003041,4
191930031003042,4
191930031003043,4
191930031003044,4
191930031003045,4
191930031003048,4
191930031003050,4
191930031003052,4
191930031003059,4
191930031004075,4
191930031004084,4
191930031004085,4
191930031004086,4
191930031005012,4
191930031005013,4
191930031005014,4
191930031005015,4
191930031005016,4
191930031005017,4
191930031005018,4
191930031002046,4
191930031002047,4
191930031002048,4
191930031002049,4
191930031002050,4
191930031002054,4
191930031002055,4
191930031002056,4
191930031002057,4
191930031002058,4
191930031002059,4
191930031002060,4
191930031002061,4
191930031002062,4
191930031002063,4
191930031002064,4
191930031002065,4
191930031002066,4
191930031002067,4
191930031002068,4
191930031002069,4
191930031002070,4
191930031002071,4
191930031002072,4
191930031002073,4
191930031002074,4
191930031002075,4
191930031002076,4
191930031002077,4
191930031002078,4
191930031002079,4
191930031002080,4
191930031002081,4
191930031002082,4
191930031002083,4
191930031002084,4
191930031002085,4
191930031002086,4
191930031002087,4
191930031002088,4
191930031002089,4
191930031002090,4
191930031004005,4
191930031004006,4
191930031004007,4
191930031004008,4
191930031004009,4
191930031004010,4
191930031004011,4
191930031004012,4
191930031004013,4
191930031004014,4
191930031004015,4
191930031004016,4
191930031004017,4
191930031004018,4
191930031004019,4
191930031004020,4
191930031004023,4
191930031004024,4
191930031004025,4
191930031004026,4
191930031003014,4
191930031003015,4
191930031003016,4
191930031003026,4
191930031003027,4
191930031003028,4
191930031003029,4
191930031003030,4
191930031003034,4
191930031003035,4
191930031003046,4
191930031003047,4
191930032004066,4
191930032004067,4
191930032004068,4
191930032004069,4
191930032004071,4
191930032004072,4
191930032004073,4
191930032004074,4
191930032004075,4
191930032004076,4
191930032004077,4
191930032004078,4
191930032004079,4
191930032004080,4
191930032004081,4
191930032004082,4
191930032004083,4
191930032004084,4
191930032004085,4
191930032004086,4
191930032004087,4
191930032004088,4
191930032004089,4
191930032004090,4
191930032004091,4
191930032004092,4
191930032004093,4
191930032004094,4
191930032004095,4
191930032004096,4
191930032004097,4
191930032004098,4
191930032004099,4
191930032004105,4
191930032004128,4
191930032004129,4
191930032004130,4
191930032004131,4
191930032004132,4
191930032004133,4
191930032004134,4
191930032004135,4
191930032004136,4
191930032004137,4
191930032004138,4
191930032004139,4
191930032004140,4
191930032004141,4
191930032004142,4
191930032004143,4
191930032004157,4
191930032004158,4
191930032004167,4
191930031003049,4
191930031003051,4
191930031003053,4
191930031003054,4
191930031003055,4
191930031003056,4
191930031003057,4
191930031003058,4
191930031003062,4
191930031003063,4
191930031003064,4
191930031003065,4
191930031003066,4
191930031003067,4
191930031003068,4
191930031003069,4
191930031003070,4
191930031003071,4
191930031003072,4
191930031003073,4
191930031003074,4
191930031003075,4
191930031003076,4
191930031003077,4
191930031003078,4
191930031003079,4
191930031003080,4
191930031003081,4
191930031003082,4
191930031003083,4
191930031003084,4
191930031003085,4
191930031003086,4
191930031003087,4
191930031003088,4
191930031003089,4
191930031003090,4
191930031003091,4
191930031003092,4
191930031003093,4
191930031003094,4
191930031003095,4
191930031003096,4
191930031003097,4
191930031003098,4
191930031003099,4
191930031003100,4
191930031003101,4
191930031003102,4
191930031003103,4
191930031003104,4
191930031003106,4
191930031003107,4
191930031003109,4
191930031003060,4
191930031003110,4
191930031005044,4
191930031005045,4
191930031005048,4
191930031005049,4
191930031005050,4
191930035004000,4
191930035004001,4
191930035004002,4
191930035004003,4
191930035004004,4
191930035004005,4
191930035004006,4
191930035004007,4
191930035004008,4
191930035004009,4
191930035004010,4
191930035004011,4
191930035004012,4
191930035004013,4
191930035004014,4
191930035004015,4
191930035004016,4
191930035004017,4
191930035004018,4
191930035004019,4
191930035004020,4
191930035004021,4
191930035004022,4
191930035004023,4
191930035004024,4
191930035004025,4
191930035004026,4
191930035004027,4
191930035004028,4
191930035004029,4
191930035004030,4
191930035004031,4
191930035004032,4
191930035004033,4
191930035004034,4
191930035004035,4
191930035004036,4
191930035004037,4
191930035004038,4
191930035004039,4
191930035004040,4
191930035004041,4
191930035004042,4
191930035004043,4
191930035004046,4
191930035004047,4
191930035004048,4
191930035004050,4
191930035004051,4
191930035004052,4
191930035004055,4
191930035004056,4
191930035004057,4
191930035004162,4
191930035004163,4
191930035004164,4
191930035004166,4
191930035004167,4
191930031003061,4
191930031003105,4
191930031003108,4
191930031005010,4
191930031005011,4
191930031005019,4
191930031005020,4
191930031005029,4
191930031005030,4
191930031005031,4
191930031005032,4
191930031005033,4
191930031005034,4
191930031005035,4
191930031005036,4
191930031005037,4
191930031005038,4
191930031005039,4
191930031005040,4
191930031005041,4
191930031005042,4
191930031005043,4
191930031005046,4
191930031005047,4
191930031005051,4
191930031005052,4
191930031005053,4
191930031005054,4
191930031005055,4
191930031005056,4
191930031005078,4
191930031005079,4
191930031005099,4
191930031005100,4
191930031005106,4
191930031005226,4
191930031005227,4
191930031005228,4
191930031005229,4
191930035004058,4
191930035004060,4
191930035004061,4
191930035004062,4
191930035004067,4
191930031004000,4
191930031004001,4
191930031004002,4
191930031004003,4
191930031004004,4
191930031004021,4
191930031004022,4
191930031004027,4
191930031004031,4
191930031004032,4
191930031004033,4
191930031004034,4
191930031004035,4
191930031004036,4
191930031004053,4
191930031004054,4
191930031004055,4
191930031004056,4
191930031004057,4
191930031004058,4
191930031004059,4
191930031004060,4
191930031004061,4
191930031004062,4
191930031004063,4
191930031004064,4
191930031004065,4
191930031004066,4
191930031004067,4
191930031004068,4
191930031004069,4
191930031004070,4
191930031004071,4
191930031004072,4
191930031004073,4
191930031004074,4
191930031004076,4
191930031004077,4
191930031004078,4
191930031004079,4
191930031004080,4
191930031004081,4
191930031004082,4
191930031004083,4
191930031004087,4
191930031004088,4
191930031004089,4
191930031004090,4
191930031004091,4
191930031004092,4
191930031004093,4
191930031004094,4
191930031004095,4
191930031004096,4
191930031004097,4
191930031004098,4
191930031005007,4
191930031005008,4
191930031004028,4
191930031004029,4
191930031004030,4
191930031004037,4
191930031004038,4
191930031004039,4
191930031004040,4
191930031004041,4
191930031004042,4
191930031004043,4
191930031004044,4
191930031004045,4
191930031004046,4
191930031004047,4
191930031004048,4
191930031004049,4
191930031004050,4
191930031004051,4
191930031004052,4
191930031004099,4
191930031005000,4
191930031005001,4
191930031005002,4
191930031005003,4
191930031005004,4
191930031005005,4
191930031005006,4
191930031005009,4
191930031005021,4
191930031005022,4
191930031005023,4
191930031005024,4
191930031005025,4
191930031005026,4
191930031005027,4
191930031005028,4
191930031005057,4
191930031005058,4
191930031005059,4
191930031005060,4
191930031005061,4
191930031005062,4
191930031005063,4
191930031005064,4
191930031005065,4
191930031005066,4
191930031005067,4
191930031005068,4
191930031005069,4
191930031005070,4
191930031005071,4
191930031005072,4
191930031005073,4
191930031005074,4
191930031005075,4
191930031005076,4
191930031005077,4
191930031005080,4
191930031005081,4
191930031005082,4
191930031005083,4
191930031005084,4
191930031005085,4
191930031005086,4
191930031005087,4
191930031005088,4
191930031005089,4
191930031005143,4
191930031005090,4
191930031005091,4
191930031005092,4
191930031005093,4
191930031005094,4
191930031005101,4
191930031005108,4
191930031005109,4
191930031005126,4
191930031005127,4
191930031005129,4
191930031005130,4
191930031005131,4
191930031005132,4
191930031005133,4
191930031005134,4
191930031005135,4
191930031005136,4
191930031005137,4
191930031005138,4
191930031005139,4
191930031005140,4
191930031005141,4
191930031005142,4
191930031005144,4
191930031005145,4
191930031005146,4
191930031005147,4
191930031005148,4
191930031005149,4
191930031005150,4
191930031005151,4
191930031005152,4
191930031005153,4
191930031005154,4
191930031005155,4
191930031005156,4
191930031005157,4
191930031005158,4
191930031005159,4
191930031005160,4
191930031005161,4
191930031005162,4
191930031005163,4
191930031005164,4
191930031005165,4
191930031005166,4
191930031005167,4
191930031005168,4
191930031005169,4
191930031005170,4
191930031005171,4
191930031005172,4
191930031005173,4
191930031005174,4
191930031005175,4
191930031005176,4
191930031005177,4
191930031005178,4
191930031005179,4
191930031005180,4
191930031005181,4
191930031005182,4
191930031005183,4
191930031005184,4
191930031005185,4
191930031005186,4
191930031005187,4
191930031005188,4
191930031005189,4
191930031005190,4
191930031005191,4
191930031005192,4
191930031005193,4
191930031005194,4
191930031005195,4
191930031005196,4
191930031005197,4
191930031005198,4
191930031005199,4
191930031005200,4
191930031005201,4
191930031005202,4
191930031005203,4
191930031005204,4
191930031005205,4
191930031005206,4
191930031005207,4
191930031005208,4
191930031005209,4
191930031005210,4
191930031005095,4
191930031005096,4
191930031005097,4
191930031005098,4
191930031005102,4
191930031005103,4
191930031005104,4
191930031005105,4
191930031005107,4
191930031005110,4
191930031005111,4
191930031005112,4
191930031005113,4
191930031005114,4
191930031005115,4
191930031005116,4
191930031005117,4
191930031005118,4
191930031005119,4
191930031005120,4
191930031005121,4
191930031005122,4
191930031005123,4
191930031005124,4
191930031005125,4
191930031005128,4
191930031005211,4
191930031005212,4
191930031005213,4
191930031005214,4
191930031005215,4
191930031005216,4
191930031005217,4
191930031005218,4
191930031005219,4
191930031005220,4
191930031005221,4
191930031005222,4
191930031005223,4
191930031005224,4
191930031005225,4
191930035004063,4
191930035004064,4
191930035004065,4
191930035004066,4
191930035004068,4
191930035004069,4
191930035004070,4
191930035004071,4
191930035004072,4
191930035004073,4
191930035004074,4
191930035004075,4
191930035004076,4
191930035004077,4
191930035004078,4
191930035004079,4
191930035004080,4
191930035004081,4
191930035004082,4
191930035004083,4
191930035004084,4
191930035004085,4
191930035004086,4
191930035004087,4
191930035004088,4
191930035004091,4
191930035004092,4
191930035004093,4
191930035004094,4
191930035004104,4
191930035004105,4
191930035004146,4
191930035004147,4
191930035004148,4
191930035004149,4
191930035004154,4
191930035004155,4
191930035004156,4
191930032001000,4
191930032001001,4
191930032001002,4
191930032001003,4
191930032001004,4
191930032001005,4
191930032001006,4
191930032001015,4
191930032001016,4
191930032001017,4
191930032001018,4
191930032001019,4
191930032001020,4
191930032001021,4
191930032001022,4
191930032001023,4
191930032001024,4
191930032001025,4
191930032001026,4
191930032001027,4
191930032001028,4
191930032001029,4
191930032001030,4
191930032001031,4
191930032001032,4
191930032001033,4
191930032001034,4
191930032001035,4
191930032001036,4
191930032001037,4
191930032001038,4
191930032001039,4
191930032001040,4
191930032001041,4
191930032001042,4
191930032001045,4
191930032001046,4
191930032001047,4
191930032001048,4
191930032001050,4
191930032001051,4
191930032001059,4
191930032001061,4
191930032001062,4
191930032001063,4
191930032001064,4
191930032001065,4
191930032001066,4
191930032001067,4
191930032001068,4
191930032001069,4
191930032001070,4
191930032001073,4
191930032001074,4
191930032001075,4
191930032001076,4
191930032001077,4
191930032001098,4
191930032001100,4
191930032002001,4
191930032004007,4
191930032004008,4
191930032004027,4
191930032004028,4
191930032004034,4
191930032004035,4
191930032004036,4
191930032004037,4
191930032004038,4
191930032004039,4
191930032004173,4
191930032001049,4
191930032001054,4
191930032001055,4
191930032001056,4
191930032001057,4
191930032001058,4
191930032001060,4
191930032001078,4
191930032001079,4
191930032001080,4
191930032001081,4
191930032001082,4
191930032001083,4
191930032001084,4
191930032001085,4
191930032001086,4
191930032001087,4
191930032001088,4
191930032001089,4
191930032001090,4
191930032001091,4
191930032001092,4
191930032001093,4
191930032001094,4
191930032001095,4
191930032001096,4
191930032001097,4
191930032001101,4
191930032001102,4
191930032002009,4
191930032002010,4
191930032001071,4
191930032001072,4
191930032002000,4
191930032003000,4
191930032003001,4
191930032003002,4
191930032003003,4
191930032003004,4
191930032003005,4
191930032003006,4
191930032003007,4
191930032003008,4
191930032003009,4
191930032003010,4
191930032003011,4
191930032003012,4
191930032003013,4
191930032003014,4
191930032003015,4
191930032003016,4
191930032003017,4
191930032003018,4
191930032003019,4
191930032003020,4
191930032003021,4
191930032003022,4
191930032003023,4
191930032003024,4
191930032003025,4
191930032003026,4
191930032003027,4
191930032003028,4
191930032003029,4
191930032003030,4
191930032003031,4
191930032003032,4
191930032003033,4
191930032003034,4
191930032003035,4
191930032003036,4
191930032003037,4
191930032003038,4
191930032003039,4
191930032003040,4
191930032003041,4
191930032003042,4
191930032003043,4
191930032003044,4
191930032003045,4
191930032003046,4
191930032003047,4
191930032003048,4
191930032003049,4
191930032003050,4
191930032003051,4
191930032003052,4
191930032003053,4
191930032003054,4
191930032003055,4
191930032003056,4
191930032003057,4
191930032003058,4
191930032003059,4
191930032003060,4
191930032003061,4
191930032003062,4
191930032003063,4
191930032003064,4
191930032003065,4
191930032003066,4
191930032003067,4
191930032003068,4
191930032003069,4
191930032003070,4
191930032003071,4
191930032003072,4
191930032003073,4
191930032003074,4
191930032003075,4
191930032003076,4
191930032003077,4
191930032003078,4
191930032003079,4
191930032003080,4
191930032003081,4
191930032003082,4
191930032003083,4
191930032003084,4
191930032003085,4
191930032003086,4
191930032003087,4
191930032003088,4
191930032003089,4
191930032003090,4
191930032003091,4
191930032003092,4
191930032003093,4
191930032003094,4
191930032003095,4
191930032003096,4
191930032003097,4
191930032004000,4
191930032004001,4
191930032004002,4
191930032004003,4
191930032004004,4
191930032004005,4
191930032004006,4
191930032004009,4
191930032004010,4
191930032004011,4
191930032004012,4
191930032004013,4
191930032004014,4
191930032004015,4
191930032004016,4
191930032004017,4
191930032004018,4
191930032004019,4
191930032004020,4
191930032004021,4
191930032004022,4
191930032004023,4
191930032004024,4
191930032004025,4
191930032004026,4
191930032004029,4
191930032004030,4
191930032004031,4
191930032004032,4
191930032004033,4
191930032004040,4
191930032004041,4
191930032004042,4
191930032004043,4
191930032004044,4
191930032004045,4
191930032004046,4
191930032004047,4
191930032004048,4
191930032004049,4
191930032004050,4
191930032004051,4
191930032004052,4
191930032004053,4
191930032004054,4
191930032004055,4
191930032004056,4
191930032004057,4
191930032004058,4
191930032004059,4
191930032004060,4
191930032004061,4
191930032004062,4
191930032004063,4
191930032004064,4
191930032004065,4
191930032004070,4
191930032004104,4
191930032004164,4
191930032004165,4
191930032004166,4
191930032004168,4
191930032004169,4
191930032004170,4
191930032004171,4
191930032004172,4
191930032002002,4
191930032002003,4
191930032002004,4
191930032002005,4
191930032002019,4
191930032002020,4
191930032002026,4
191930032002063,4
191930032002064,4
191930032002065,4
191930032004100,4
191930032004101,4
191930032004102,4
191930032004103,4
191930032004106,4
191930032004107,4
191930032004108,4
191930032004109,4
191930032004110,4
191930032004111,4
191930032004112,4
191930032004113,4
191930032004114,4
191930032004115,4
191930032004116,4
191930032004117,4
191930032004118,4
191930032004119,4
191930032004120,4
191930032004121,4
191930032004122,4
191930032004123,4
191930032004124,4
191930032004125,4
191930032004126,4
191930032004127,4
191930032004144,4
191930032004145,4
191930032004146,4
191930032004147,4
191930032004148,4
191930032004149,4
191930032004150,4
191930032004151,4
191930032004152,4
191930032004153,4
191930032004154,4
191930032004155,4
191930032004156,4
191930032004159,4
191930032004160,4
191930032004161,4
191930032004162,4
191930032004163,4
191930032002006,4
191930032002007,4
191930032002008,4
191930032002011,4
191930032002012,4
191930032002013,4
191930032002014,4
191930032002015,4
191930032002016,4
191930032002017,4
191930032002018,4
191930032002021,4
191930032002022,4
191930032002023,4
191930032002024,4
191930032002025,4
191930032002027,4
191930032002028,4
191930032002029,4
191930032002030,4
191930032002031,4
191930032002032,4
191930032002033,4
191930032002034,4
191930032002035,4
191930032002036,4
191930032002037,4
191930032002047,4
191930032002048,4
191930032002049,4
191930032002050,4
191930032002051,4
191930032002052,4
191930032002053,4
191930032002054,4
191930032002055,4
191930032002056,4
191930032002057,4
191930032002058,4
191930032002059,4
191930032002060,4
191930032002061,4
191930032002062,4
191930032002066,4
191930032002067,4
191930032002068,4
191930032002069,4
191930032002070,4
191930032002071,4
191930032002072,4
191930032002073,4
191930032002074,4
191930032002075,4
191930032002076,4
191930032002077,4
191930032002078,4
191930032002079,4
191930032002080,4
191930032002081,4
191930032002082,4
191930032002083,4
191930032002087,4
191930032002088,4
191930032002086,4
191930035003008,4
191930035003009,4
191930035003010,4
191930035003011,4
191930035003014,4
191930035003015,4
191930035003016,4
191930035003017,4
191930035003018,4
191930035003019,4
191930035003020,4
191930035003021,4
191930035003022,4
191930035003023,4
191930035003024,4
191930035003025,4
191930035003028,4
191930035003029,4
191930035003030,4
191930035003031,4
191930035003032,4
191930035003033,4
191930035003034,4
191930035003035,4
191930035003036,4
191930035003037,4
191930035003038,4
191930035003039,4
191930035003040,4
191930035003041,4
191930035003042,4
191930035003043,4
191930035003044,4
191930035003045,4
191930035003046,4
191930035003047,4
191930035003048,4
191930035003049,4
191930035003050,4
191930035003051,4
191930035003055,4
191930035003056,4
191930035003070,4
191930035003071,4
191930035003072,4
191930035003073,4
191930035003078,4
191930035003184,4
191930035003185,4
191930035003186,4
191930035003187,4
191930035003188,4
191930035003189,4
191930035003190,4
191930035003192,4
191930033011001,4
191930033011002,4
191930033011003,4
191930033011004,4
191930033011005,4
191930033011006,4
191930033011007,4
191930033011008,4
191930033011009,4
191930033011010,4
191930033011011,4
191930033011012,4
191930033011013,4
191930033011014,4
191930033011015,4
191930033011016,4
191930033011017,4
191930033011018,4
191930033011019,4
191930033011020,4
191930033011021,4
191930033011022,4
191930033011023,4
191930033011024,4
191930033011025,4
191930033011026,4
191930033011027,4
191930033011028,4
191930033011029,4
191930033012000,4
191930033012001,4
191930033012002,4
191930033012003,4
191930033012004,4
191930033012005,4
191930033012006,4
191930033012007,4
191930033012008,4
191930033012009,4
191930033012010,4
191930033012011,4
191930033012012,4
191930033012013,4
191930033012014,4
191930033012015,4
191930033012016,4
191930033012017,4
191930033012018,4
191930033012019,4
191930033012020,4
191930033012021,4
191930033012022,4
191930033012023,4
191930033012024,4
191930033012025,4
191930033012026,4
191930033012027,4
191930033012028,4
191930033012029,4
191930033012030,4
191930033012031,4
191930033012032,4
191930033012033,4
191930033012034,4
191930033012035,4
191930033012036,4
191930033012037,4
191930033012038,4
191930033012039,4
191930033012040,4
191930033012041,4
191930033012042,4
191930033012043,4
191930033012044,4
191930033012045,4
191930033012046,4
191930033012047,4
191930033012048,4
191930033012049,4
191930033012050,4
191930033012051,4
191930033012052,4
191930033012053,4
191930033012054,4
191930033012055,4
191930033013000,4
191930033013001,4
191930033013002,4
191930033013003,4
191930033013004,4
191930033013005,4
191930033013006,4
191930033013007,4
191930033013008,4
191930033013009,4
191930033013010,4
191930033013011,4
191930033013012,4
191930033013013,4
191930033013014,4
191930033013015,4
191930033013016,4
191930033013017,4
191930033013018,4
191930033013019,4
191930033013020,4
191930033013021,4
191930033013022,4
191930033013023,4
191930033013024,4
191930033013025,4
191930033013026,4
191930033013027,4
191930033013028,4
191930033013029,4
191930033013030,4
191930033013031,4
191930033013032,4
191930033013033,4
191930033013034,4
191930033013035,4
191930033013036,4
191930033013037,4
191930033013038,4
191930033013039,4
191930033013040,4
191930033021062,4
191930035002003,4
191930035002004,4
191930035002005,4
191930036004047,4
191930036004060,4
191930036004062,4
191930036004063,4
191930036004064,4
191930036004065,4
191930035001000,4
191930035001001,4
191930035001002,4
191930035001003,4
191930035001004,4
191930035001005,4
191930035001006,4
191930035001007,4
191930035001008,4
191930035001009,4
191930035001010,4
191930035001011,4
191930035001012,4
191930035001013,4
191930035001014,4
191930035001015,4
191930035001016,4
191930035001017,4
191930035001018,4
191930035001019,4
191930035001020,4
191930035001021,4
191930035001023,4
191930035001024,4
191930035001025,4
191930035001026,4
191930035001027,4
191930035001028,4
191930035001029,4
191930035001030,4
191930035001031,4
191930035001032,4
191930035001033,4
191930035001034,4
191930035001035,4
191930035001036,4
191930035001037,4
191930035001038,4
191930035001039,4
191930035001040,4
191930035001041,4
191930035001042,4
191930035001043,4
191930035001044,4
191930035001045,4
191930035001046,4
191930035001047,4
191930035001048,4
191930035001049,4
191930035001050,4
191930035001051,4
191930035001052,4
191930035001053,4
191930035001054,4
191930035001055,4
191930035001056,4
191930035001057,4
191930035001058,4
191930035001059,4
191930035001060,4
191930035001061,4
191930035001062,4
191930035001063,4
191930035001064,4
191930035001065,4
191930035001066,4
191930035001067,4
191930035001068,4
191930035001069,4
191930035001070,4
191930035001071,4
191930035001072,4
191930035001073,4
191930035001074,4
191930035001075,4
191930035001076,4
191930035001077,4
191930035001078,4
191930035001079,4
191930035001080,4
191930035001081,4
191930035001082,4
191930035001083,4
191930035001084,4
191930035001085,4
191930035001086,4
191930035001087,4
191930035001088,4
191930035001089,4
191930035001090,4
191930035001091,4
191930035001092,4
191930035001093,4
191930035001094,4
191930035001095,4
191930035001096,4
191930035001097,4
191930035001098,4
191930035001099,4
191930035001100,4
191930035002162,4
191930035002163,4
191930035002172,4
191930035002173,4
191930035003084,4
191930035003085,4
191930035003122,4
191930035003123,4
191930035003124,4
191930035003125,4
191930035003126,4
191930035003127,4
191930035003128,4
191930035003129,4
191930035001022,4
191930035002112,4
191930035002113,4
191930035002114,4
191930035002115,4
191930035002116,4
191930035002117,4
191930035002118,4
191930035002119,4
191930035002120,4
191930035002141,4
191930035002142,4
191930035002143,4
191930035002144,4
191930035002145,4
191930035002146,4
191930035002149,4
191930035002152,4
191930035002153,4
191930035002154,4
191930035002155,4
191930035002156,4
191930035002157,4
191930035002158,4
191930035002159,4
191930035002160,4
191930035002161,4
191930035002164,4
191930035002165,4
191930035002166,4
191930035002167,4
191930035002168,4
191930035002171,4
191939402001000,4
191930035002000,4
191930035002001,4
191930035002002,4
191930035002006,4
191930035002007,4
191930035002008,4
191930035002010,4
191930035002013,4
191930035002014,4
191930035002015,4
191930035002016,4
191930035002017,4
191930035002018,4
191930035002019,4
191930035002020,4
191930035002021,4
191930035002022,4
191930035002023,4
191930035002024,4
191930035002025,4
191930035002026,4
191930035002027,4
191930035002028,4
191930035002029,4
191930035002030,4
191930035002031,4
191930035002032,4
191930035002033,4
191930035002034,4
191930035002035,4
191930035002036,4
191930035002037,4
191930035002038,4
191930035002039,4
191930035002040,4
191930035002041,4
191930035002042,4
191930035002043,4
191930035002044,4
191930035002045,4
191930035002046,4
191930035002047,4
191930035002048,4
191930035002049,4
191930035002050,4
191930035002051,4
191930035002052,4
191930035002053,4
191930035002054,4
191930035002055,4
191930035002056,4
191930035002058,4
191930035002059,4
191930035002060,4
191930035002062,4
191930035002063,4
191930035002064,4
191930035002065,4
191930035002066,4
191930035002067,4
191930035002068,4
191930035002069,4
191930035002070,4
191930035002071,4
191930035002072,4
191930035002073,4
191930035002074,4
191930035002075,4
191930035002076,4
191930035002077,4
191930035002078,4
191930035002100,4
191930035002103,4
191930035002105,4
191930035002121,4
191930035002125,4
191930035002126,4
191930035002127,4
191930035002128,4
191930035002129,4
191930035002130,4
191930035002131,4
191930035002132,4
191930035002133,4
191930035002134,4
191930035002135,4
191930035002136,4
191930035002137,4
191930035002138,4
191930035002139,4
191930035002140,4
191930035002147,4
191930035002148,4
191930035002150,4
191930035002151,4
191930035002176,4
191930035002177,4
191930035003026,4
191930035003027,4
191930036004035,4
191930036004036,4
191930036004057,4
191930036004059,4
191930036004067,4
191930036004068,4
191930036004071,4
191930036004072,4
191930036004074,4
191930036004083,4
191930035002057,4
191930035002061,4
191930035002079,4
191930035002080,4
191930035002081,4
191930035002082,4
191930035002083,4
191930035002084,4
191930035002085,4
191930035002086,4
191930035002087,4
191930035002088,4
191930035002089,4
191930035002090,4
191930035002091,4
191930035002092,4
191930035002093,4
191930035002094,4
191930035002095,4
191930035002096,4
191930035002097,4
191930035002098,4
191930035002099,4
191930035002101,4
191930035002102,4
191930035002104,4
191930035002106,4
191930035002107,4
191930035002108,4
191930035002109,4
191930035002110,4
191930035002111,4
191930035002122,4
191930035002123,4
191930035002124,4
191930035002169,4
191930035002170,4
191930035002174,4
191930035002175,4
191930035003000,4
191930035003001,4
191930035003002,4
191930035003003,4
191930035003004,4
191930035003005,4
191930035003006,4
191930035003007,4
191930035003012,4
191930035003013,4
191930035003052,4
191930035003053,4
191930035003054,4
191930035003057,4
191930035003058,4
191930035003059,4
191930035003060,4
191930035003061,4
191930035003062,4
191930035003063,4
191930035003064,4
191930035003065,4
191930035003066,4
191930035003067,4
191930035003068,4
191930035003069,4
191930035003074,4
191930035003075,4
191930035003076,4
191930035003077,4
191930035003081,4
191930035003082,4
191930035003092,4
191930035003093,4
191930035003094,4
191930035003095,4
191930035003097,4
191930035003098,4
191930035003099,4
191930035003100,4
191930035003101,4
191930035003102,4
191930035003103,4
191930035003104,4
191930035003105,4
191930035003106,4
191930035003110,4
191930035003191,4
191930035003079,4
191930035003080,4
191930035003083,4
191930035003086,4
191930035003087,4
191930035003088,4
191930035003089,4
191930035003090,4
191930035003091,4
191930035003096,4
191930035003107,4
191930035003108,4
191930035003109,4
191930035003111,4
191930035003112,4
191930035003113,4
191930035003114,4
191930035003115,4
191930035003116,4
191930035003117,4
191930035003118,4
191930035003119,4
191930035003120,4
191930035003121,4
191930035003130,4
191930035003131,4
191930035003132,4
191930035003133,4
191930035003134,4
191930035003135,4
191930035003136,4
191930035003137,4
191930035003138,4
191930035003139,4
191930035003140,4
191930035003141,4
191930035003142,4
191930035003143,4
191930035003144,4
191930035003145,4
191930035003146,4
191930035003147,4
191930035003148,4
191930035003149,4
191930035003150,4
191930035003151,4
191930035003152,4
191930035003153,4
191930035003154,4
191930035003155,4
191930035003156,4
191930035003157,4
191930035003158,4
191930035003159,4
191930035003160,4
191930035003161,4
191930035003162,4
191930035003163,4
191930035003164,4
191930035003165,4
191930035003166,4
191930035003167,4
191930035003170,4
191930035003176,4
191930035003177,4
191930035003178,4
191930035003179,4
191930035003180,4
191930035003181,4
191930035003182,4
191930035003183,4
191930035004138,4
191930035004139,4
191930035003168,4
191930035003169,4
191930035003171,4
191930035003172,4
191930035003173,4
191930035003174,4
191930035003175,4
191930035003193,4
191930035004044,4
191930035004045,4
191930035004049,4
191930035004053,4
191930035004054,4
191930035004059,4
191930035004089,4
191930035004090,4
191930035004095,4
191930035004096,4
191930035004097,4
191930035004098,4
191930035004099,4
191930035004100,4
191930035004101,4
191930035004102,4
191930035004103,4
191930035004106,4
191930035004107,4
191930035004108,4
191930035004109,4
191930035004110,4
191930035004111,4
191930035004112,4
191930035004113,4
191930035004114,4
191930035004115,4
191930035004116,4
191930035004117,4
191930035004118,4
191930035004119,4
191930035004120,4
191930035004121,4
191930035004122,4
191930035004123,4
191930035004124,4
191930035004125,4
191930035004126,4
191930035004127,4
191930035004128,4
191930035004129,4
191930035004130,4
191930035004131,4
191930035004132,4
191930035004133,4
191930035004134,4
191930035004135,4
191930035004136,4
191930035004137,4
191930035004140,4
191930035004141,4
191930035004142,4
191930035004143,4
191930035004144,4
191930035004145,4
191930035004150,4
191930035004151,4
191930035004152,4
191930035004153,4
191930035004157,4
191930035004158,4
191930035004159,4
191930035004160,4
191930035004161,4
191930035004165,4
191956901001000,1
191956901001001,1
191956901001002,1
191956901001003,1
191956901001004,1
191956901001005,1
191956901001006,1
191956901001009,1
191956901001010,1
191956901001011,1
191956901001012,1
191956901001013,1
191956901001014,1
191956901001015,1
191956901001016,1
191956901001019,1
191956901001020,1
191956901001021,1
191956901001022,1
191956901001023,1
191956901001024,1
191956901001025,1
191956901001026,1
191956901001032,1
191956901001033,1
191956901001034,1
191956901001039,1
191956901001040,1
191956901001041,1
191956901001042,1
191956901001043,1
191956901001044,1
191956901001045,1
191956901001046,1
191956901001047,1
191956901001048,1
191956901001049,1
191956901001050,1
191956901001051,1
191956901001052,1
191956901001053,1
191956901001054,1
191956901001055,1
191956901001056,1
191956901001057,1
191956901001058,1
191956901001059,1
191956901001060,1
191956901001061,1
191956901001062,1
191956901001063,1
191956901001064,1
191956901001065,1
191956901001066,1
191956901001067,1
191956901001068,1
191956901001069,1
191956901001072,1
191956901001125,1
191956901001007,1
191956901001008,1
191956901001017,1
191956901001018,1
191956901001027,1
191956901001028,1
191956901001029,1
191956901001030,1
191956901001031,1
191956901001035,1
191956901001036,1
191956901001037,1
191956901001038,1
191956901001077,1
191956901001078,1
191956901001079,1
191956901001080,1
191956901002000,1
191956901002001,1
191956901002002,1
191956901002003,1
191956901002004,1
191956901002016,1
191956901002019,1
191956901002020,1
191956901003000,1
191956901003001,1
191956901003002,1
191956901003003,1
191956901003004,1
191956901003006,1
191956901003007,1
191956901003008,1
191956901003009,1
191956901003010,1
191956901003011,1
191956901003012,1
191956901003013,1
191956901003014,1
191956901003015,1
191956901003016,1
191956901003017,1
191956901003018,1
191956901003019,1
191956901003020,1
191956901003021,1
191956901003022,1
191956901001070,1
191956901001071,1
191956901001073,1
191956901001074,1
191956901001075,1
191956901001121,1
191956901001122,1
191956901001123,1
191956901001124,1
191956903001000,1
191956903001001,1
191956903001002,1
191956903001003,1
191956903001004,1
191956903001005,1
191956903001006,1
191956903001013,1
191956903001014,1
191956903001015,1
191956903001016,1
191956903001017,1
191956903001018,1
191956903001019,1
191956903001020,1
191956903001021,1
191956903001022,1
191956903001023,1
191956903001030,1
191956903001031,1
191956903001036,1
191956903001037,1
191956903001060,1
191956903001061,1
191956903001062,1
191956903001063,1
191956903001064,1
191956903001065,1
191956903001066,1
191956903001067,1
191956903001068,1
191956903001069,1
191956903001070,1
191956903001071,1
191956903001119,1
191956903001120,1
191956903001121,1
191956903001122,1
191956903001123,1
191956903001124,1
191956903001125,1
191956903001126,1
191956901001076,1
191956901001115,1
191956901001116,1
191956901001117,1
191956901001118,1
191956901001119,1
191956901001120,1
191956901003057,1
191956901003059,1
191956903001007,1
191956903001008,1
191956903001009,1
191956903001010,1
191956903001011,1
191956903001012,1
191956903001024,1
191956903001025,1
191956903001026,1
191956903001027,1
191956903001028,1
191956903001029,1
191956903001032,1
191956903001033,1
191956903001034,1
191956903001035,1
191956903001038,1
191956903001039,1
191956903001040,1
191956903001041,1
191956903001042,1
191956903001043,1
191956903001044,1
191956903001045,1
191956903001046,1
191956903001047,1
191956903001050,1
191956903001051,1
191956903001052,1
191956903001053,1
191956903001054,1
191956903001055,1
191956903001056,1
191956903001057,1
191956903001058,1
191956903001059,1
191956903001072,1
191956903001073,1
191956903001074,1
191956903001075,1
191956903001076,1
191956903001077,1
191956903001078,1
191956903001079,1
191956903001080,1
191956903001081,1
191956903001082,1
191956903001083,1
191956903001084,1
191956903001085,1
191956903001086,1
191956903001087,1
191956903001088,1
191956903001089,1
191956903001090,1
191956903001091,1
191956903001092,1
191956903001093,1
191956903001094,1
191956903001095,1
191956903001096,1
191956903001097,1
191956903001098,1
191956903001099,1
191956903001100,1
191956903001101,1
191956903001102,1
191956903001103,1
191956903001104,1
191956903001105,1
191956903001106,1
191956903001107,1
191956903001108,1
191956903001109,1
191956903001110,1
191956903001111,1
191956903001112,1
191956903001113,1
191956903001114,1
191956903001115,1
191956903001116,1
191956903001117,1
191956903001118,1
191956903001127,1
191956903001128,1
191956903001129,1
191956903001130,1
191956901001081,1
191956901001082,1
191956901001083,1
191956901001084,1
191956901001085,1
191956901001086,1
191956901001087,1
191956901001088,1
191956901001089,1
191956901001090,1
191956901001091,1
191956901001092,1
191956901001093,1
191956901001094,1
191956901001095,1
191956901001096,1
191956901001097,1
191956901001098,1
191956901001099,1
191956901001100,1
191956901001101,1
191956901001102,1
191956901001103,1
191956901001104,1
191956901001105,1
191956901001106,1
191956901001107,1
191956901001108,1
191956901001109,1
191956901001110,1
191956901001111,1
191956901001112,1
191956901001113,1
191956901001114,1
191956901002005,1
191956901002006,1
191956901002007,1
191956901002008,1
191956901002009,1
191956901002010,1
191956901002011,1
191956901002012,1
191956901002013,1
191956901002014,1
191956901002015,1
191956901002017,1
191956901002018,1
191956901002021,1
191956901002022,1
191956901002023,1
191956901002024,1
191956901002025,1
191956901002026,1
191956901002027,1
191956901002028,1
191956901002029,1
191956901002030,1
191956901002031,1
191956901002032,1
191956901002033,1
191956901002034,1
191956901002035,1
191956901002036,1
191956901002037,1
191956901002038,1
191956901002039,1
191956901002040,1
191956901002041,1
191956901002042,1
191956901002043,1
191956901002044,1
191956901002045,1
191956901002046,1
191956901002047,1
191956901002048,1
191956901002049,1
191956901002050,1
191956901002051,1
191956901002052,1
191956901002053,1
191956901002054,1
191956901002055,1
191956901002056,1
191956901002057,1
191956901002058,1
191956901002059,1
191956901002060,1
191956901002061,1
191956901002062,1
191956901002063,1
191956901002064,1
191956901002065,1
191956901002066,1
191956901002067,1
191956901002068,1
191956901002069,1
191956901002070,1
191956901002071,1
191956901003023,1
191956901003024,1
191956901003025,1
191956901003026,1
191956901003027,1
191956901003028,1
191956901003029,1
191956901003030,1
191956901003031,1
191956901003032,1
191956901003033,1
191956901003034,1
191956901003035,1
191956901003036,1
191956901003037,1
191956901003038,1
191956901003039,1
191956901003040,1
191956901003041,1
191956901003042,1
191956901003043,1
191956901003044,1
191956901003045,1
191956901003046,1
191956901003047,1
191956901003048,1
191956901003049,1
191956901003050,1
191956901003051,1
191956901003052,1
191956901003053,1
191956901003054,1
191956901003055,1
191956901003056,1
191956901003058,1
191956901003005,1
191956902002000,1
191956902002001,1
191956902002002,1
191956902002003,1
191956902002004,1
191956902002005,1
191956902002006,1
191956902002007,1
191956902002008,1
191956902002009,1
191956902002010,1
191956902002028,1
191956902002029,1
191956902002030,1
191956902002031,1
191956902002037,1
191956902002038,1
191956902002039,1
191956902002040,1
191956902002041,1
191956902002042,1
191956902002043,1
191956902002044,1
191956902002045,1
191956902002046,1
191956902002047,1
191956902002048,1
191956902002049,1
191956902002050,1
191956902002051,1
191956902002071,1
191956902002072,1
191956902002076,1
191956902002077,1
191956902002078,1
191956902002079,1
191956902002080,1
191956902002081,1
191956902002083,1
191956902002085,1
191956902002086,1
191956902001000,1
191956902001001,1
191956902001002,1
191956902001003,1
191956902001032,1
191956902001033,1
191956902002069,1
191956902002070,1
191956902002073,1
191956902002074,1
191956902002075,1
191956902002082,1
191956902002084,1
191956902002087,1
191956902002088,1
191956902002089,1
191956902002090,1
191956902002091,1
191956902002092,1
191956902002093,1
191956902002094,1
191956902002095,1
191956902002096,1
191956902002097,1
191956902002098,1
191956902002099,1
191956902002100,1
191956902002102,1
191956902002103,1
191956902002122,1
191956902002123,1
191956902002124,1
191956902002128,1
191956902002129,1
191956902002130,1
191956902002131,1
191956902002132,1
191956902002133,1
191956902002134,1
191956902002135,1
191956902002136,1
191956902002137,1
191956902002138,1
191956902002139,1
191956902002140,1
191956902002141,1
191956902002147,1
191956902002228,1
191956903001048,1
191956903001049,1
191956903001131,1
191956903001132,1
191956903001133,1
191956902001004,1
191956902001005,1
191956902001006,1
191956902001007,1
191956902001008,1
191956902001009,1
191956902001010,1
191956902001011,1
191956902001016,1
191956902001017,1
191956902001018,1
191956902001025,1
191956902002068,1
191956902002101,1
191956902002104,1
191956902002105,1
191956902002106,1
191956902002107,1
191956902002108,1
191956902002109,1
191956902002110,1
191956902002111,1
191956902002112,1
191956902002113,1
191956902002114,1
191956902002115,1
191956902002116,1
191956902002117,1
191956902002118,1
191956902002119,1
191956902002120,1
191956902002121,1
191956902002125,1
191956902002126,1
191956902002127,1
191956902002179,1
191956902002180,1
191956902002181,1
191956902002182,1
191956902002183,1
191956902002184,1
191956902002185,1
191956902002186,1
191956902002187,1
191956902002188,1
191956902002189,1
191956902002190,1
191956902002191,1
191956902002192,1
191956902002193,1
191956902002194,1
191956902002195,1
191956902002196,1
191956902002197,1
191956902002198,1
191956902002199,1
191956902002200,1
191956902002201,1
191956902002202,1
191956902002203,1
191956902002204,1
191956902002205,1
191956902002206,1
191956902002207,1
191956902002208,1
191956902002209,1
191956902002210,1
191956902002211,1
191956902002212,1
191956902002213,1
191956902002214,1
191956902002215,1
191956902002216,1
191956902002217,1
191956902002218,1
191956902002219,1
191956902002220,1
191956902002221,1
191956902002222,1
191956902002223,1
191956902002224,1
191956902002225,1
191956902002226,1
191956902002227,1
191956902001012,1
191956902001013,1
191956902001014,1
191956902001015,1
191956902001019,1
191956902001020,1
191956902001021,1
191956902001022,1
191956902001023,1
191956902001024,1
191956902001026,1
191956902001027,1
191956902001028,1
191956902001043,1
191956902001044,1
191956902001045,1
191956902001046,1
191956902001047,1
191956902001048,1
191956902001049,1
191956902001052,1
191956902001053,1
191956902001054,1
191956902001055,1
191956902001056,1
191956902001057,1
191956902001058,1
191956902001059,1
191956902001060,1
191956902001061,1
191956902001062,1
191956902001063,1
191956902001064,1
191956902001065,1
191956902001066,1
191956902001067,1
191956902001068,1
191956902001069,1
191956902001070,1
191956902001071,1
191956902001072,1
191956902001073,1
191956902001074,1
191956902001075,1
191956902001076,1
191956902001077,1
191956902001078,1
191956902001079,1
191956902001080,1
191956902001081,1
191956902001082,1
191956902001083,1
191956902001084,1
191956902001085,1
191956902001086,1
191956902001087,1
191956902001088,1
191956902001089,1
191956902001090,1
191956902001111,1
191956902001127,1
191956902001128,1
191956902001131,1
191956902001132,1
191956902001133,1
191956902001134,1
191956902001135,1
191956902001136,1
191956902001138,1
191956902001139,1
191956902001140,1
191956902001166,1
191956902001029,1
191956902001030,1
191956902001031,1
191956902001034,1
191956902001035,1
191956902001036,1
191956902001037,1
191956902001038,1
191956902001039,1
191956902001040,1
191956902001041,1
191956902001042,1
191956902001050,1
191956902001051,1
191956902001122,1
191956902001123,1
191956902001124,1
191956902001125,1
191956902001126,1
191956902001130,1
191956902002142,1
191956902002143,1
191956902002144,1
191956902002145,1
191956902002146,1
191956902002148,1
191956902002149,1
191956902002150,1
191956902002151,1
191956902002152,1
191956902002153,1
191956902002154,1
191956902002155,1
191956902002156,1
191956902002157,1
191956902002158,1
191956902002159,1
191956902002160,1
191956902002161,1
191956902002162,1
191956902002163,1
191956902002164,1
191956902002165,1
191956902002166,1
191956902002167,1
191956902002168,1
191956902002169,1
191956902002170,1
191956902002171,1
191956902002172,1
191956902002173,1
191956902002174,1
191956902002175,1
191956902002176,1
191956902002177,1
191956902002178,1
191956902002229,1
191956902002230,1
191956902001091,1
191956902001092,1
191956902001093,1
191956902001094,1
191956902001095,1
191956902001096,1
191956902001097,1
191956902001098,1
191956902001099,1
191956902001100,1
191956902001101,1
191956902001102,1
191956902001103,1
191956902001104,1
191956902001105,1
191956902001106,1
191956902001107,1
191956902001108,1
191956902001109,1
191956902001110,1
191956902001112,1
191956902001113,1
191956902001114,1
191956902001115,1
191956902001116,1
191956902001117,1
191956902001118,1
191956902001119,1
191956902001120,1
191956902001121,1
191956902001129,1
191956902001155,1
191956902001137,1
191956902001141,1
191956902001142,1
191956902001143,1
191956902001144,1
191956902001145,1
191956902001146,1
191956902001147,1
191956902001148,1
191956902001149,1
191956902001150,1
191956902001151,1
191956902001152,1
191956902001153,1
191956902001154,1
191956902001156,1
191956902001157,1
191956902001158,1
191956902001159,1
191956902001160,1
191956902001161,1
191956902001162,1
191956902001163,1
191956902001164,1
191956902001165,1
191956902002011,1
191956902002012,1
191956902002013,1
191956902002014,1
191956902002015,1
191956902002016,1
191956902002017,1
191956902002018,1
191956902002019,1
191956902002020,1
191956902002021,1
191956902002022,1
191956902002023,1
191956902002024,1
191956902002025,1
191956902002026,1
191956902002027,1
191956902002032,1
191956902002033,1
191956902002034,1
191956902002035,1
191956902002036,1
191956902002052,1
191956902002053,1
191956902002054,1
191956902002055,1
191956902002056,1
191956902002057,1
191956902002058,1
191956902002059,1
191956902002060,1
191956902002061,1
191956902002062,1
191956902002063,1
191956902002064,1
191956902002065,1
191956902002066,1
191956902002067,1
191956903002000,1
191956903002001,1
191956903002002,1
191956903002003,1
191956903002004,1
191956903002005,1
191956903002006,1
191956903002007,1
191956903002008,1
191956903002009,1
191956903002010,1
191956903002011,1
191956903002012,1
191956903002013,1
191956903002014,1
191956903002015,1
191956903002016,1
191956903002017,1
191956903002018,1
191956903002019,1
191956903002020,1
191956903002021,1
191956903002022,1
191956903002023,1
191956903002024,1
191956903002025,1
191956903002026,1
191956903002027,1
191956903002028,1
191956903002029,1
191956903002030,1
191956903002031,1
191956903002032,1
191956903002033,1
191956903002034,1
191956903002035,1
191956903002036,1
191956903002037,1
191956903002038,1
191956903002039,1
191956903002040,1
191956903002041,1
191956903002042,1
191956903002043,1
191956903002044,1
191956903002045,1
191956903002046,1
191956903002047,1
191956903002048,1
191956903002049,1
191956903002057,1
191956903002081,1
191956903002082,1
191956903002083,1
191956903002084,1
191956903002085,1
191956903002086,1
191956903002087,1
191956903002088,1
191956903002089,1
191956903002090,1
191956903002091,1
191956903002092,1
191956903002093,1
191956903002094,1
191956903002095,1
191956903002096,1
191956903002097,1
191956903002098,1
191956903002099,1
191956903002100,1
191956903002101,1
191956903002102,1
191956903002106,1
191956903002107,1
191956903002108,1
191956903002109,1
191956903002110,1
191956903002111,1
191956903002112,1
191956903002113,1
191956903002114,1
191956903002115,1
191956903002116,1
191956903002117,1
191956903002118,1
191956903002121,1
191956903002123,1
191956903002050,1
191956903002051,1
191956903002052,1
191956903002053,1
191956903002054,1
191956903002055,1
191956903002056,1
191956903002058,1
191956903002059,1
191956903002060,1
191956903002061,1
191956903002062,1
191956903002063,1
191956903002064,1
191956903002065,1
191956903002066,1
191956903002067,1
191956903002068,1
191956903002069,1
191956903002070,1
191956903002071,1
191956903002072,1
191956903002073,1
191956903002074,1
191956903002075,1
191956903002076,1
191956903002077,1
191956903002078,1
191956903002079,1
191956903002080,1
191956903002103,1
191956903002104,1
191956903002105,1
191956903002119,1
191956903002120,1
191956903002122,1
191956903003000,1
191956903003001,1
191956903003002,1
191956903003003,1
191956903003004,1
191956903003005,1
191956903003006,1
191956903003007,1
191956903003008,1
191956903003009,1
191956903003010,1
191956903003011,1
191956903003012,1
191956903003013,1
191956903003014,1
191956903003015,1
191956903003016,1
191956903003017,1
191956903003018,1
191956903003019,1
191956903003020,1
191956903003021,1
191956903003022,1
191956903003023,1
191956903003024,1
191956903003025,1
191956903003026,1
191956903003027,1
191956903003028,1
191956903003029,1
191956903003030,1
191956903003031,1
191956903003032,1
191956903003033,1
191956903003034,1
191956903003035,1
191956903003036,1
191956903003037,1
191956903003038,1
191956903003039,1
191956903003040,1
191956903003041,1
191956903003042,1
191956903003043,1
191956903003044,1
191956903003045,1
191956903003046,1
191956903003047,1
191956903003048,1
191956903003049,1
191956903003050,1
191956903003051,1
191956903003052,1
191956903003053,1
191956903003054,1
191956903003055,1
191956903003056,1
191956903003057,1
191956903004000,1
191956903004001,1
191956903004002,1
191956903004003,1
191956903004004,1
191956903004005,1
191956903004006,1
191956903004007,1
191956903004008,1
191956903004009,1
191956903004010,1
191956903004011,1
191956903004012,1
191956903004013,1
191956903004014,1
191956903004015,1
191956903004016,1
191956903004017,1
191956903004018,1
191956903004019,1
191956903004020,1
191956903004021,1
191956903004022,1
191956903004023,1
191956903004024,1
191956903004025,1
191956903004026,1
191956903004027,1
191956903004028,1
191956903004029,1
191956903004030,1
191956903004031,1
191956903004032,1
191956903004033,1
191956903004034,1
191956903004035,1
191956903004036,1
191956903004037,1
191956903004038,1
191956903004039,1
191956903004040,1
191956903004041,1
191956903004042,1
191956903004043,1
191956903004044,1
191956903004045,1
191956903004046,1
191956903004047,1
191956903004048,1
191956903004049,1
191956903004050,1
191956903004051,1
191956903004052,1
191956903004053,1
191956903004054,1
191956903004055,1
191956903004056,1
191956903004057,1
191956903004058,1
191956903004059,1
191956903004060,1
191956903004061,1
191956903004062,1
191956903004063,1
191956903004064,1
191956903004065,1
191956903004066,1
191956903004067,1
191956903004068,1
191956903004069,1
191976801001000,4
191976801001001,4
191976801001002,4
191976801001003,4
191976801001004,4
191976801001005,4
191976801001006,4
191976801001007,4
191976801001008,4
191976801001078,4
191976801001079,4
191976801001080,4
191976801001084,4
191976801001085,4
191976801001086,4
191976801001087,4
191976801001088,4
191976801001089,4
191976801001090,4
191976801001091,4
191976801001092,4
191976801001093,4
191976801001240,4
191976801001241,4
191976801001242,4
191976801001243,4
191976801001244,4
191976801001245,4
191976801001246,4
191976801001247,4
191976801001249,4
191976801001250,4
191976801001251,4
191976801001252,4
191976801001253,4
191976801001254,4
191976801001255,4
191976801001257,4
191976801001258,4
191976801001259,4
191976801001261,4
191976801001262,4
191976801001263,4
191976801001264,4
191976801001265,4
191976801002000,4
191976801002012,4
191976801002013,4
191976801002014,4
191976801003000,4
191976801003038,4
191976801003039,4
191976801003040,4
191976801001009,4
191976801001010,4
191976801001011,4
191976801001012,4
191976801001013,4
191976801001014,4
191976801001015,4
191976801001016,4
191976801001053,4
191976801001054,4
191976801001055,4
191976801001056,4
191976801001057,4
191976801001058,4
191976801001059,4
191976801001060,4
191976801001061,4
191976801001062,4
191976801001068,4
191976801001069,4
191976801001070,4
191976801001071,4
191976801001072,4
191976801001073,4
191976801001074,4
191976801001075,4
191976801001076,4
191976801001077,4
191976801001081,4
191976801001082,4
191976801001083,4
191976801001094,4
191976801001095,4
191976801001096,4
191976801001097,4
191976801001098,4
191976801001099,4
191976801001100,4
191976801001193,4
191976801001194,4
191976801001195,4
191976801001196,4
191976801001197,4
191976801001198,4
191976801001199,4
191976801001203,4
191976801003017,4
191976801003018,4
191976801003044,4
191976801003045,4
191976801003046,4
191976801003047,4
191976801001017,4
191976801001018,4
191976801001019,4
191976801001020,4
191976801001021,4
191976801001022,4
191976801001023,4
191976801001024,4
191976801001025,4
191976801001029,4
191976801001030,4
191976801001031,4
191976801001032,4
191976801001033,4
191976801001034,4
191976801001035,4
191976801001036,4
191976801001037,4
191976801001038,4
191976801001039,4
191976801001040,4
191976801001041,4
191976801001042,4
191976801001043,4
191976801001044,4
191976801001045,4
191976801001046,4
191976801001047,4
191976801001048,4
191976801001049,4
191976801001050,4
191976801001051,4
191976801001052,4
191976801001063,4
191976801001064,4
191976801001065,4
191976801001066,4
191976801001067,4
191976801001101,4
191976801001102,4
191976801001103,4
191976801001104,4
191976801001105,4
191976801001106,4
191976801001107,4
191976801001108,4
191976801001109,4
191976801001110,4
191976801001111,4
191976801001112,4
191976801001113,4
191976801001162,4
191976801001163,4
191976801001164,4
191976801001165,4
191976801001166,4
191976801001174,4
191976801001175,4
191976801001176,4
191976801001177,4
191976801001178,4
191976801001179,4
191976801001180,4
191976801001181,4
191976801001182,4
191976801001185,4
191976801001186,4
191976801001187,4
191976801001190,4
191976801001191,4
191976801001026,4
191976801001027,4
191976801001028,4
191976801001114,4
191976801001115,4
191976801001116,4
191976801001117,4
191976801001118,4
191976801001119,4
191976801001120,4
191976801001121,4
191976801001122,4
191976801001123,4
191976801001124,4
191976801001125,4
191976801001126,4
191976801001127,4
191976801001128,4
191976801001129,4
191976801001130,4
191976801001131,4
191976801001132,4
191976801001133,4
191976801001134,4
191976801001135,4
191976801001136,4
191976801001137,4
191976801001138,4
191976801001139,4
191976801001140,4
191976801001141,4
191976801001142,4
191976801001143,4
191976801001144,4
191976801001145,4
191976801001146,4
191976801001147,4
191976801001148,4
191976801001149,4
191976801001150,4
191976801001151,4
191976801001152,4
191976801001153,4
191976801001154,4
191976801001155,4
191976801001156,4
191976801001157,4
191976801001158,4
191976801001159,4
191976801001160,4
191976801001161,4
191976801001167,4
191976801001168,4
191976801001169,4
191976801001170,4
191976801001171,4
191976801001172,4
191976801001173,4
191976801001239,4
191976801001183,4
191976801001184,4
191976801001188,4
191976801001189,4
191976801001192,4
191976801001211,4
191976802001000,4
191976802001001,4
191976802001053,4
191976802001054,4
191976802001055,4
191976802001058,4
191976802001059,4
191976802001060,4
191976803001011,4
191976803001012,4
191976803001013,4
191976803001014,4
191976803001015,4
191976803001016,4
191976803001017,4
191976803001018,4
191976803001019,4
191976803001020,4
191976803001021,4
191976803001022,4
191976803001023,4
191976803001024,4
191976803001025,4
191976803001026,4
191976803001027,4
191976803001029,4
191976803001030,4
191976803001031,4
191976803001032,4
191976803001033,4
191976803001034,4
191976803001109,4
191976803001110,4
191976803003005,4
191976803003008,4
191976801001200,4
191976801001201,4
191976801001202,4
191976801001204,4
191976801001205,4
191976801001206,4
191976801001207,4
191976801001208,4
191976801001209,4
191976801001210,4
191976801001212,4
191976801001213,4
191976801001214,4
191976801001215,4
191976801001216,4
191976801001217,4
191976801001218,4
191976801001219,4
191976801001220,4
191976801001221,4
191976801001222,4
191976801001223,4
191976801001224,4
191976801001225,4
191976801001226,4
191976801001227,4
191976801001228,4
191976801001229,4
191976801001230,4
191976801001231,4
191976801001232,4
191976801001233,4
191976801001234,4
191976801001235,4
191976801001236,4
191976801001237,4
191976801001238,4
191976801001248,4
191976801001260,4
191976803001000,4
191976803001001,4
191976803001002,4
191976803001003,4
191976803001004,4
191976803001005,4
191976803001006,4
191976803001007,4
191976803001008,4
191976803001009,4
191976803001010,4
191976803001028,4
191976803001035,4
191976803001036,4
191976803001037,4
191976803001038,4
191976803001039,4
191976803001040,4
191976803001041,4
191976803001042,4
191976803001043,4
191976803001159,4
191976803001160,4
191976803001161,4
191976803001162,4
191976803003000,4
191976803003001,4
191976803003025,4
191976803003026,4
191976804001033,4
191976801001256,4
191976801002001,4
191976801002002,4
191976801002003,4
191976801002004,4
191976801002005,4
191976801002006,4
191976801002007,4
191976801002008,4
191976801002009,4
191976801002010,4
191976801002011,4
191976801002015,4
191976801002016,4
191976801002017,4
191976801002018,4
191976801002019,4
191976801002020,4
191976801002021,4
191976801002022,4
191976801002023,4
191976801002024,4
191976801002025,4
191976801002026,4
191976801002027,4
191976801002028,4
191976801002029,4
191976801002030,4
191976801002031,4
191976801002032,4
191976801002033,4
191976801002034,4
191976801002035,4
191976801002036,4
191976801002037,4
191976801002038,4
191976801002039,4
191976801002040,4
191976801002041,4
191976801002042,4
191976801002043,4
191976801002044,4
191976801002045,4
191976801002046,4
191976801002047,4
191976801002048,4
191976801002049,4
191976801002050,4
191976801002051,4
191976801002052,4
191976801002053,4
191976801002054,4
191976801002055,4
191976801002056,4
191976801002057,4
191976801002058,4
191976801002059,4
191976801002060,4
191976801002061,4
191976801002062,4
191976801002063,4
191976801002064,4
191976801002065,4
191976801003001,4
191976801003002,4
191976801003003,4
191976801003004,4
191976801003005,4
191976801003006,4
191976801003007,4
191976801003008,4
191976801003009,4
191976801003010,4
191976801003011,4
191976801003012,4
191976801003013,4
191976801003014,4
191976801003015,4
191976801003016,4
191976801003019,4
191976801003020,4
191976801003021,4
191976801003022,4
191976801003023,4
191976801003024,4
191976801003025,4
191976801003026,4
191976801003027,4
191976801003028,4
191976801003029,4
191976801003030,4
191976801003031,4
191976801003032,4
191976801003033,4
191976801003034,4
191976801003035,4
191976801003036,4
191976801003037,4
191976801003041,4
191976801003042,4
191976801003043,4
191976801003048,4
191976801003049,4
191976801003050,4
191976801003051,4
191976801003052,4
191976801003053,4
191976801003054,4
191976801003055,4
191976801003056,4
191976801003057,4
191976801003058,4
191976801003059,4
191976801003060,4
191976801003061,4
191976801003062,4
191976801003063,4
191976801003064,4
191976802001002,4
191976802001003,4
191976802001004,4
191976802001005,4
191976802001006,4
191976802001007,4
191976802001008,4
191976802001009,4
191976802001010,4
191976802001011,4
191976802001012,4
191976802001013,4
191976802001014,4
191976802001015,4
191976802001016,4
191976802001017,4
191976802001018,4
191976802001019,4
191976802001020,4
191976802001021,4
191976802001022,4
191976802001023,4
191976802001024,4
191976802001025,4
191976802001029,4
191976802001030,4
191976802001031,4
191976802001032,4
191976802001033,4
191976802001034,4
191976802001035,4
191976802001036,4
191976802001037,4
191976802001038,4
191976802001039,4
191976802001040,4
191976802001041,4
191976802001042,4
191976802001043,4
191976802001044,4
191976802001047,4
191976802001048,4
191976802001049,4
191976802001050,4
191976802001051,4
191976802001052,4
191976802001056,4
191976802001057,4
191976802001061,4
191976802001062,4
191976802001063,4
191976802001070,4
191976802001081,4
191976802001130,4
191976802001131,4
191976802001026,4
191976802001027,4
191976802001028,4
191976802001045,4
191976802001046,4
191976802001064,4
191976802001065,4
191976802001066,4
191976802001067,4
191976802001068,4
191976802001069,4
191976802001071,4
191976802001072,4
191976802001073,4
191976802001074,4
191976802001075,4
191976802001076,4
191976802001077,4
191976802001078,4
191976802001079,4
191976802001080,4
191976802001083,4
191976802001084,4
191976802001085,4
191976802001086,4
191976802001087,4
191976802001088,4
191976802001089,4
191976802001090,4
191976802001091,4
191976802001092,4
191976802001093,4
191976802001094,4
191976802001095,4
191976802001096,4
191976802001097,4
191976802001098,4
191976802001099,4
191976802001100,4
191976802001101,4
191976802001102,4
191976802001103,4
191976802001104,4
191976802001105,4
191976802001106,4
191976802001107,4
191976802001108,4
191976802001109,4
191976802001110,4
191976802001111,4
191976802001112,4
191976802001113,4
191976802001114,4
191976802001115,4
191976802001116,4
191976802001117,4
191976802001118,4
191976802001119,4
191976802001120,4
191976802001122,4
191976802001123,4
191976802001124,4
191976802001125,4
191976802001126,4
191976802001132,4
191976802001082,4
191976802001121,4
191976802001127,4
191976802001128,4
191976802001129,4
191976802002002,4
191976802002003,4
191976802002004,4
191976802002005,4
191976802002006,4
191976802002007,4
191976802002008,4
191976802002009,4
191976802002010,4
191976802002011,4
191976802002012,4
191976802002013,4
191976802002014,4
191976802002015,4
191976802002016,4
191976802002017,4
191976802002018,4
191976802002019,4
191976802002020,4
191976802002021,4
191976802002022,4
191976802002023,4
191976802002024,4
191976802002025,4
191976802002026,4
191976802002027,4
191976802002028,4
191976802002029,4
191976802002030,4
191976802002031,4
191976802002032,4
191976802002033,4
191976802002034,4
191976802002035,4
191976802002038,4
191976802002039,4
191976802002040,4
191976802002041,4
191976802002042,4
191976802002043,4
191976802002044,4
191976802002046,4
191976802002047,4
191976802002048,4
191976802002049,4
191976802002050,4
191976802002051,4
191976802002052,4
191976802002053,4
191976802002054,4
191976802002055,4
191976802002061,4
191976802002062,4
191976802002073,4
191976802002084,4
191976802002085,4
191976802002086,4
191976802002087,4
191976802002088,4
191976802002089,4
191976802002090,4
191976802002091,4
191976802002092,4
191976802002093,4
191976805001000,4
191976805001001,4
191976805001002,4
191976805001003,4
191976805001004,4
191976805001005,4
191976805001006,4
191976805001007,4
191976805001008,4
191976805001009,4
191976805001010,4
191976805001011,4
191976805001012,4
191976805001013,4
191976805001014,4
191976805001015,4
191976805001016,4
191976805001017,4
191976805001018,4
191976805001019,4
191976805001020,4
191976805001021,4
191976805001022,4
191976805001023,4
191976805001024,4
191976805001025,4
191976805001026,4
191976805001027,4
191976805001028,4
191976805001029,4
191976805001030,4
191976805001031,4
191976805001032,4
191976805001033,4
191976805001034,4
191976805001035,4
191976805001036,4
191976805001037,4
191976805001038,4
191976805001039,4
191976805001040,4
191976805001041,4
191976805001042,4
191976805001043,4
191976805001044,4
191976805001045,4
191976805001046,4
191976805001047,4
191976805001048,4
191976805001049,4
191976805001050,4
191976805001051,4
191976805001052,4
191976805001053,4
191976805001054,4
191976805001055,4
191976805001056,4
191976805001057,4
191976805001058,4
191976805001059,4
191976805001060,4
191976805001061,4
191976805001062,4
191976805001063,4
191976805001064,4
191976805001065,4
191976805002000,4
191976805002001,4
191976805002002,4
191976805002003,4
191976805002004,4
191976805002005,4
191976805002006,4
191976805002007,4
191976805002008,4
191976805002009,4
191976805002010,4
191976805002011,4
191976805002012,4
191976805002013,4
191976805002014,4
191976805002015,4
191976805002016,4
191976805002017,4
191976805002018,4
191976805002019,4
191976805002020,4
191976805002021,4
191976805002022,4
191976805002023,4
191976805002024,4
191976805002025,4
191976805002026,4
191976805002027,4
191976805002028,4
191976805002029,4
191976805002030,4
191976805002031,4
191976805002032,4
191976805002033,4
191976805002034,4
191976805002035,4
191976805002036,4
191976805002037,4
191976805002038,4
191976805002039,4
191976805002040,4
191976805002041,4
191976805002042,4
191976805002043,4
191976805002044,4
191976805002045,4
191976805002046,4
191976805003000,4
191976805003001,4
191976805003002,4
191976805003003,4
191976805003004,4
191976805003005,4
191976805003006,4
191976805003007,4
191976805003008,4
191976805003009,4
191976805003010,4
191976805003011,4
191976805003012,4
191976805003013,4
191976805003014,4
191976805003015,4
191976805003016,4
191976805003017,4
191976805003018,4
191976805003019,4
191976805003020,4
191976805003021,4
191976805003022,4
191976805003023,4
191976805003024,4
191976805003025,4
191976805003026,4
191976805003027,4
191976805003028,4
191976805003029,4
191976805003030,4
191976805003031,4
191976805003032,4
191976805003033,4
191976805003034,4
191976805003035,4
191976805003037,4
191976805003038,4
191976805003039,4
191976805003040,4
191976805003041,4
191976805003042,4
191976805004000,4
191976805004001,4
191976805004002,4
191976805004003,4
191976805004004,4
191976805004005,4
191976805004006,4
191976805004007,4
191976805004008,4
191976805004009,4
191976805004010,4
191976805004011,4
191976805004012,4
191976805004013,4
191976805004014,4
191976805004015,4
191976805004016,4
191976805004017,4
191976805004018,4
191976805004019,4
191976805004020,4
191976805004021,4
191976805004022,4
191976805004023,4
191976805004024,4
191976805004025,4
191976805004026,4
191976805004027,4
191976805004028,4
191976805004029,4
191976805004030,4
191976805004031,4
191976805004032,4
191976805004033,4
191976805004034,4
191976805004035,4
191976805004036,4
191976805004037,4
191976805004038,4
191976805004039,4
191976805004040,4
191976805004041,4
191976805004042,4
191976805004043,4
191976805004044,4
191976805004045,4
191976805004046,4
191976805004047,4
191976805004048,4
191976805004049,4
191976805004050,4
191976805004051,4
191976805004052,4
191976805004053,4
191976805004054,4
191976805004055,4
191976805004056,4
191976805004057,4
191976805004058,4
191976805004059,4
191976805004060,4
191976802002000,4
191976802002001,4
191976802002036,4
191976802002037,4
191976802002045,4
191976802002056,4
191976802002057,4
191976802002058,4
191976802002059,4
191976802002060,4
191976802002063,4
191976802002064,4
191976802002065,4
191976802002066,4
191976802002067,4
191976802002068,4
191976802002116,4
191976802002117,4
191976802002118,4
191976802002119,4
191976802002120,4
191976802002121,4
191976802002122,4
191976803001071,4
191976803001072,4
191976803001086,4
191976803001087,4
191976803001088,4
191976803001099,4
191976803001100,4
191976803001101,4
191976803001102,4
191976803001103,4
191976803001104,4
191976803001105,4
191976803001106,4
191976803001107,4
191976803001108,4
191976803001111,4
191976803001112,4
191976803001113,4
191976803001114,4
191976803001115,4
191976803001116,4
191976803001117,4
191976803001118,4
191976803001119,4
191976803001120,4
191976803001121,4
191976803001122,4
191976803001123,4
191976803001124,4
191976803001125,4
191976803001126,4
191976803001127,4
191976803001128,4
191976803001129,4
191976803001130,4
191976803001131,4
191976803001132,4
191976803001133,4
191976803001138,4
191976803001158,4
191976802002069,4
191976802002070,4
191976802002110,4
191976802002111,4
191976802002112,4
191976802002113,4
191976802002114,4
191976802002115,4
191976802002123,4
191976802002124,4
191976802002125,4
191976802002126,4
191976802002127,4
191976802002128,4
191976802002129,4
191976802002130,4
191976802002131,4
191976802002132,4
191976802002133,4
191976802002134,4
191976802002135,4
191976802002136,4
191976802002137,4
191976802002138,4
191976802002139,4
191976802002140,4
191976802002141,4
191976802002142,4
191976802002143,4
191976802002144,4
191976802002145,4
191976802002146,4
191976802002147,4
191976802002148,4
191976802002149,4
191976802002150,4
191976802002151,4
191976802002152,4
191976802002153,4
191976802002154,4
191976802002155,4
191976802002156,4
191976802002157,4
191976802002158,4
191976802002161,4
191976802002162,4
191976802002163,4
191976802002164,4
191976802002165,4
191976802002166,4
191976802002167,4
191976802002168,4
191976802002169,4
191976802002170,4
191976802002171,4
191976802002172,4
191976802002173,4
191976802002174,4
191976802002175,4
191976802002176,4
191976802002177,4
191976802002178,4
191976802002179,4
191976802002180,4
191976802002181,4
191976802002182,4
191976802002183,4
191976802002184,4
191976802002185,4
191976802002196,4
191976802002198,4
191976802002209,4
191976802002210,4
191976802002244,4
191976802002071,4
191976802002072,4
191976802002074,4
191976802002075,4
191976802002076,4
191976802002077,4
191976802002078,4
191976802002079,4
191976802002080,4
191976802002081,4
191976802002082,4
191976802002083,4
191976802002094,4
191976802002095,4
191976802002096,4
191976802002097,4
191976802002098,4
191976802002099,4
191976802002100,4
191976802002101,4
191976802002102,4
191976802002103,4
191976802002104,4
191976802002105,4
191976802002106,4
191976802002107,4
191976802002108,4
191976802002109,4
191976802002159,4
191976802002160,4
191976802002197,4
191976802002201,4
191976802002202,4
191976802002203,4
191976802002204,4
191976802002205,4
191976802002206,4
191976802002207,4
191976802002211,4
191976802002212,4
191976802002213,4
191976802002214,4
191976802002215,4
191976802002216,4
191976802002217,4
191976802002218,4
191976802002219,4
191976802002220,4
191976802002221,4
191976802002222,4
191976802002223,4
191976802002224,4
191976802002225,4
191976802002226,4
191976802002227,4
191976802002228,4
191976802002229,4
191976802002230,4
191976802002231,4
191976802002232,4
191976802002233,4
191976802002234,4
191976802002235,4
191976802002236,4
191976802002237,4
191976802002238,4
191976802002239,4
191976802002240,4
191976802002241,4
191976802002242,4
191976802002243,4
191976805001066,4
191976805001067,4
191976805001068,4
191976805001069,4
191976805003036,4
191976802002186,4
191976802002187,4
191976802002188,4
191976802002189,4
191976802002190,4
191976802002191,4
191976802002192,4
191976802002193,4
191976802002194,4
191976802002195,4
191976802002199,4
191976802002200,4
191976802002208,4
191976803001044,4
191976803001045,4
191976803001048,4
191976803001049,4
191976803001052,4
191976803001053,4
191976803001054,4
191976803001055,4
191976803001056,4
191976803001057,4
191976803001058,4
191976803001059,4
191976803001060,4
191976803001061,4
191976803001062,4
191976803001063,4
191976803001064,4
191976803001065,4
191976803001066,4
191976803001067,4
191976803001068,4
191976803001069,4
191976803001070,4
191976803001134,4
191976803001135,4
191976803001136,4
191976803001137,4
191976803001139,4
191976803001140,4
191976803001141,4
191976803001142,4
191976803001157,4
191976803002028,4
191976804001034,4
191976804001106,4
191976804001107,4
191976804001108,4
191976804001109,4
191976804001131,4
191976804001132,4
191976804001140,4
191976804001164,4
191976804001165,4
191976804001166,4
191976804001167,4
191976804001244,4
191976804001245,4
191976804001246,4
191976804001247,4
191976804001248,4
191976804001249,4
191976804001250,4
191976803001046,4
191976803001047,4
191976803001050,4
191976803001051,4
191976803001073,4
191976803001074,4
191976803001075,4
191976803001076,4
191976803001077,4
191976803001078,4
191976803001079,4
191976803001080,4
191976803001081,4
191976803001082,4
191976803001083,4
191976803001084,4
191976803001085,4
191976803001089,4
191976803001090,4
191976803001091,4
191976803001092,4
191976803001093,4
191976803001094,4
191976803001095,4
191976803001096,4
191976803001097,4
191976803001098,4
191976803001143,4
191976803001144,4
191976803001145,4
191976803001146,4
191976803001147,4
191976803001148,4
191976803001149,4
191976803001150,4
191976803001151,4
191976803001152,4
191976803001153,4
191976803001154,4
191976803001155,4
191976803001156,4
191976803001163,4
191976803002000,4
191976803002001,4
191976803002002,4
191976803002003,4
191976803002004,4
191976803002005,4
191976803002006,4
191976803002007,4
191976803002008,4
191976803002009,4
191976803002010,4
191976803002011,4
191976803002012,4
191976803002013,4
191976803002014,4
191976803002015,4
191976803002016,4
191976803002017,4
191976803002018,4
191976803002019,4
191976803002020,4
191976803002021,4
191976803002022,4
191976803002023,4
191976803002024,4
191976803002025,4
191976803002026,4
191976803002027,4
191976803002029,4
191976803002030,4
191976803002031,4
191976803002032,4
191976803002033,4
191976803002034,4
191976803002035,4
191976803002036,4
191976803003002,4
191976803003003,4
191976803003004,4
191976803003006,4
191976803003007,4
191976803003009,4
191976803003010,4
191976803003011,4
191976803003012,4
191976803003013,4
191976803003014,4
191976803003015,4
191976803003016,4
191976803003017,4
191976803003018,4
191976803003019,4
191976803003020,4
191976803003021,4
191976803003022,4
191976803003023,4
191976803003024,4
191976803003027,4
191976803003028,4
191976803003029,4
191976803003030,4
191976803003031,4
191976803003032,4
191976803003033,4
191976803003034,4
191976803003035,4
191976803003036,4
191976803003037,4
191976803003038,4
191976803003039,4
191976803003040,4
191976803003041,4
191976803003042,4
191976803003043,4
191976803003044,4
191976803003045,4
191976803003046,4
191976803003047,4
191976803003048,4
191976803003049,4
191976803003050,4
191976803003051,4
191976803003052,4
191976803003053,4
191976803003054,4
191976803003055,4
191976803003056,4
191976803003057,4
191976803003058,4
191976803003059,4
191976803003060,4
191976803003061,4
191976803003062,4
191976803003063,4
191976803003064,4
191976803003065,4
191976803003066,4
191976803003067,4
191976803003068,4
191976803003069,4
191976803003070,4
191976803003071,4
191976803003072,4
191976803003073,4
191976803003074,4
191976803003075,4
191976803003076,4
191976804001000,4
191976804001001,4
191976804001002,4
191976804001003,4
191976804001004,4
191976804001005,4
191976804001006,4
191976804001007,4
191976804001008,4
191976804001009,4
191976804001010,4
191976804001011,4
191976804001012,4
191976804001013,4
191976804001014,4
191976804001015,4
191976804001016,4
191976804001017,4
191976804001018,4
191976804001019,4
191976804001020,4
191976804001021,4
191976804001022,4
191976804001023,4
191976804001024,4
191976804001025,4
191976804001026,4
191976804001027,4
191976804001028,4
191976804001029,4
191976804001030,4
191976804001031,4
191976804001032,4
191976804001037,4
191976804001038,4
191976804001039,4
191976804001040,4
191976804001041,4
191976804001042,4
191976804001043,4
191976804001044,4
191976804001045,4
191976804001046,4
191976804001047,4
191976804001048,4
191976804001049,4
191976804001050,4
191976804001051,4
191976804001052,4
191976804001053,4
191976804001054,4
191976804001055,4
191976804001056,4
191976804001057,4
191976804001058,4
191976804001059,4
191976804001060,4
191976804001061,4
191976804001062,4
191976804001063,4
191976804001064,4
191976804001065,4
191976804001066,4
191976804001067,4
191976804001068,4
191976804001069,4
191976804001070,4
191976804001071,4
191976804001072,4
191976804001073,4
191976804001074,4
191976804001075,4
191976804001076,4
191976804001077,4
191976804001078,4
191976804001079,4
191976804001080,4
191976804001081,4
191976804001082,4
191976804001085,4
191976804001091,4
191976804001336,4
191976804001339,4
191976804001035,4
191976804001036,4
191976804001083,4
191976804001084,4
191976804001086,4
191976804001087,4
191976804001088,4
191976804001089,4
191976804001090,4
191976804001092,4
191976804001093,4
191976804001094,4
191976804001095,4
191976804001096,4
191976804001097,4
191976804001098,4
191976804001099,4
191976804001100,4
191976804001101,4
191976804001102,4
191976804001103,4
191976804001104,4
191976804001105,4
191976804001110,4
191976804001111,4
191976804001112,4
191976804001113,4
191976804001114,4
191976804001115,4
191976804001116,4
191976804001117,4
191976804001118,4
191976804001119,4
191976804001120,4
191976804001121,4
191976804001122,4
191976804001123,4
191976804001124,4
191976804001125,4
191976804001126,4
191976804001127,4
191976804001128,4
191976804001129,4
191976804001130,4
191976804001133,4
191976804001134,4
191976804001135,4
191976804001136,4
191976804001137,4
191976804001138,4
191976804001139,4
191976804001141,4
191976804001142,4
191976804001143,4
191976804001144,4
191976804001145,4
191976804001146,4
191976804001147,4
191976804001148,4
191976804001149,4
191976804001150,4
191976804001151,4
191976804001152,4
191976804001153,4
191976804001154,4
191976804001155,4
191976804001156,4
191976804001157,4
191976804001158,4
191976804001162,4
191976804001163,4
191976804001173,4
191976804001174,4
191976804001175,4
191976804001176,4
191976804001216,4
191976804001335,4
191976804001159,4
191976804001160,4
191976804001161,4
191976804001168,4
191976804001169,4
191976804001170,4
191976804001171,4
191976804001172,4
191976804001218,4
191976804001219,4
191976804001220,4
191976804001221,4
191976804001222,4
191976804001223,4
191976804001224,4
191976804001225,4
191976804001226,4
191976804001227,4
191976804001228,4
191976804001229,4
191976804001230,4
191976804001231,4
191976804001232,4
191976804001233,4
191976804001234,4
191976804001235,4
191976804001236,4
191976804001237,4
191976804001238,4
191976804001239,4
191976804001240,4
191976804001241,4
191976804001242,4
191976804001283,4
191976804001284,4
191976804001294,4
191976804001295,4
191976804001296,4
191976804001297,4
191976804001298,4
191976804001299,4
191976804001300,4
191976804001301,4
191976804001302,4
191976804001303,4
191976804001304,4
191976804001306,4
191976804001307,4
191976804001308,4
191976804001309,4
191976804001310,4
191976804001311,4
191976804001312,4
191976804001313,4
191976804001314,4
191976804001315,4
191976804001316,4
191976804001317,4
191976804001318,4
191976804001319,4
191976804001320,4
191976804001325,4
191976804001326,4
191976804001327,4
191976804001328,4
191976804001329,4
191976804001330,4
191976804001331,4
191976804001332,4
191976804001333,4
191976804001334,4
191976804001177,4
191976804001178,4
191976804001179,4
191976804001180,4
191976804001181,4
191976804001182,4
191976804001183,4
191976804001184,4
191976804001185,4
191976804001186,4
191976804001187,4
191976804001188,4
191976804001189,4
191976804001190,4
191976804001191,4
191976804001192,4
191976804001193,4
191976804001194,4
191976804001195,4
191976804001196,4
191976804001197,4
191976804001198,4
191976804001199,4
191976804001200,4
191976804001201,4
191976804001202,4
191976804001203,4
191976804001204,4
191976804001205,4
191976804001206,4
191976804001207,4
191976804001208,4
191976804001209,4
191976804001210,4
191976804001211,4
191976804001212,4
191976804001213,4
191976804001214,4
191976804001215,4
191976804001217,4
191976804001337,4
191976804001338,4
191976804001243,4
191976804001251,4
191976804001252,4
191976804001253,4
191976804001254,4
191976804001255,4
191976804001256,4
191976804001257,4
191976804001258,4
191976804001259,4
191976804001260,4
191976804001261,4
191976804001262,4
191976804001263,4
191976804001264,4
191976804001265,4
191976804001266,4
191976804001267,4
191976804001268,4
191976804001269,4
191976804001270,4
191976804001271,4
191976804001272,4
191976804001273,4
191976804001274,4
191976804001275,4
191976804001276,4
191976804001277,4
191976804001278,4
191976804001279,4
191976804001280,4
191976804001281,4
191976804001282,4
191976804001285,4
191976804001286,4
191976804001287,4
191976804001288,4
191976804001289,4
191976804001290,4
191976804001291,4
191976804001292,4
191976804001293,4
191976804001305,4
191976804001321,4
191976804001322,4
191976804001323,4
191976804001324,4